Cod_setor;Situacao_setor;V001;V002;V003;V004;V005;V006;V007;V008;V009;V010;V011;V012;V013;V014;V015;V016;V017;V018;V019;V020;V021;V022;V023;V024;V025;V026;V027;V028;V029;V030;V031;V032;V033;V034;V035;V036;V037;V038;V039;V040;V041;V042;V043;V044;V045;V046;V047;V048;V049;V050;V051;V052;V053;V054;V055;V056;V057;V058;V059;V060;V061;V062;V063;V064;V065;V066;V067;V068;V069;V070;V071;V072;V073;V074;V075;V076;V077;V078;V079;V080;V081;V082;V083;V084;V085;V086;V087;V088;V089;V090;V091;V092;V093;V094;V095;V096;V097;V098;V099;V100;V101;V102;V103;V104;V105;V106;V107;V108;V109;V110;V111;V112;V113;V114;V115;V116;V117;V118;V119;V120;V121;V122;V123;V124;V125;V126;V127;V128;V129;V130;V131;V132;V133;V134;
280010005000001;1;897;891;267;191;272;96;9;11;2;0;34;1;5;0;8;1;0;0;0;0;0;12;6;0;0;1;0;1;1;1;0;0;0;2;14;20;11;25;13;26;20;12;17;20;25;20;19;23;21;19;12;11;8;18;17;7;19;15;15;12;15;21;19;22;15;19;13;16;20;11;16;11;13;18;14;13;8;11;11;10;5;7;3;8;7;9;8;3;4;4;7;5;3;6;5;4;6;3;5;6;4;0;4;3;2;2;4;4;1;1;1;2;1;2;0;1;2;1;1;0;1;3;0;0;0;0;0;0;0;0;1;0;0;1
280010005000002;1;431;431;139;85;94;44;3;7;4;0;36;1;7;1;6;2;2;0;0;0;0;7;1;1;0;0;0;0;0;2;2;0;0;1;6;4;4;7;6;3;7;6;3;3;6;6;9;10;8;11;7;9;8;10;13;6;15;9;8;5;4;7;4;3;8;5;5;10;8;4;2;5;4;9;5;4;4;6;4;4;5;8;5;4;1;6;5;6;6;3;1;2;4;3;2;4;4;2;1;6;2;4;2;6;4;5;4;6;2;0;4;1;0;4;2;0;0;0;3;0;0;1;1;0;0;0;0;1;0;0;0;0;0;0
280010005000003;1;484;484;139;90;145;47;12;5;3;0;28;0;8;0;7;0;0;0;0;0;0;8;0;1;0;1;1;0;1;0;3;0;0;1;9;10;6;6;11;9;15;8;7;11;13;6;13;16;9;11;11;14;12;13;10;10;6;14;9;8;12;9;7;8;7;6;2;4;4;8;0;3;3;8;6;7;3;6;4;4;4;3;5;8;3;6;4;3;4;3;2;1;4;2;3;1;2;2;1;3;3;1;0;2;3;1;2;0;5;2;1;1;1;2;0;2;2;0;0;1;0;0;0;0;2;0;1;0;2;0;0;0;0;0
280010005000004;8;377;377;112;69;122;26;1;1;15;0;11;1;16;0;3;0;0;0;0;0;0;7;0;0;0;1;0;0;2;2;1;1;0;0;11;11;5;10;5;6;10;6;10;3;10;14;10;7;12;8;9;5;8;8;5;5;5;8;10;7;5;9;5;6;7;7;7;1;6;6;3;3;4;4;6;2;2;4;4;4;4;3;2;2;1;1;2;4;2;1;4;1;2;3;3;4;4;1;3;3;1;2;1;0;2;0;1;0;0;1;3;0;3;0;0;0;1;0;0;0;0;1;0;0;0;1;0;0;0;0;0;0;0;0
280010005000005;8;58;58;20;9;12;6;0;1;1;0;4;0;5;0;0;0;0;0;0;0;0;1;0;0;0;0;0;0;0;1;0;0;0;0;1;0;1;1;1;0;0;1;1;0;0;1;1;0;3;1;1;1;1;0;1;1;0;1;2;0;0;1;0;2;0;0;0;1;1;0;1;0;1;0;0;0;1;2;1;2;2;2;1;1;0;3;0;1;0;1;1;0;0;2;1;2;0;1;1;1;0;0;0;1;0;0;0;0;1;0;0;1;0;1;0;0;0;0;0;0;0;0;0;0;0;0;0;0;0;0;0;0;0;0
280010005000006;1;28;28;9;8;8;1;0;0;0;0;0;0;0;0;0;0;2;0;0;0;0;2;1;0;0;0;0;0;0;0;0;0;1;0;0;1;0;0;0;0;0;0;0;0;1;2;0;0;0;1;0;0;1;1;1;1;2;0;0;0;0;0;2;2;0;0;0;0;2;3;0;0;0;1;0;0;1;0;0;0;0;1;1;0;0;0;1;0;1;0;0;0;0;0;0;0;0;0;0;0;0;0;0;0;0;0;0;0;0;0;0;0;0;0;0;0;0;0;0;0;0;0;0;0;0;0;0;0;0;0;0;0;0;0
280020905000001;1;764;764;242;147;186;92;13;14;4;1;38;1;15;0;7;0;4;0;0;0;0;16;2;2;1;1;2;1;1;2;0;1;2;1;15;6;16;18;14;9;17;5;12;9;9;12;20;20;13;12;17;14;12;15;12;23;14;21;12;8;11;18;16;17;6;11;13;8;12;8;7;8;7;14;4;2;13;11;9;10;14;13;7;11;5;7;9;5;10;3;5;6;5;9;5;6;5;6;6;4;1;7;6;8;0;3;3;2;3;1;0;3;1;1;0;2;0;1;1;0;0;1;0;0;1;0;0;1;1;0;0;0;0;0
280020905000002;1;445;438;145;83;98;73;3;4;7;1;18;3;2;1;5;0;0;0;2;0;0;3;0;0;0;0;1;0;0;0;1;0;0;1;5;11;7;7;9;5;12;2;6;11;5;4;6;9;8;5;9;8;8;5;11;11;8;8;13;10;7;6;6;3;10;7;7;8;3;4;2;2;8;11;9;4;4;8;9;8;6;10;4;3;4;4;3;2;3;4;4;2;3;1;2;4;3;2;1;3;2;2;1;3;5;1;1;2;2;2;5;4;3;3;1;1;3;0;1;0;1;0;0;0;1;0;0;0;0;1;0;0;0;0
280020905000003;1;448;448;171;94;69;54;7;3;4;1;21;3;7;0;9;0;0;0;5;0;0;6;0;1;0;0;0;0;0;2;0;1;2;0;3;2;4;3;3;7;5;5;9;9;5;2;5;10;1;9;10;6;5;6;7;8;4;12;3;5;8;3;7;3;10;7;2;3;5;9;4;8;4;4;6;5;7;10;4;7;3;8;6;6;6;3;5;4;10;3;3;2;3;8;0;6;3;1;5;7;5;4;8;5;7;2;6;8;1;2;5;6;2;2;3;1;2;1;1;2;4;1;4;1;0;1;1;0;1;0;0;0;0;0
280020905000004;1;1107;1084;315;188;241;163;21;17;9;1;92;0;11;1;23;1;8;0;0;0;14;20;2;4;1;1;2;0;0;3;5;0;1;1;14;17;8;21;16;18;19;14;19;28;22;25;29;15;28;22;16;24;21;24;30;19;14;23;18;14;22;16;16;18;12;18;20;18;23;14;19;16;11;17;16;15;16;7;14;10;15;8;8;6;11;10;3;7;5;9;7;12;8;8;7;9;9;7;10;6;4;2;8;6;1;6;1;6;6;5;4;2;3;8;1;0;2;7;0;0;2;0;1;1;1;2;0;0;0;2;1;1;1;2
280020905000005;1;611;611;179;113;152;90;4;7;6;3;45;1;7;1;2;1;0;0;0;0;0;2;0;0;0;0;1;0;1;0;0;0;0;0;13;8;12;9;12;13;5;12;10;12;9;10;11;8;17;16;15;11;15;9;10;13;11;17;5;7;12;13;7;6;5;11;2;9;8;12;5;8;8;12;10;10;5;9;9;7;4;4;7;10;4;7;3;10;9;7;4;7;4;7;3;3;2;6;3;6;5;2;2;2;4;2;4;2;0;2;1;2;1;4;0;0;3;0;0;2;0;0;0;0;0;1;1;0;0;0;1;0;0;0
280020905000006;1;1087;1087;340;215;257;139;16;11;10;2;58;0;16;2;14;2;3;0;2;0;0;16;2;1;0;2;5;1;1;1;0;1;1;1;13;23;16;27;19;18;17;21;18;20;18;18;13;15;25;34;18;22;17;19;26;16;21;23;32;22;21;15;12;24;14;13;17;18;17;12;11;11;16;8;10;10;11;12;13;10;9;17;12;12;13;8;6;14;11;5;11;6;5;10;7;7;7;9;7;6;7;3;3;3;4;4;5;8;7;4;4;4;2;5;4;2;5;1;4;0;0;1;0;0;1;0;0;0;0;1;1;0;0;0
280020905000007;1;773;773;251;163;196;73;6;7;3;1;38;1;10;1;15;6;2;0;0;0;0;10;1;1;1;2;0;2;0;1;0;1;0;1;13;11;8;13;10;13;9;16;11;10;18;12;11;10;13;10;14;13;17;13;15;10;15;12;18;14;10;8;9;11;8;16;6;6;8;12;9;15;11;14;11;7;9;11;14;14;10;9;10;8;9;7;5;10;10;7;6;9;6;6;6;9;5;9;5;7;3;6;3;6;0;2;5;8;6;1;1;1;3;4;4;6;2;1;3;0;4;0;0;1;1;1;0;0;0;0;0;0;0;0
280020905000008;1;586;583;187;126;160;48;5;6;7;2;18;1;7;0;11;3;1;0;1;0;1;6;0;1;0;1;0;1;0;0;1;0;2;0;6;8;9;4;5;7;6;12;3;9;6;6;7;11;15;15;11;12;13;8;17;12;9;4;6;7;8;9;10;7;9;9;4;8;11;8;8;7;14;7;13;8;9;7;13;10;7;5;9;6;10;7;4;9;7;4;3;7;3;4;3;6;9;9;2;2;7;2;1;6;3;2;2;3;2;3;3;7;1;2;1;3;1;2;1;2;0;0;1;0;0;0;0;0;0;1;1;0;0;0
280020905000009;1;923;923;268;184;233;129;7;14;8;1;51;1;7;0;10;0;3;4;3;0;0;16;1;3;1;1;2;2;0;3;0;1;2;0;15;15;9;15;18;11;11;9;13;20;13;18;10;22;16;18;22;20;22;15;20;20;30;20;20;13;18;9;14;17;15;14;18;7;13;14;8;19;15;11;11;14;11;14;11;4;16;11;12;11;11;11;9;7;9;9;7;7;6;7;5;4;8;8;4;5;6;3;5;5;0;2;2;3;0;2;3;1;1;2;2;1;0;0;1;4;3;1;0;0;1;0;0;0;0;0;0;0;0;0
280020905000010;1;972;972;304;194;249;116;15;12;5;2;50;0;7;0;15;1;2;0;0;0;0;13;1;1;3;1;1;1;0;1;1;0;1;2;18;16;19;19;10;19;26;14;17;23;13;18;11;22;13;24;14;13;19;20;14;16;16;17;9;13;18;17;13;15;14;15;15;16;13;21;17;10;12;22;13;13;16;14;11;8;14;11;9;13;9;14;8;11;8;9;5;11;4;9;4;4;4;6;8;5;5;6;4;8;3;3;4;4;6;2;3;2;3;0;2;1;1;0;0;2;3;0;0;0;0;2;1;0;0;0;0;0;0;2
280020905000011;1;960;960;271;166;210;207;16;10;9;2;38;0;9;1;9;8;3;0;1;0;0;10;1;1;1;0;1;1;0;0;1;2;2;0;20;16;15;16;28;26;12;17;26;24;22;25;35;30;19;30;12;22;14;15;18;20;22;18;22;13;16;13;12;28;16;16;20;13;16;14;13;13;13;17;9;9;14;6;9;6;5;9;7;12;9;11;8;7;1;5;2;4;3;5;7;2;4;2;2;3;1;4;3;5;1;1;1;1;1;0;3;1;1;2;1;0;0;0;1;0;0;0;1;0;0;0;0;2;0;1;0;0;1;0
280020905000012;1;554;552;160;103;131;81;22;3;5;2;34;0;4;0;9;0;0;0;0;0;0;5;0;0;1;1;0;1;2;0;0;0;0;0;13;17;7;11;13;10;8;16;12;13;14;11;11;15;11;12;10;9;9;12;10;9;9;11;11;11;7;8;12;8;4;10;10;9;11;7;8;5;9;13;6;6;5;2;6;8;1;6;0;2;3;2;2;4;7;3;4;2;4;7;3;4;2;3;5;4;3;3;2;4;1;2;2;1;0;1;2;0;4;4;0;0;0;1;0;0;1;0;0;0;0;0;0;1;0;0;0;0;0;0
280020905000013;8;697;697;188;120;212;96;2;7;10;0;44;1;10;1;5;1;0;0;0;0;0;15;1;1;1;0;1;3;1;4;0;0;0;3;12;7;14;13;16;7;15;17;15;8;19;19;19;21;21;10;15;19;13;16;19;19;8;11;9;6;11;9;9;12;7;10;10;7;7;12;7;9;6;8;5;9;6;12;3;13;7;6;4;6;7;6;8;9;6;7;4;5;2;4;5;6;1;8;2;3;5;3;1;2;2;1;2;2;3;1;1;0;1;0;4;0;2;0;0;1;0;1;1;0;0;1;1;0;0;0;0;0;1;0
280020905000014;5;531;531;158;103;149;56;10;11;2;2;31;0;5;0;4;0;0;0;0;0;0;7;0;2;1;0;1;0;2;0;0;0;0;1;5;10;5;10;9;11;7;13;4;12;13;10;4;11;10;15;11;11;9;10;12;5;10;7;6;7;11;8;12;8;8;11;2;11;5;8;8;5;5;11;1;2;6;7;2;6;6;9;8;3;1;8;5;3;6;4;6;6;10;3;4;6;6;6;5;1;3;2;6;3;2;6;1;2;0;2;1;3;2;0;0;1;2;0;3;1;1;0;0;0;0;0;1;1;0;0;0;1;0;0
280020905000015;8;266;266;69;48;83;48;7;4;0;0;6;0;0;1;0;0;0;0;0;0;0;11;0;2;3;2;0;0;2;0;0;1;0;1;4;7;6;7;4;3;5;9;11;10;6;7;8;6;12;8;3;2;3;7;3;3;2;5;6;4;5;2;2;8;6;2;11;3;3;3;2;4;6;4;0;2;4;0;2;2;1;1;1;0;1;1;2;2;2;3;0;3;0;1;0;2;0;1;1;0;2;0;0;0;2;0;0;2;1;0;1;0;0;0;0;0;2;0;0;1;0;0;0;0;0;0;0;0;0;0;0;0;0;0
280020905000016;5;523;523;121;80;209;67;7;5;3;0;26;0;3;0;2;0;0;0;0;0;0;14;1;4;0;1;4;0;0;0;0;1;1;2;10;8;11;13;18;10;10;11;17;17;17;17;19;11;16;11;17;12;10;12;6;6;8;8;5;7;6;7;5;3;6;3;6;5;6;8;5;7;5;12;2;7;2;4;4;3;6;3;6;3;4;3;5;1;7;3;2;3;0;4;2;0;3;4;2;0;0;2;4;5;1;2;0;5;2;1;1;2;1;0;1;1;1;2;1;0;0;0;1;0;1;0;0;1;0;0;0;0;0;0
280020905000017;5;323;320;111;77;84;27;3;1;2;0;14;0;2;0;2;0;0;0;0;0;0;2;0;0;0;0;1;0;0;1;0;0;0;0;6;6;3;8;2;4;4;5;7;7;7;5;11;2;9;5;7;3;4;3;5;6;4;2;4;2;8;10;5;5;8;5;4;5;5;7;3;2;1;5;2;4;3;2;2;3;0;4;0;3;1;6;3;6;5;4;6;2;3;5;4;5;2;4;1;5;1;3;1;3;3;3;0;2;1;0;2;0;3;0;0;2;2;2;0;1;0;1;1;0;0;0;0;1;0;0;0;0;0;0
280020905000018;5;179;179;51;40;68;6;1;1;2;0;8;0;0;0;1;1;0;0;0;0;0;2;0;1;0;1;0;0;0;0;0;0;0;0;5;2;0;2;2;2;1;3;2;5;2;3;1;3;8;3;4;4;4;2;4;3;2;4;1;3;2;5;2;2;1;2;1;1;4;1;4;2;2;2;1;3;1;1;0;4;2;4;0;2;0;5;3;4;2;1;4;3;0;0;0;3;3;1;3;1;1;3;2;2;2;0;3;0;0;0;0;0;0;1;0;1;0;2;1;0;1;0;0;0;0;0;0;0;0;1;0;0;0;0
280020905000019;8;597;597;173;108;154;69;12;6;8;2;39;1;15;2;8;0;0;0;0;0;0;6;1;0;0;1;0;0;0;0;0;1;2;1;11;12;11;12;10;13;6;9;9;12;16;14;12;16;9;8;12;8;7;10;9;13;13;12;8;10;12;5;5;19;12;8;9;9;3;12;11;4;6;9;7;0;5;9;9;7;5;6;6;6;2;5;4;6;6;3;10;3;7;3;5;6;3;4;5;2;4;5;3;2;3;3;1;3;5;0;1;3;3;4;2;1;1;1;0;2;0;0;0;1;0;0;1;0;0;0;0;0;0;2
280020905000020;8;592;590;184;105;146;84;19;6;6;0;31;0;4;0;6;0;1;0;0;0;0;5;1;1;0;0;0;0;1;0;0;0;2;0;6;11;8;17;11;10;6;19;11;12;16;6;15;17;8;7;14;12;11;9;9;12;7;13;3;5;6;8;6;9;11;7;16;12;13;5;6;6;7;7;4;6;5;12;7;8;7;6;10;8;3;5;7;4;7;3;4;5;8;4;2;3;4;7;8;3;5;2;2;2;2;1;2;7;3;1;4;3;2;1;1;0;0;1;2;0;1;0;0;1;0;0;0;0;0;0;0;0;0;0
280020905000021;8;628;628;188;118;177;87;6;3;1;1;34;0;4;1;6;1;0;0;1;0;0;7;0;0;0;0;0;0;2;0;1;2;2;0;7;15;8;6;10;6;9;19;13;7;21;15;13;13;20;18;15;8;14;15;14;11;7;11;4;8;4;10;7;13;5;12;7;7;6;8;13;3;4;9;6;9;5;10;9;5;5;7;5;4;4;4;6;5;2;6;1;8;2;6;6;6;5;5;4;6;4;1;5;3;7;2;4;5;5;3;2;3;2;1;2;2;1;1;5;0;1;0;0;0;1;1;0;0;0;2;0;0;0;2
280020905000022;5;235;235;78;50;65;24;5;3;2;0;6;0;1;0;0;0;1;0;0;0;0;3;0;0;0;0;0;1;0;0;0;0;1;1;4;3;6;1;6;4;4;2;1;4;6;5;4;3;6;6;6;2;3;3;4;5;5;7;0;4;3;2;5;3;2;2;6;1;3;6;5;0;10;3;0;4;2;3;2;2;3;6;3;4;1;0;3;7;1;2;3;2;3;2;2;1;1;3;1;2;0;1;1;1;0;1;0;2;1;0;1;1;0;1;0;0;0;0;1;0;0;0;1;0;0;0;1;0;1;0;0;0;0;0
280020905000023;8;219;219;62;41;74;25;3;3;0;1;8;0;0;0;2;0;0;0;0;0;0;2;1;0;0;1;0;0;0;0;0;0;0;0;4;4;2;4;6;5;4;6;7;2;5;6;3;6;7;3;5;7;2;2;1;4;3;3;0;1;2;3;9;2;4;4;2;5;1;1;2;4;1;3;3;3;2;0;5;2;1;3;1;2;3;2;4;1;2;2;4;3;0;1;0;1;0;1;2;1;1;2;0;3;0;2;5;2;3;1;0;1;0;1;0;0;0;0;0;1;0;0;0;0;0;0;1;0;0;0;0;0;0;0
280020905000024;8;193;193;59;42;71;11;1;0;1;0;7;0;1;0;0;0;0;0;0;0;0;2;0;0;1;0;0;0;1;0;0;0;0;0;1;4;2;2;3;2;4;3;4;6;5;4;7;5;6;5;7;4;1;5;1;3;2;2;0;2;0;0;4;5;2;1;2;1;2;2;6;3;4;0;2;2;1;0;4;1;2;4;1;3;1;4;4;1;1;0;2;1;2;1;4;1;1;4;3;3;1;0;1;1;1;0;2;1;0;1;0;0;0;1;1;0;1;1;0;0;1;0;0;2;0;0;0;0;0;0;0;0;1;0
280020905000025;5;386;386;116;61;102;64;9;2;3;0;18;1;3;0;6;0;1;0;0;0;0;6;2;0;0;0;1;2;0;1;0;0;0;0;5;7;10;7;6;5;6;5;11;11;10;10;8;9;11;8;14;5;8;6;3;13;4;1;10;7;11;5;4;5;11;8;6;1;6;5;8;5;3;4;2;1;4;2;7;4;2;4;1;3;1;2;0;1;9;1;2;3;3;2;5;1;1;2;0;1;4;1;2;5;1;1;2;0;1;1;2;3;3;0;0;1;1;2;1;0;1;0;0;1;0;0;0;0;0;0;0;1;0;0
280020905000026;8;668;668;193;130;191;83;13;7;5;0;36;3;2;0;4;1;0;0;0;0;0;9;0;0;1;3;0;0;1;0;0;1;0;3;10;13;13;15;10;15;13;15;19;15;18;15;18;11;13;12;17;16;12;8;13;4;8;9;6;8;5;12;6;10;14;8;10;12;8;9;8;6;10;10;11;6;7;12;8;8;4;8;4;5;4;6;3;4;5;4;6;2;3;5;3;4;4;4;6;9;3;5;6;8;6;7;3;4;1;3;0;2;0;1;1;1;2;1;1;1;0;0;1;1;1;0;0;0;0;0;0;0;0;1
280020905000027;5;270;270;72;54;93;21;0;3;3;0;18;0;3;0;3;0;0;0;0;0;0;3;0;0;0;1;0;0;0;1;0;0;0;1;4;8;1;3;3;5;8;6;4;8;7;6;10;7;9;8;7;4;6;5;5;8;5;1;3;1;2;6;6;0;3;3;3;3;3;3;1;1;3;5;3;5;2;4;5;2;5;1;4;2;3;1;3;2;0;3;1;3;2;2;1;3;2;3;3;1;2;0;2;5;1;1;2;0;0;0;2;0;0;1;0;0;0;0;0;0;0;1;0;0;0;0;0;0;0;0;0;0;0;0
280020905000028;8;626;626;176;126;217;53;3;10;2;0;27;0;5;0;5;2;0;0;0;0;0;6;1;3;0;0;0;1;0;0;0;0;0;1;6;10;5;9;14;9;11;16;14;17;17;18;14;13;19;10;22;8;10;12;12;9;11;7;10;5;7;7;5;12;7;10;8;10;11;8;6;6;8;8;9;2;10;3;5;5;5;8;4;11;5;7;4;6;6;10;5;10;6;4;3;4;6;4;8;4;1;4;3;6;3;4;2;0;4;2;0;0;1;0;4;0;0;2;1;1;1;1;0;0;0;2;2;0;0;0;1;0;0;0
280020905000029;8;428;428;118;83;159;37;2;7;1;0;8;2;4;0;7;0;0;0;0;0;0;3;0;1;0;0;1;0;0;0;0;1;0;0;4;6;6;6;9;4;8;12;11;6;12;6;14;9;9;13;13;9;8;8;5;14;7;6;4;5;8;9;8;8;4;7;8;5;5;2;5;3;6;2;3;8;7;0;4;8;9;5;5;6;1;2;5;8;1;6;3;8;4;2;5;3;2;1;1;2;2;1;3;1;3;1;1;1;1;1;0;1;0;1;0;0;2;0;0;0;1;1;0;1;0;0;0;0;0;0;0;0;0;0
280020905000030;5;177;173;50;33;66;16;0;3;1;1;7;0;0;0;0;0;0;0;0;0;0;0;0;0;0;0;0;0;0;0;0;0;0;0;3;3;5;1;2;2;1;5;2;4;2;3;3;8;6;5;4;2;6;6;3;1;4;3;1;3;2;1;0;0;3;1;3;2;4;1;2;4;2;3;2;3;2;2;2;3;1;3;5;6;0;1;1;1;3;1;2;0;1;3;2;0;1;1;2;0;0;0;1;1;0;1;2;0;2;0;0;1;0;0;0;3;0;0;0;0;0;0;1;0;1;0;0;0;0;0;0;0;0;0
280020905000031;5;146;146;42;32;56;6;6;0;1;0;1;0;2;0;0;0;0;0;0;0;0;0;0;0;0;0;0;0;0;0;0;0;0;0;1;4;3;1;2;0;4;4;1;7;4;4;3;5;2;3;0;1;3;4;7;2;5;4;2;2;3;0;1;3;2;3;2;4;2;1;3;2;2;2;6;2;0;1;1;3;2;1;2;1;2;1;0;0;0;2;1;1;3;0;0;0;0;0;0;1;0;2;0;0;0;1;0;0;1;1;1;1;0;0;1;0;0;0;0;0;0;0;0;0;0;0;0;0;0;0;0;0;0;0
280020905000032;5;280;280;88;71;70;21;9;2;0;2;14;0;1;0;2;0;0;0;0;0;0;3;0;1;1;0;1;0;0;0;0;0;0;0;6;3;4;6;4;2;7;7;3;3;4;6;3;4;7;5;5;5;4;6;4;3;8;4;5;2;8;3;5;7;7;1;2;3;1;2;1;2;5;3;4;1;3;2;4;4;2;3;5;2;4;6;4;5;3;4;3;2;2;4;4;3;5;2;3;3;1;3;1;4;1;2;0;2;1;1;0;0;0;0;0;0;1;0;0;0;0;1;1;0;0;1;0;0;0;0;0;0;0;0
280020905000033;5;180;176;61;33;47;26;2;2;1;0;4;0;2;0;1;1;0;0;0;0;0;1;0;0;0;1;0;0;0;0;0;0;0;0;9;2;1;2;3;5;4;2;2;4;1;6;3;3;3;6;2;3;3;6;1;4;4;5;1;3;1;0;1;5;2;3;2;1;1;7;0;1;1;5;2;1;4;0;0;1;2;2;2;3;4;1;1;2;1;3;4;0;2;4;1;3;1;2;1;2;1;2;0;0;1;1;1;1;1;0;0;0;0;0;0;0;0;1;1;1;0;0;1;0;0;0;0;0;0;0;0;0;0;0
280020905000034;5;160;160;43;31;44;22;2;4;1;1;11;0;1;0;0;0;0;0;0;0;0;5;0;1;1;1;0;0;0;1;0;0;1;0;2;3;7;3;3;4;3;3;1;1;6;3;4;2;1;6;3;2;1;0;3;3;7;4;7;0;8;3;3;5;2;1;2;2;2;1;0;1;0;0;3;1;1;0;1;2;3;0;3;2;1;2;2;2;1;1;0;5;0;3;0;1;1;0;2;0;1;1;0;2;0;0;0;0;0;0;0;0;0;0;1;0;0;1;0;0;0;0;0;0;0;0;0;0;0;0;0;0;0;0
280020905000035;5;221;221;50;36;69;50;1;0;0;1;10;0;0;0;4;0;0;0;0;0;0;4;0;0;0;1;0;0;0;1;0;0;1;1;4;3;2;6;4;2;8;1;6;4;11;8;7;8;6;12;3;3;7;2;5;0;4;1;1;1;3;0;4;6;2;6;1;4;3;2;5;1;2;3;2;4;5;1;2;4;1;2;0;2;0;0;0;3;1;1;2;3;0;1;0;0;1;1;0;1;1;1;1;1;0;0;3;1;1;0;1;0;1;1;0;0;1;0;1;1;1;0;0;1;0;0;0;0;1;0;0;1;0;0
280020905000036;5;74;74;25;12;16;12;1;1;0;0;3;0;0;0;0;0;4;0;0;0;0;1;0;0;0;0;0;1;0;0;0;0;0;0;1;1;1;0;0;2;0;0;1;2;4;1;2;3;2;3;0;0;1;2;0;2;0;1;1;3;2;2;1;1;1;1;2;2;4;0;2;0;1;3;1;1;1;0;0;0;0;0;1;2;0;1;3;0;0;2;0;0;0;0;0;0;0;0;0;0;0;0;0;0;2;1;0;0;1;0;0;0;0;1;0;0;0;0;0;0;0;1;0;0;0;0;0;0;0;0;0;0;0;0
280020905000037;1;813;813;250;172;225;89;19;8;7;1;26;1;7;0;8;0;0;0;0;0;0;18;2;3;0;3;1;0;1;1;2;2;1;2;15;16;12;21;11;16;20;15;22;21;17;18;11;11;16;13;9;12;8;13;16;10;11;28;17;18;24;18;20;20;19;17;16;13;10;11;11;11;8;12;8;8;8;8;6;7;6;6;8;6;7;3;3;6;8;4;3;4;2;3;5;5;5;3;5;4;4;1;1;6;2;3;1;3;1;5;5;3;2;1;1;0;1;1;1;1;1;1;0;1;0;0;1;0;0;0;0;0;0;0
280020905000038;1;1027;1027;310;186;256;151;34;3;5;1;42;4;10;0;18;7;0;0;0;0;0;21;1;1;3;4;3;0;1;3;0;1;3;1;19;20;14;19;27;28;20;24;16;22;20;32;25;33;23;17;23;16;17;17;31;17;26;17;13;19;17;13;17;24;19;18;12;12;12;13;12;16;11;8;17;13;6;9;11;14;5;13;7;13;14;5;5;5;4;4;5;4;6;8;2;5;4;4;5;6;5;4;5;6;0;2;4;3;2;3;4;3;1;2;2;1;2;0;2;0;0;0;0;0;0;0;0;0;2;0;0;0;0;0
280020905000039;1;387;387;127;77;82;70;10;0;2;0;5;3;5;0;2;3;1;0;0;0;0;11;3;0;0;1;1;0;1;0;1;2;1;1;11;13;12;11;13;8;9;7;11;8;6;8;6;5;7;9;10;4;4;6;8;14;10;11;5;12;15;13;8;9;6;4;4;7;9;7;5;3;4;4;5;1;8;1;2;4;1;1;3;3;0;0;0;0;4;1;1;4;1;0;0;0;0;0;1;1;0;1;2;1;0;1;0;0;0;0;0;1;0;0;1;1;0;0;0;0;0;0;0;0;0;0;0;0;0;0;0;0;0;0
280030805000001;1;72;72;20;12;15;5;0;1;1;1;4;0;6;0;6;1;0;0;0;0;0;0;0;0;0;0;0;0;0;0;0;0;0;0;3;3;1;0;0;0;1;0;0;0;0;0;0;1;0;2;1;1;0;3;0;3;0;3;2;1;0;1;1;2;0;0;0;0;1;1;0;0;2;3;0;0;1;0;2;2;3;2;0;2;0;1;1;2;1;1;0;0;1;1;1;3;0;1;0;0;0;0;0;1;0;0;1;0;1;0;0;1;0;0;0;0;0;0;2;1;1;0;1;0;1;0;0;0;0;0;0;1;0;0
280030805000002;1;254;254;114;41;19;40;0;2;2;0;6;0;10;0;6;14;0;0;0;0;0;2;0;0;0;0;1;0;0;0;0;0;0;1;4;2;3;2;1;2;0;6;3;2;5;2;3;4;5;6;4;4;5;6;6;4;4;3;2;5;5;6;8;7;5;6;7;4;8;1;4;4;4;7;1;6;5;3;1;2;2;4;2;2;1;2;2;2;2;4;3;3;0;5;2;3;1;1;3;3;2;2;2;3;1;0;3;0;1;3;0;0;0;0;0;0;0;0;0;0;0;0;0;0;0;1;0;0;0;0;0;0;0;0
280030805000003;1;44;44;12;7;6;4;2;0;2;0;1;0;10;0;0;0;0;0;0;0;0;1;0;0;0;0;1;0;0;0;0;0;0;0;1;0;0;0;0;1;0;2;0;1;1;1;1;0;0;1;1;0;1;0;0;1;0;0;1;5;1;1;1;0;0;2;1;2;0;0;0;0;1;2;0;0;1;1;1;0;0;1;1;3;1;0;0;0;1;1;0;0;1;1;0;0;0;0;0;0;0;0;0;0;0;0;0;0;0;0;0;0;0;1;0;0;0;0;0;0;0;0;0;0;0;0;0;0;0;0;0;0;0;0
280030805000004;1;131;131;40;24;26;18;2;1;0;0;11;0;2;0;2;1;0;0;4;0;0;1;0;0;0;0;0;0;1;0;0;0;0;0;1;0;0;3;1;4;0;1;1;1;0;3;2;3;3;1;5;3;0;2;2;2;2;2;2;4;1;2;2;3;1;1;1;0;1;0;0;2;3;4;2;1;1;2;3;2;2;3;2;3;0;1;4;1;1;1;3;1;0;2;0;0;0;1;1;1;0;0;2;2;0;0;2;2;0;0;0;1;0;1;2;2;2;1;2;3;1;0;0;0;0;0;0;0;0;0;0;0;0;0
280030805000005;1;195;194;63;48;44;9;8;2;1;0;5;1;2;0;0;1;0;0;11;0;0;0;0;0;0;0;0;0;0;0;0;0;0;0;1;1;0;0;2;2;3;2;2;7;3;5;4;4;1;1;3;1;4;7;1;4;2;1;3;1;3;4;3;4;2;3;2;3;7;2;0;6;3;4;5;2;0;4;1;3;2;2;0;8;2;2;2;5;4;0;1;2;0;3;1;3;1;1;0;0;3;1;3;1;3;1;3;3;1;0;1;3;1;0;1;2;1;0;1;0;0;0;0;0;0;1;0;0;0;0;0;0;0;0
280030805000006;1;770;765;259;130;143;66;10;8;6;0;29;0;30;0;36;3;19;0;25;1;0;6;0;0;0;2;1;0;0;1;0;2;0;0;4;3;4;8;5;5;4;4;7;6;7;9;10;5;6;8;5;12;17;10;17;19;9;14;11;12;15;13;8;12;15;6;12;8;10;11;11;7;15;12;3;10;11;10;11;9;9;7;12;12;8;14;9;8;3;10;14;12;7;12;10;6;8;6;12;4;11;13;8;13;5;10;9;8;6;4;6;7;2;4;3;2;2;3;4;2;3;8;4;2;1;0;2;2;2;1;3;0;1;0
280030805000007;1;615;615;216;97;110;63;7;5;6;0;28;3;16;0;14;9;7;23;9;2;0;0;0;0;0;0;0;0;0;0;0;0;0;0;2;5;2;4;7;5;2;6;5;3;7;8;10;6;5;12;7;13;17;16;10;14;10;14;11;14;10;8;9;10;5;11;11;6;13;5;6;14;8;3;8;8;16;4;9;15;5;9;10;7;8;12;10;5;11;4;2;8;5;9;8;4;5;4;4;4;4;2;4;4;7;5;3;10;4;1;1;8;4;3;4;5;2;4;4;1;2;0;0;1;0;2;0;1;0;0;1;0;0;0
280030805000008;1;463;463;165;69;74;61;6;4;9;0;15;0;21;0;14;4;3;0;18;0;0;3;0;0;0;0;0;0;0;0;0;1;1;1;3;2;2;2;2;1;3;6;5;3;7;6;9;5;7;3;9;5;4;4;6;10;9;11;7;7;7;4;8;4;7;3;7;8;5;8;4;10;7;14;7;5;5;10;6;9;10;5;10;7;2;2;6;5;8;5;2;5;5;10;5;1;5;3;4;1;6;3;5;3;5;4;1;3;3;5;7;1;7;3;4;4;3;0;1;3;1;1;3;1;2;2;0;1;0;1;0;0;0;0
280030805000009;1;559;558;192;80;89;78;4;8;9;3;37;3;21;0;9;1;9;0;16;0;0;2;0;0;0;1;0;0;0;0;0;0;1;0;6;1;3;3;1;5;0;3;6;8;4;5;5;9;9;6;9;6;14;10;14;13;5;12;8;11;8;7;15;10;10;5;7;8;2;2;3;7;6;7;6;6;13;10;4;6;9;10;6;6;8;6;7;8;9;7;12;8;5;10;6;5;3;7;2;3;7;4;5;3;5;5;4;5;3;5;3;6;5;3;6;6;4;3;5;4;2;1;4;2;1;0;0;0;0;1;0;0;0;0
280030805000010;1;727;720;252;104;123;100;7;10;14;0;38;1;31;1;32;0;8;0;5;1;0;4;1;0;0;1;1;0;0;1;0;0;0;0;8;4;9;6;6;8;10;7;10;9;9;9;6;15;14;10;9;14;14;17;17;16;13;14;9;17;8;10;15;13;15;16;11;12;11;11;8;5;9;17;4;7;7;7;17;7;16;8;5;15;8;8;6;9;10;7;2;8;5;8;3;6;4;6;5;9;4;5;4;3;3;1;2;7;3;0;3;3;1;7;4;3;3;4;1;2;2;2;2;1;5;2;2;3;1;1;1;0;0;0
280030805000011;1;171;171;57;23;16;35;0;5;1;0;8;0;6;0;10;5;4;0;1;0;0;0;0;0;0;0;0;0;0;0;0;0;0;0;1;0;0;0;0;2;0;1;2;3;0;1;3;2;2;2;1;4;1;2;3;7;5;5;1;4;5;3;3;2;0;2;1;2;2;1;2;4;4;0;4;5;1;1;7;1;3;2;3;5;5;3;2;0;0;2;1;2;1;6;0;0;1;1;1;1;1;2;1;3;1;0;1;0;0;5;4;0;2;1;1;0;2;2;0;1;1;0;0;2;0;0;0;0;0;0;0;0;0;0
280030805000012;1;549;549;250;71;38;89;3;5;6;0;20;0;13;0;29;0;22;2;1;0;0;4;1;0;0;0;0;0;0;1;0;0;1;1;1;4;2;1;1;5;9;3;3;3;7;5;5;10;8;4;10;14;4;13;14;13;13;11;12;14;8;8;9;11;13;8;10;8;11;4;8;10;7;4;7;10;11;7;6;11;13;12;4;6;10;2;13;6;5;5;6;4;4;2;4;2;8;4;5;2;6;5;2;3;4;3;2;5;5;3;4;3;4;4;2;3;2;2;1;0;0;0;0;1;2;0;0;0;0;2;0;0;0;0
280030805000013;1;597;595;203;84;81;98;2;5;9;3;44;4;21;0;16;11;1;3;9;1;2;5;0;0;0;1;0;0;2;1;0;0;1;0;7;3;4;4;4;6;4;6;3;7;6;2;7;11;5;7;10;8;11;7;16;14;12;16;7;12;17;9;9;5;6;7;10;9;6;8;11;7;3;6;9;9;6;5;12;11;13;3;5;8;3;4;4;4;12;7;6;6;12;5;6;6;12;9;6;5;2;5;8;5;1;5;3;6;7;3;6;3;2;3;2;2;3;4;0;2;4;2;3;2;1;3;0;1;1;0;1;0;0;2
280030805000014;1;579;579;191;84;111;71;1;6;8;2;42;5;20;0;22;6;4;0;6;0;0;4;0;1;1;0;0;0;1;0;1;0;0;0;7;4;7;11;2;7;10;9;6;12;11;3;10;3;10;12;7;14;13;11;7;7;11;12;12;10;6;11;15;10;11;6;8;11;8;7;6;8;9;10;3;3;13;10;7;9;11;7;4;7;4;4;10;3;3;8;4;5;6;7;4;10;5;5;1;3;1;6;4;2;2;5;2;3;4;5;3;2;6;2;3;4;3;1;2;1;2;0;0;0;0;0;1;1;0;0;0;0;0;0
280030805000015;1;910;907;292;112;112;144;8;6;24;4;66;4;43;0;52;18;15;1;8;0;1;7;0;0;2;0;0;0;0;2;0;0;1;2;6;8;9;5;8;10;10;6;12;14;17;14;12;12;11;15;19;16;13;13;20;11;17;22;9;17;14;18;19;27;11;17;13;17;4;11;13;7;13;21;17;8;11;14;10;11;10;14;16;7;14;8;9;5;16;10;6;7;7;10;2;11;5;2;7;9;5;8;9;8;13;7;5;3;3;7;4;6;5;6;5;4;0;8;2;1;5;2;0;2;1;2;1;2;1;0;0;1;0;0
280030805000016;1;936;936;300;133;99;204;10;18;18;2;63;4;41;1;24;12;4;0;3;0;0;7;1;0;0;1;2;0;0;2;0;1;0;0;10;16;13;10;11;10;12;7;13;9;17;7;12;12;5;19;10;9;16;16;24;19;19;17;19;18;19;21;17;29;23;10;18;16;18;15;19;6;7;10;15;16;12;9;15;10;9;8;7;16;8;6;13;10;3;9;8;6;9;12;10;14;9;7;5;13;3;10;9;5;3;6;1;9;4;0;2;3;3;4;0;1;3;4;4;5;0;3;0;3;1;1;2;2;0;0;1;0;0;0
280030805000017;1;397;397;146;84;80;29;3;3;3;4;11;0;6;0;2;3;7;1;15;0;0;0;0;0;0;0;0;0;0;0;0;0;0;0;0;2;2;3;2;3;4;4;1;2;3;3;1;1;5;7;4;5;6;4;7;5;8;5;4;6;5;9;5;4;5;8;2;4;5;6;7;4;4;6;3;6;7;8;5;7;3;3;6;12;1;5;3;3;8;8;3;5;6;6;7;5;4;4;3;5;3;6;2;1;10;3;4;2;5;0;3;5;5;2;7;5;4;4;2;1;1;2;4;1;1;2;1;2;0;0;0;0;1;1
280030805000018;1;545;545;182;97;105;51;4;3;3;3;26;0;9;0;8;1;4;0;44;5;0;3;0;0;0;0;0;1;0;0;0;0;2;0;4;6;4;5;3;4;5;3;4;7;4;7;2;6;6;6;9;10;7;9;7;8;9;5;9;11;8;20;17;8;7;7;2;6;7;11;6;7;9;6;7;3;4;8;8;5;3;6;7;4;8;7;9;6;11;6;7;11;7;6;5;8;7;8;4;5;4;3;5;3;5;6;3;5;5;3;4;5;3;6;7;4;3;5;1;3;3;0;2;0;1;0;0;0;1;0;0;0;0;1
280030805000019;1;631;631;205;116;143;67;3;7;3;1;21;2;6;0;13;2;5;0;37;0;0;5;1;0;0;1;0;0;0;0;0;1;1;1;4;7;3;2;5;4;2;3;9;9;7;11;7;6;7;7;8;10;11;12;10;11;16;13;10;7;10;9;13;15;8;4;10;9;9;10;9;13;6;11;8;14;10;7;7;10;11;8;6;3;5;9;11;12;9;11;9;6;6;4;4;4;7;7;9;5;3;4;5;4;3;7;1;7;4;3;7;6;4;5;0;5;4;2;2;3;2;1;2;0;1;1;1;0;0;0;0;0;0;0
280030805000020;1;392;392;115;59;68;40;3;3;5;4;29;1;9;0;23;2;1;0;28;2;0;3;0;1;0;0;0;0;1;0;0;0;1;0;7;2;4;3;2;4;3;0;3;3;2;3;7;4;4;5;4;8;8;10;5;7;9;12;9;6;7;4;10;4;6;3;6;7;5;8;5;6;1;7;6;4;4;4;2;1;6;7;9;2;1;4;7;7;5;6;6;5;5;1;4;4;1;0;2;2;3;3;2;4;7;5;2;3;3;0;4;3;1;3;5;5;4;1;1;3;2;1;2;0;1;1;1;0;0;0;0;0;0;1
280030805000021;1;705;705;232;101;125;99;3;1;7;3;31;1;13;0;28;0;17;0;43;1;0;2;0;0;0;0;0;0;0;0;0;1;0;1;1;8;4;7;5;7;5;5;7;6;7;6;10;9;12;13;6;8;10;8;23;15;12;11;12;9;10;12;12;14;8;12;6;13;9;12;8;12;15;7;13;6;9;5;13;10;8;3;9;5;10;8;10;7;12;7;10;7;8;3;4;11;8;7;7;3;4;10;4;12;7;8;8;6;5;3;2;7;5;5;5;6;2;3;4;1;1;1;3;2;3;0;1;3;1;0;0;0;1;1
280030805000022;1;654;654;217;92;105;83;2;8;15;2;39;0;17;0;23;1;3;0;46;1;0;6;0;0;0;0;3;0;0;0;3;0;0;0;2;7;4;2;1;5;2;9;3;13;7;7;11;10;7;11;10;8;4;13;12;17;14;12;8;12;9;11;10;13;11;9;8;7;6;9;12;8;6;9;13;11;7;3;12;3;13;6;5;11;4;6;3;10;10;6;10;6;6;10;8;8;9;8;5;4;2;3;2;7;4;4;10;3;3;4;4;4;5;3;6;6;7;3;4;6;2;1;3;5;3;0;1;1;0;1;1;1;2;1
280030805000023;1;604;604;180;89;115;99;1;7;7;2;45;0;16;0;25;0;9;0;9;0;0;3;1;0;0;0;0;0;0;0;1;0;0;1;4;1;3;3;5;3;7;9;6;5;8;4;13;9;8;7;7;7;4;8;13;15;10;12;15;11;9;10;8;7;7;17;13;3;9;4;9;4;5;12;6;13;9;8;9;6;7;7;8;7;10;13;9;9;5;11;7;5;6;9;4;11;4;6;5;4;5;6;5;2;4;5;4;6;4;4;4;4;3;4;0;5;6;2;3;0;5;3;1;0;0;1;1;0;1;0;0;0;0;1
280030805000024;1;413;413;124;57;75;65;2;5;5;1;34;1;20;0;17;3;0;0;4;0;0;2;0;0;0;0;0;0;1;0;0;1;0;0;2;2;1;2;5;1;3;5;1;4;5;6;2;5;4;6;9;9;4;9;7;7;8;5;5;4;7;4;6;4;6;3;3;4;6;6;5;4;2;7;7;6;6;2;5;2;7;4;5;3;6;6;8;9;5;4;7;9;4;8;7;7;5;2;3;1;8;2;5;3;3;1;7;3;3;3;2;6;3;4;6;2;5;3;5;0;1;0;1;1;3;4;0;0;0;0;0;0;1;0
280030805000025;1;485;485;155;67;85;68;2;10;6;3;39;1;4;0;15;6;17;0;7;0;0;6;0;1;0;0;0;1;0;0;2;1;0;1;5;5;2;2;2;2;3;4;1;4;4;3;7;5;3;5;4;9;8;14;9;14;9;12;13;5;10;3;8;7;4;10;4;4;7;5;4;5;2;12;9;9;7;7;10;7;5;5;8;9;3;6;7;5;6;8;7;5;5;5;3;8;3;4;3;7;4;1;1;6;4;4;2;2;1;2;6;1;2;8;8;3;6;2;2;1;3;1;2;1;1;0;1;0;1;0;1;1;0;1
280030805000026;1;761;747;247;117;138;89;4;6;6;3;46;2;21;0;14;9;10;0;35;0;14;3;0;1;0;0;0;0;0;0;1;1;0;0;7;7;5;5;8;6;9;2;10;8;9;8;14;11;7;6;8;10;17;13;14;13;20;17;17;12;12;10;14;19;13;11;13;7;6;12;9;10;8;18;10;10;9;12;8;4;12;10;18;10;9;6;13;15;13;12;3;7;11;2;11;5;10;3;8;5;6;4;1;0;5;9;6;3;4;3;4;3;5;2;1;8;5;6;7;1;3;0;2;3;1;2;0;1;0;0;1;1;0;0
280030805000027;1;715;709;202;141;164;56;5;3;6;3;24;1;9;0;6;8;5;0;79;3;0;3;0;0;1;0;0;0;0;0;0;1;0;1;10;8;7;7;4;2;7;5;4;7;5;5;6;7;8;8;10;11;10;11;10;11;13;10;10;20;11;11;16;20;10;12;14;12;10;14;11;4;11;8;8;8;4;10;15;12;8;8;12;9;10;12;16;4;6;11;7;8;20;10;8;7;9;6;5;7;6;12;8;4;4;8;4;4;1;5;3;3;4;5;2;4;1;3;2;4;0;1;0;2;0;0;1;0;0;1;0;0;0;0
280030805000028;1;572;572;185;103;102;80;9;4;11;3;20;0;6;0;10;0;0;0;39;0;0;3;0;1;0;1;0;0;0;0;0;1;0;0;4;8;1;7;5;4;3;3;3;9;4;8;8;4;7;7;5;7;11;8;11;7;15;20;12;6;6;6;14;10;16;10;4;10;12;7;7;6;5;14;8;3;4;13;6;9;13;1;5;5;7;6;6;8;5;11;8;6;5;5;6;5;5;8;6;4;6;4;5;5;1;3;1;2;8;4;4;4;1;5;5;4;6;6;2;1;2;1;2;1;2;2;0;0;0;0;0;0;0;0
280030805000029;1;876;875;255;142;154;132;2;9;11;3;46;3;45;0;29;1;11;0;31;2;0;5;0;0;1;0;0;1;0;0;0;0;3;0;5;5;6;5;5;5;6;9;1;8;9;5;10;9;11;11;9;12;18;19;13;21;22;25;20;13;14;18;20;15;13;18;14;11;7;12;10;17;8;9;4;15;5;10;10;13;9;16;10;13;11;14;9;9;17;15;15;14;11;7;10;7;8;9;8;8;9;8;7;11;10;8;6;5;1;8;6;4;3;3;2;6;2;5;5;4;1;1;1;1;2;2;1;2;0;0;1;0;1;0
280030805000030;1;597;597;200;132;145;44;8;2;4;1;19;0;12;0;8;22;0;0;0;0;0;5;0;0;0;0;2;0;0;1;0;1;0;1;3;5;4;1;6;7;4;8;4;6;5;11;9;10;4;11;5;9;7;6;13;12;8;10;9;9;6;10;10;7;3;7;7;9;5;12;6;5;6;10;7;11;6;6;12;7;8;16;8;10;11;9;10;9;5;7;13;6;5;7;7;10;11;6;6;6;11;9;4;2;4;9;8;8;2;2;1;4;2;2;2;2;3;2;0;1;2;0;3;0;0;0;0;0;0;1;0;0;0;0
280030805000031;1;616;616;196;117;145;49;7;4;14;3;25;0;14;0;11;1;1;0;27;2;0;8;2;0;0;1;1;2;0;1;1;0;0;0;4;10;6;3;2;9;7;8;3;9;3;7;4;5;6;5;8;11;11;8;8;15;18;15;6;13;8;18;13;9;12;9;9;3;4;7;4;10;6;8;9;6;10;7;9;7;6;8;12;12;9;7;8;15;12;6;12;12;2;3;4;6;10;4;5;8;5;4;3;8;3;4;7;6;3;3;2;3;6;2;4;2;2;1;5;0;0;0;0;1;0;0;0;0;0;1;0;0;0;0
280030805000032;1;727;724;243;126;161;93;5;6;7;1;24;1;7;0;17;8;4;0;24;0;0;7;2;0;0;0;0;0;2;1;0;0;2;0;4;1;2;6;1;5;3;5;6;8;11;7;4;5;7;10;7;8;10;9;15;24;15;13;15;18;11;17;22;11;10;14;9;9;6;4;6;5;5;9;9;10;9;11;6;17;7;10;11;9;16;9;17;9;15;12;17;12;12;15;8;8;13;9;8;6;10;7;3;4;5;3;3;2;5;1;1;4;4;3;3;4;4;5;1;0;1;1;0;2;0;0;0;1;0;0;1;0;0;0
280030805000033;1;564;564;209;109;94;81;1;2;10;2;14;1;9;0;3;1;2;0;25;1;0;6;0;1;0;0;0;0;2;0;0;1;2;0;7;1;3;5;3;3;1;3;7;3;6;1;3;5;8;8;11;8;9;9;16;11;8;11;12;7;7;10;11;7;10;8;7;8;7;10;8;10;8;6;2;4;11;10;5;11;17;7;12;9;4;12;12;6;8;9;8;12;8;9;4;6;8;5;6;5;5;5;5;2;5;5;0;3;4;4;2;0;2;3;2;3;2;2;1;1;1;2;0;1;0;0;2;0;0;0;0;0;0;0
280030805000034;1;968;968;286;187;231;146;0;3;10;4;31;0;15;1;16;8;5;0;25;0;0;2;0;0;0;1;1;0;0;0;0;0;0;0;5;9;7;8;0;6;2;6;12;7;6;11;13;13;11;17;20;16;19;10;21;21;20;37;15;18;21;13;20;28;11;12;12;8;11;8;9;7;8;9;5;10;7;7;15;16;13;21;19;20;23;14;15;14;16;19;16;13;21;13;11;14;11;8;11;10;9;12;13;6;2;7;3;5;4;4;3;2;1;3;0;5;1;2;2;3;3;3;2;0;0;1;0;0;0;0;1;0;0;0
280030805000035;1;841;841;272;154;189;118;7;4;6;1;30;0;10;0;18;0;10;0;22;0;0;4;0;1;0;0;0;0;0;0;1;0;0;2;9;11;4;5;5;8;9;9;6;10;11;10;4;9;11;10;13;11;15;17;23;18;22;12;14;14;16;16;25;16;18;12;12;12;5;9;6;7;9;9;6;15;8;13;3;13;16;18;19;8;12;11;12;15;17;13;10;9;16;13;10;9;6;13;12;9;6;3;6;5;1;7;5;5;5;3;1;2;2;3;0;1;2;3;2;1;0;2;0;0;2;1;0;0;0;0;0;1;0;0
280030805000036;1;732;732;220;122;173;104;11;5;6;1;31;0;9;0;12;9;1;0;28;0;0;6;0;0;1;0;0;0;1;1;0;2;0;1;3;7;4;7;8;6;8;6;10;8;5;11;12;7;8;13;12;13;17;13;16;19;10;22;20;12;17;9;14;9;12;11;16;6;7;4;5;7;11;5;6;9;14;11;12;11;10;12;10;19;13;5;13;14;15;12;8;6;8;8;7;10;7;6;4;6;5;2;3;4;4;3;1;1;5;5;5;4;1;2;1;3;2;1;1;1;1;1;1;1;0;2;0;0;0;0;0;0;0;0
280030805000037;1;349;349;99;51;58;56;3;2;11;2;24;0;8;1;17;1;0;0;15;1;0;0;0;0;0;0;0;0;0;0;0;0;0;0;1;0;1;2;2;1;4;3;1;2;4;2;3;3;3;2;7;0;4;6;7;8;7;13;10;4;10;6;4;6;4;5;3;3;4;4;1;3;4;6;5;6;4;6;5;5;4;2;5;3;4;3;8;7;9;4;9;5;7;9;4;1;5;7;1;3;2;4;3;5;4;2;2;2;1;2;3;2;2;4;1;1;2;0;3;1;3;0;1;1;1;0;1;0;1;0;0;0;0;1
280030805000038;1;598;594;177;114;135;73;9;5;7;2;34;1;10;0;16;3;0;0;10;2;0;4;0;0;0;0;1;0;0;0;1;0;0;2;3;4;5;8;3;6;5;4;4;5;5;9;6;6;12;3;13;3;9;9;10;7;8;14;8;12;10;7;15;9;13;10;8;7;9;9;9;9;8;8;9;8;4;11;9;11;5;9;8;13;6;8;5;6;8;6;6;9;13;7;14;9;5;9;6;2;8;8;10;4;2;1;5;3;4;1;4;0;1;3;6;2;2;3;1;1;1;1;0;1;3;0;1;0;0;0;0;0;0;0
280030805000039;1;769;769;215;142;186;92;3;3;7;1;43;2;25;0;32;8;0;0;10;0;0;6;0;1;0;1;0;0;0;1;2;0;0;1;4;6;6;5;1;9;4;4;2;6;3;8;7;9;10;4;14;17;7;9;13;14;18;13;19;18;12;17;22;11;7;18;10;14;7;14;8;8;11;5;4;6;4;12;13;14;9;8;11;12;9;7;10;9;6;12;10;19;11;9;12;14;15;13;6;14;12;7;6;7;9;7;4;4;4;5;3;2;4;4;3;2;1;4;4;3;1;0;2;1;0;1;0;0;0;0;0;0;0;0
280030805000040;1;675;675;207;132;179;61;2;4;10;0;31;0;7;0;7;2;2;0;30;1;0;4;2;1;0;0;0;0;0;0;0;0;1;0;2;3;1;3;3;2;5;9;4;15;3;4;5;5;8;10;8;9;10;12;15;17;15;15;12;20;12;18;11;22;9;14;6;7;5;3;4;5;12;8;4;5;9;8;9;6;13;8;10;10;8;12;10;12;11;14;11;5;10;15;10;13;8;10;9;8;3;7;5;3;6;4;4;2;4;2;2;7;4;1;2;3;5;0;1;3;1;1;0;1;0;1;0;0;0;0;0;0;0;0
280030805000041;1;738;738;210;126;180;83;7;13;6;3;42;1;15;1;20;2;5;2;22;0;0;4;0;0;0;0;0;1;1;1;0;1;0;0;4;5;7;6;5;4;14;7;2;2;2;6;13;3;10;8;15;16;21;19;20;20;15;11;19;9;10;16;11;10;5;7;12;11;13;6;9;5;13;15;9;10;6;10;15;8;12;10;13;19;12;12;10;9;13;7;5;6;12;13;12;7;3;6;6;5;6;4;8;0;1;7;1;6;4;2;4;6;3;5;2;7;1;2;0;2;1;1;2;0;0;0;2;0;0;1;0;0;0;0
280030805000042;1;863;863;273;143;134;112;5;11;35;2;26;1;47;1;32;0;8;0;33;0;0;9;2;1;1;0;0;1;0;1;3;0;0;0;11;8;5;12;6;6;7;17;8;15;5;7;12;8;5;4;16;8;11;13;10;21;17;22;25;15;22;14;15;18;20;15;12;14;17;17;6;11;13;10;17;14;6;9;17;12;9;10;11;6;10;9;11;10;8;12;10;10;11;15;11;8;5;10;10;4;9;8;5;6;2;8;6;4;10;3;2;2;4;3;2;4;2;0;1;0;2;4;2;0;1;0;0;1;0;0;0;0;0;0
280030805000043;1;1043;1042;304;237;357;87;8;3;7;2;12;0;4;1;7;3;0;0;11;0;0;7;2;0;0;0;1;1;0;0;0;1;1;1;14;11;8;9;10;11;16;19;17;16;19;15;12;15;17;22;15;17;18;16;13;22;12;19;17;17;19;18;15;15;19;15;13;12;18;13;16;15;11;23;17;27;15;19;15;25;20;13;21;16;12;18;15;13;10;17;9;15;9;8;13;12;11;5;9;9;6;4;3;3;4;1;4;1;1;3;1;1;1;1;4;0;1;1;1;2;0;0;0;0;1;0;0;0;0;0;0;0;0;0
280030805000044;1;762;762;233;175;249;51;2;2;7;1;13;0;7;1;7;0;0;0;11;3;0;9;1;1;1;1;1;0;2;0;1;0;1;0;6;15;10;6;13;13;8;12;11;10;5;9;8;13;10;20;8;11;13;19;18;14;11;12;11;9;6;9;15;9;9;11;12;11;12;11;17;12;16;13;14;13;14;11;18;11;11;18;14;15;5;13;9;5;14;10;7;8;4;5;5;5;3;6;6;4;6;3;4;2;4;4;2;1;1;2;3;2;2;2;3;0;1;1;1;0;1;2;0;0;0;0;0;0;0;0;0;0;0;0
280030805000045;1;1114;1112;339;238;305;96;13;8;7;6;24;0;11;0;17;6;0;0;42;2;0;14;4;0;2;0;0;0;1;0;3;1;3;0;8;12;7;18;12;16;10;18;8;12;15;12;23;12;18;13;24;22;13;23;23;19;23;19;22;14;20;16;23;16;13;26;12;21;20;20;16;21;14;26;17;25;16;12;17;13;19;18;24;16;16;22;14;15;18;18;10;9;12;10;8;8;10;4;6;9;6;8;6;1;5;3;2;3;2;1;1;1;3;1;2;1;1;1;3;0;0;1;0;1;1;0;0;0;0;0;0;0;0;0
280030805000046;1;455;454;125;91;108;54;7;5;7;3;22;0;10;1;11;1;1;0;9;0;0;7;0;0;0;1;1;0;1;2;1;0;1;0;7;9;13;5;10;4;3;2;5;12;7;6;7;7;4;11;5;6;4;5;12;6;10;14;11;7;11;4;6;17;12;3;8;12;8;6;9;8;5;4;8;12;7;8;6;2;12;6;8;8;7;6;3;3;7;2;5;3;3;2;2;4;1;4;1;0;0;2;1;1;0;0;2;2;1;1;0;0;0;1;0;0;1;0;1;0;0;0;0;0;0;0;0;0;0;0;0;0;0;0
280030805000047;1;693;692;195;115;144;91;4;9;8;3;58;0;18;0;27;0;7;0;13;1;0;3;0;0;1;0;1;0;0;0;1;0;0;0;2;5;3;7;6;6;4;6;6;9;12;8;9;10;12;13;17;8;8;13;7;14;13;11;10;17;11;9;14;6;13;17;5;9;14;7;9;8;4;7;13;11;7;6;14;11;12;10;11;14;9;12;6;5;11;7;11;6;8;16;8;5;7;5;9;7;4;7;2;8;6;6;1;5;4;8;4;3;2;3;3;4;2;1;3;0;1;0;0;1;0;0;0;0;0;1;0;0;0;1
280030805000048;1;761;761;209;131;203;85;1;15;12;1;50;1;9;0;25;0;0;0;19;0;0;5;0;0;0;0;0;1;0;0;0;2;1;1;6;5;4;3;8;3;4;9;4;5;4;8;8;9;17;7;10;13;6;16;16;11;19;18;9;13;11;25;11;15;12;11;16;19;9;6;8;9;14;11;12;5;6;7;9;8;9;7;6;10;6;9;11;8;11;9;11;10;10;17;11;12;17;7;11;9;8;8;7;5;3;11;3;9;2;0;3;1;5;8;3;2;4;1;3;2;2;1;0;0;2;1;2;0;0;0;0;0;0;0
280030805000049;1;286;286;74;55;95;27;1;2;0;4;11;1;2;0;13;1;0;0;0;0;0;0;0;0;0;0;0;0;0;0;0;0;0;0;1;3;0;0;0;3;0;0;4;4;2;5;1;2;3;7;6;3;5;6;4;10;6;8;8;6;8;6;7;5;2;3;2;5;3;3;1;4;0;4;6;2;2;5;2;5;7;2;4;4;6;5;4;4;7;2;4;4;4;3;5;5;3;9;2;3;0;0;2;3;3;3;1;5;0;1;1;0;1;0;1;0;0;1;0;1;0;1;2;0;0;0;0;0;1;0;0;0;0;0
280030805000050;1;761;761;259;151;170;86;9;0;8;4;11;0;21;0;10;8;8;0;16;0;0;6;0;0;2;0;1;1;0;0;0;0;2;0;11;8;6;10;10;7;6;7;6;8;3;3;11;13;19;19;11;13;17;18;18;21;20;9;11;13;21;14;7;11;13;16;12;17;12;14;13;14;12;15;8;9;18;12;10;12;16;12;14;12;18;8;7;8;10;10;6;6;6;3;7;6;4;2;2;3;5;2;2;3;3;6;0;0;3;0;1;1;2;1;0;1;1;0;0;1;0;0;1;0;0;1;0;1;0;0;2;0;0;0
280030805000051;1;895;895;300;189;229;91;5;0;5;3;10;0;20;0;19;1;6;0;17;0;0;7;1;0;1;1;1;0;1;0;1;0;0;1;6;8;11;7;9;5;4;9;6;11;9;6;13;7;16;11;14;15;20;16;11;20;21;24;18;21;16;15;20;23;11;20;12;14;8;9;17;16;12;13;8;17;13;11;16;16;11;6;15;14;15;15;18;18;18;7;14;12;7;8;4;7;7;8;9;8;5;4;10;3;2;3;6;5;1;4;5;3;1;2;3;1;0;0;0;1;0;1;1;0;1;0;0;0;0;0;0;0;0;0
280030805000052;1;702;699;256;124;129;76;4;4;16;1;16;0;24;0;16;5;15;0;16;0;0;6;1;1;0;1;0;1;0;0;0;0;1;1;5;4;10;4;3;12;10;3;10;11;7;5;8;6;13;15;11;13;7;16;10;19;12;15;11;14;15;16;15;21;15;14;11;11;14;8;20;12;11;19;10;11;14;7;16;10;13;9;9;9;12;3;11;14;8;9;5;3;3;5;6;4;3;3;3;4;2;4;4;0;4;2;1;2;2;0;1;2;0;1;1;0;2;0;2;3;1;1;0;0;0;0;0;0;0;1;0;0;0;0
280030805000053;1;769;769;247;120;148;110;2;6;14;1;20;0;33;2;37;0;18;0;11;0;0;5;0;0;0;0;0;0;0;1;0;0;2;2;5;1;2;5;4;6;5;6;4;9;7;9;8;11;21;19;22;21;17;24;18;24;17;32;15;17;18;11;17;10;12;13;10;12;13;7;10;1;11;5;11;16;10;9;11;17;14;18;9;18;11;10;6;8;15;7;6;11;8;5;7;4;9;2;4;0;2;4;6;2;0;4;0;2;4;1;1;1;2;3;0;2;3;0;1;0;0;1;0;0;0;0;0;0;0;0;0;0;0;0
280030805000054;1;865;865;303;112;148;151;5;6;8;2;32;0;35;0;29;6;26;0;2;0;0;7;0;0;2;1;0;1;1;0;1;0;1;0;7;9;7;11;7;4;10;10;7;5;6;11;7;7;14;11;19;16;20;15;23;25;28;27;29;15;11;19;25;23;12;17;19;11;9;10;5;12;7;19;12;16;9;11;12;16;15;19;16;13;13;14;10;3;2;11;11;10;10;10;8;7;2;2;5;5;2;5;5;4;7;0;4;0;0;0;1;3;3;3;0;1;0;1;2;0;0;1;0;1;1;0;1;1;0;0;0;0;1;0
280030805000055;1;998;984;310;150;187;139;11;10;13;2;45;1;41;0;36;4;14;0;21;0;14;8;0;1;2;1;2;0;0;0;1;0;1;0;9;10;6;8;6;10;6;4;6;14;5;11;10;15;16;23;18;32;22;25;23;25;21;20;25;27;29;24;17;16;12;14;15;12;17;16;17;7;9;13;13;12;19;19;15;22;14;19;8;17;8;14;9;8;10;12;9;13;11;11;10;10;5;5;6;5;9;4;9;4;6;5;6;3;4;1;0;3;2;1;3;2;2;1;1;1;1;0;1;1;0;0;0;0;0;0;0;1;0;0
280030805000056;1;504;504;155;71;96;62;0;9;10;3;25;1;17;0;30;2;9;0;13;1;0;4;0;1;1;0;1;0;0;0;0;0;0;1;7;4;2;7;3;6;3;1;10;6;5;7;7;4;8;6;7;9;7;9;11;14;11;15;9;9;19;12;9;18;11;3;7;3;7;3;4;4;8;4;4;6;5;8;8;9;8;5;11;15;7;8;5;3;9;8;4;4;1;5;2;7;4;3;3;3;4;3;1;5;1;1;5;2;2;0;3;3;1;2;3;1;1;2;3;0;0;1;1;0;0;0;0;0;0;0;0;0;0;1
280030805000057;1;603;603;176;94;151;73;4;11;5;2;41;0;16;0;19;2;1;0;7;1;0;6;0;0;1;0;2;2;0;1;0;0;0;0;3;6;4;1;3;3;8;7;8;8;1;10;2;14;7;9;4;8;11;9;9;21;13;10;13;15;16;19;8;15;7;13;10;8;8;6;8;7;13;8;2;14;4;7;4;12;8;12;7;2;13;9;14;10;7;8;3;8;9;6;4;8;5;2;3;3;5;3;2;8;4;1;4;4;1;2;4;1;1;3;1;2;0;3;2;1;0;0;2;1;1;1;1;0;1;0;0;0;1;0
280030805000058;1;1387;1387;433;289;405;125;14;7;6;6;27;1;19;0;11;21;3;0;20;0;0;13;0;2;0;2;0;0;2;0;3;2;1;1;8;19;7;7;19;12;11;7;17;14;24;19;17;22;29;17;38;21;23;28;32;29;27;33;24;23;30;21;27;21;15;23;16;11;19;20;16;13;21;19;25;16;22;29;19;39;29;31;24;20;26;21;21;24;27;18;18;16;10;12;12;7;11;8;4;8;5;8;4;5;2;2;4;3;4;8;2;6;1;3;1;3;4;3;1;0;2;1;2;0;2;1;0;0;0;0;0;0;1;0
280030805000059;1;926;926;287;174;210;131;4;10;11;2;43;0;9;2;13;1;3;0;24;2;0;7;0;0;2;1;1;0;2;0;0;1;0;0;2;9;8;3;12;8;9;10;9;8;10;12;7;11;14;17;16;13;14;20;16;24;13;20;20;17;22;16;18;19;15;15;9;13;15;8;12;7;12;10;9;16;11;20;20;14;16;10;17;10;11;15;14;9;15;9;18;8;17;19;14;12;12;13;8;5;9;3;5;5;7;4;3;2;2;1;1;2;2;3;1;3;1;3;1;0;0;1;3;0;1;0;1;0;0;0;0;0;0;0
280030805000060;1;777;777;233;154;204;64;7;6;17;3;19;0;23;0;18;0;1;2;25;1;0;5;0;0;0;1;0;1;1;1;0;0;1;0;5;8;2;7;9;7;10;3;8;3;4;7;10;8;7;11;10;11;15;15;14;17;15;26;18;16;24;15;17;14;11;15;10;20;13;8;7;6;12;10;4;13;14;9;7;16;10;14;9;16;15;3;9;13;10;15;12;16;13;9;10;3;10;9;5;10;5;2;3;2;5;5;1;3;5;1;1;3;1;2;1;2;2;0;1;0;3;1;0;0;0;0;0;0;0;0;1;0;0;0
280030805000061;1;842;842;250;138;186;118;4;8;14;2;42;1;23;0;30;3;7;0;16;0;0;8;2;0;1;0;1;1;2;1;0;0;0;0;9;6;6;5;10;6;4;6;10;6;9;8;5;11;9;8;12;16;14;20;12;23;17;21;23;24;12;18;18;16;20;25;11;10;6;10;7;9;8;7;8;13;12;10;16;8;10;11;14;11;14;14;13;7;12;9;14;9;9;12;12;7;7;6;3;9;4;7;7;8;7;5;6;5;4;5;0;0;5;1;2;1;3;1;3;4;0;5;0;0;0;1;2;0;0;0;1;0;0;0
280030805000062;1;900;900;288;153;181;63;3;9;42;4;29;1;51;2;34;3;8;1;28;0;0;7;0;0;1;0;1;2;0;0;1;0;1;1;5;4;12;10;13;8;6;7;7;5;9;7;9;8;15;16;16;9;15;13;18;23;18;10;14;16;21;12;24;22;10;12;11;15;12;16;9;14;12;12;10;11;10;11;12;16;10;15;12;17;12;13;13;9;12;14;15;8;15;16;8;6;6;9;11;8;6;12;2;5;7;10;2;1;8;5;3;5;2;5;6;2;4;2;1;1;0;3;1;1;2;2;0;0;0;1;0;0;0;0
280030805000063;1;595;595;198;115;124;71;16;3;11;3;12;0;9;0;18;0;11;0;4;0;0;1;0;0;0;1;0;0;0;0;0;0;0;0;6;4;13;7;6;10;4;12;4;12;5;8;9;11;9;11;6;7;10;7;11;14;12;12;24;8;9;16;13;16;7;11;7;9;11;16;7;13;6;17;7;8;13;13;6;8;12;14;14;9;4;4;9;12;6;5;5;6;2;6;4;2;4;3;4;3;0;0;2;0;0;1;1;0;0;1;0;2;2;0;0;0;0;1;1;0;0;0;0;0;0;0;0;0;0;0;0;0;0;0
280030805000064;1;1241;1241;308;226;352;123;12;15;11;4;49;0;7;3;28;3;12;1;87;0;0;10;0;0;1;2;0;0;1;1;1;1;2;1;10;10;7;7;15;12;9;14;10;10;11;13;16;17;19;19;28;27;31;41;34;27;29;31;32;24;27;19;27;30;14;26;12;20;16;10;11;7;18;17;19;13;19;17;18;15;15;28;16;29;21;21;23;23;31;20;12;11;10;15;14;7;8;7;6;9;4;3;4;4;2;4;3;0;2;3;0;1;1;4;0;1;3;0;0;1;0;4;1;0;0;0;0;1;0;0;0;1;0;0
280030805000065;1;972;972;314;161;183;139;15;10;28;2;33;0;26;0;34;0;27;0;0;0;0;7;1;0;0;2;1;1;0;0;1;0;1;0;11;14;12;11;12;14;8;7;15;9;11;14;11;22;10;18;18;26;17;21;19;21;20;16;22;13;26;22;12;27;24;17;21;13;18;11;16;15;9;8;14;15;18;18;26;17;21;16;10;12;7;9;11;14;15;9;7;5;11;7;3;7;6;3;9;5;5;5;2;3;2;3;5;3;3;0;0;2;3;0;2;0;0;0;0;0;1;0;0;0;0;0;0;0;0;0;0;0;0;0
280030805000066;1;606;605;219;131;141;44;5;2;7;3;12;0;10;1;15;0;5;0;9;1;1;6;1;0;0;1;0;0;1;0;0;1;2;0;6;4;3;5;5;10;5;10;4;11;3;9;9;6;5;12;7;7;7;8;12;10;17;15;9;12;14;12;9;8;18;7;13;11;23;11;14;14;16;12;12;7;7;7;7;12;8;11;6;4;10;5;6;7;9;10;8;1;7;8;7;9;2;3;4;3;1;2;4;2;1;0;2;2;0;1;4;2;0;0;1;0;1;0;0;0;1;0;0;0;0;1;0;2;0;0;0;0;0;0
280030805000067;1;784;784;242;151;199;83;10;6;12;2;17;0;11;2;25;5;3;0;16;0;0;5;0;1;1;2;0;0;0;0;0;0;1;0;6;6;3;5;9;6;6;8;3;9;7;5;9;12;15;6;12;17;15;16;21;20;15;20;12;16;14;14;11;17;11;19;11;10;9;10;9;12;11;8;15;6;6;16;14;18;10;13;13;18;14;13;13;12;10;11;11;11;8;15;6;12;5;6;6;7;6;5;1;4;2;1;0;5;4;2;1;3;2;0;2;0;1;0;2;1;0;0;0;2;0;0;0;0;0;0;0;0;0;1
280030805000068;1;944;944;296;160;202;127;14;15;14;3;38;0;24;0;22;10;11;1;7;0;0;6;1;0;1;0;0;0;1;1;1;0;1;0;13;12;10;16;10;8;11;8;5;18;15;10;15;16;14;11;21;14;29;25;25;20;23;28;26;26;29;26;16;18;18;16;13;19;8;13;12;10;14;11;17;9;13;13;15;12;21;11;20;9;12;22;11;5;11;10;3;5;10;6;2;2;2;5;1;3;5;0;3;1;2;2;2;3;4;2;2;1;1;1;1;3;1;0;0;0;0;0;0;1;0;0;0;0;1;0;0;0;0;0
280030805000069;1;1079;1078;338;217;252;112;12;18;9;5;41;0;18;0;24;6;6;3;18;0;0;18;1;1;1;1;1;2;2;0;5;1;2;1;19;11;8;17;12;12;16;16;12;8;14;13;15;12;17;15;18;16;23;18;15;20;25;30;19;21;16;28;24;30;23;20;24;20;18;21;13;17;24;21;9;12;19;24;17;17;13;11;13;11;18;9;9;10;10;12;6;8;12;9;6;7;4;3;8;4;9;7;2;2;1;5;4;2;5;1;2;4;0;3;2;3;2;0;1;0;0;1;2;0;0;0;0;1;0;0;0;0;0;0
280030805000070;1;1285;1285;387;252;305;148;19;19;12;1;40;1;27;0;21;3;13;0;34;3;0;17;0;0;1;1;1;1;2;4;3;1;1;2;18;12;13;15;14;16;22;17;12;22;23;16;18;21;26;14;26;24;18;29;23;25;31;26;30;26;29;26;28;42;16;23;22;17;30;18;16;16;12;23;27;18;14;23;16;25;21;14;13;27;19;8;15;10;7;12;13;13;12;17;8;8;8;7;8;5;2;5;4;7;3;3;2;1;2;1;4;3;1;4;0;0;0;0;2;0;1;0;0;0;0;0;0;0;0;0;0;0;0;0
280030805000071;1;686;686;207;151;151;69;12;14;10;3;24;1;10;0;5;6;3;0;18;2;0;8;0;2;2;0;1;0;1;1;0;0;0;1;10;9;4;7;4;9;6;7;6;10;7;4;9;14;8;9;6;2;15;7;14;22;21;13;19;12;15;17;14;14;6;7;13;11;6;8;10;11;11;10;11;8;7;14;11;10;11;12;11;15;10;15;10;14;4;12;12;6;5;6;4;4;6;9;6;3;5;1;5;3;4;2;3;1;1;0;2;1;0;0;1;0;0;1;1;1;0;2;0;0;0;0;0;0;1;0;0;0;0;0
280030805000072;1;1026;1026;290;177;253;152;18;13;7;2;42;0;22;1;30;3;1;13;2;0;0;22;4;1;0;2;3;2;1;0;1;2;5;1;14;16;18;18;20;17;19;19;11;13;14;25;31;26;26;21;19;21;22;29;22;29;25;22;22;22;31;25;14;23;21;20;20;12;12;16;13;9;11;15;15;15;14;11;11;10;12;8;16;12;7;6;4;8;5;5;9;9;1;5;4;4;6;0;2;6;1;2;2;1;1;1;1;1;1;0;0;3;0;0;0;0;0;1;0;1;0;0;0;0;0;0;0;0;0;0;0;0;0;0
280030805000073;1;999;999;270;176;241;151;17;19;8;1;49;0;22;2;39;0;4;0;0;0;0;20;1;2;2;0;1;3;1;1;3;2;1;3;19;25;23;16;13;13;16;18;23;16;19;24;20;23;27;23;28;24;26;22;29;25;15;21;28;12;14;19;18;27;13;20;19;23;16;14;15;17;18;11;16;9;16;9;12;9;10;11;9;7;3;8;6;9;4;6;1;3;7;3;1;2;0;3;4;4;1;2;0;2;2;0;2;0;2;1;0;0;0;0;1;0;1;1;0;0;0;0;0;0;0;0;0;0;0;0;0;0;0;0
280030805000074;1;632;632;187;115;133;107;13;9;4;0;24;0;16;0;20;2;2;0;0;0;0;13;1;2;2;0;1;2;0;0;1;1;1;2;9;11;11;19;10;13;13;14;12;14;14;14;12;9;13;11;14;15;12;17;12;9;14;6;12;20;14;12;14;12;10;18;13;9;11;4;7;13;15;14;6;5;9;8;7;9;11;5;7;8;7;2;5;1;5;3;4;1;2;3;0;1;1;0;1;2;2;0;0;3;1;2;0;0;1;0;0;0;0;1;0;0;0;0;0;0;0;0;0;0;0;0;0;0;0;0;0;0;0;0
280030805000075;1;1328;1328;368;223;290;248;40;18;7;4;57;0;26;0;27;3;16;0;1;0;0;24;3;2;0;1;2;1;2;0;5;2;1;5;26;28;31;30;24;22;32;30;23;43;33;28;29;29;34;29;36;20;31;27;31;22;22;30;33;20;20;25;26;22;21;20;28;25;27;24;27;21;19;21;16;24;18;19;10;20;10;11;16;13;8;6;6;6;6;6;7;4;1;3;1;2;0;4;4;1;2;0;1;0;2;0;2;1;0;1;2;1;0;0;0;1;0;0;0;0;0;0;0;0;0;0;0;0;0;0;0;0;0;0
280030805000076;1;762;762;227;137;157;128;13;15;5;1;51;0;7;0;13;0;6;0;2;0;0;10;1;0;0;1;0;0;1;0;1;1;2;3;18;14;21;9;15;12;7;12;7;17;15;11;11;11;18;19;16;18;14;11;23;14;12;26;17;18;10;11;22;15;11;14;5;15;10;8;13;16;11;10;12;9;9;7;7;10;11;8;8;7;10;13;4;3;6;5;7;6;5;2;3;4;6;4;6;1;2;3;1;1;1;1;2;4;0;3;0;1;0;1;0;0;1;0;0;0;1;0;0;0;0;0;0;0;0;0;0;0;0;0
280030805000077;1;755;755;218;149;200;71;4;9;11;4;28;1;10;2;11;2;2;0;26;7;0;8;0;1;1;0;1;1;0;1;0;1;2;0;9;11;10;8;6;8;7;6;7;7;6;17;15;8;8;11;17;11;14;12;10;15;21;14;14;17;17;14;15;10;11;8;13;12;6;7;7;16;13;16;10;12;12;19;19;13;11;6;10;10;17;12;3;13;5;9;5;9;11;7;4;4;7;4;6;4;6;2;4;1;5;3;1;4;5;3;1;3;1;2;1;2;1;3;0;1;0;0;0;1;1;0;0;0;0;0;0;0;0;0
280030805000078;1;485;485;130;80;93;94;5;13;7;4;28;0;7;0;14;10;0;0;0;0;0;10;0;2;2;0;1;0;1;0;2;1;0;1;4;7;7;5;7;5;6;4;3;11;6;12;11;8;14;13;7;5;11;10;10;11;17;6;9;9;13;13;7;11;5;8;7;12;8;7;6;8;5;11;4;5;4;9;5;8;6;6;4;8;5;6;2;5;5;2;2;6;5;4;2;6;5;2;3;1;0;1;1;0;1;2;1;2;1;1;0;1;1;0;2;0;0;0;0;0;1;0;1;0;0;0;0;0;0;0;0;0;0;0
280030805000079;1;592;588;181;113;143;58;6;9;10;0;19;0;9;1;11;7;4;0;20;0;1;7;1;0;2;0;0;0;1;0;0;1;1;1;4;8;5;5;6;6;7;7;7;13;7;5;5;8;11;8;15;11;12;8;16;14;12;11;10;11;12;11;11;5;11;11;9;10;5;12;9;7;9;17;10;8;6;5;16;10;13;11;12;10;10;4;3;2;5;6;4;5;8;6;6;7;4;7;3;0;3;3;2;4;1;2;3;4;1;2;0;1;3;0;0;1;0;1;0;0;0;1;0;0;0;0;0;0;0;0;0;0;1;0
280030805000080;1;621;621;207;113;150;61;0;8;14;2;21;0;11;0;20;14;0;0;0;0;0;6;1;0;1;0;0;1;0;0;1;1;1;0;5;6;5;7;7;2;6;9;9;5;8;8;10;9;19;9;9;9;10;12;9;10;6;13;10;9;13;12;18;15;16;10;13;15;6;8;8;9;7;6;7;6;11;9;11;12;7;13;12;5;9;12;2;11;6;8;5;12;6;6;3;5;5;2;3;5;5;2;4;2;2;2;4;5;1;2;2;3;0;1;0;1;1;3;0;1;0;0;3;0;1;0;0;0;0;0;0;0;0;0
280030805000081;1;957;946;300;194;234;79;7;4;25;3;11;0;28;4;26;6;0;0;24;1;11;10;0;1;0;0;3;0;1;4;0;0;1;0;23;13;8;7;16;10;7;11;5;10;11;14;18;15;14;10;23;16;14;8;17;20;20;17;18;27;16;19;21;18;15;17;22;15;19;13;14;17;12;16;18;15;11;18;19;19;17;15;14;10;8;15;10;9;16;18;9;7;5;10;4;5;10;8;7;7;4;2;5;4;3;2;0;1;2;3;3;0;3;1;0;1;1;0;0;1;1;0;0;0;0;0;0;0;0;0;0;0;0;0
280030805000082;1;361;361;130;67;67;54;5;3;2;0;11;0;4;0;7;10;1;0;0;0;0;9;1;2;2;0;2;0;2;0;0;0;0;0;5;7;6;6;1;6;5;4;2;7;5;4;5;2;6;7;5;6;8;6;9;8;11;10;11;4;9;8;13;9;6;5;5;3;2;6;0;6;3;2;8;9;4;4;6;6;8;1;8;3;5;3;3;2;4;1;2;2;1;4;4;2;4;3;1;4;1;0;2;2;1;0;2;1;0;1;0;0;0;1;1;0;1;0;0;0;1;0;2;0;0;0;0;0;0;0;1;0;0;0
280030805000083;1;599;599;220;121;110;78;8;3;9;0;11;0;8;1;23;1;0;0;6;0;0;6;0;0;1;1;3;0;0;0;1;0;0;0;14;4;9;6;9;5;6;10;4;6;8;9;6;4;13;11;11;3;18;8;16;7;12;8;10;7;22;19;16;10;12;11;20;9;9;9;14;5;18;8;10;7;15;12;8;5;5;16;5;7;3;5;9;4;6;7;7;8;7;3;2;3;1;4;4;0;3;2;1;1;2;1;1;0;0;1;0;4;0;0;1;0;2;1;0;0;0;1;1;1;0;0;1;0;0;0;0;0;0;0
280030805000084;1;546;546;178;102;105;49;2;6;25;3;28;0;25;0;18;5;0;0;0;0;0;5;0;0;0;1;0;0;0;0;0;0;1;3;3;4;8;6;3;10;6;0;3;5;4;7;6;6;5;7;10;6;2;11;9;8;7;11;8;8;12;19;9;17;11;12;10;10;10;6;8;7;10;8;9;8;7;4;6;3;5;5;5;9;10;4;9;5;7;3;12;8;7;5;9;9;5;4;4;4;4;3;6;5;3;3;4;3;2;4;1;5;2;2;1;2;1;2;5;2;0;0;1;0;0;0;1;0;0;0;0;1;0;0
280030805000085;1;908;908;262;151;203;87;3;14;52;1;36;1;39;3;41;13;2;0;0;0;0;10;0;1;2;2;2;0;1;0;1;1;0;0;6;15;11;9;10;10;6;12;10;10;13;9;11;7;14;10;17;16;18;14;12;18;16;17;26;17;13;14;22;20;16;6;12;17;17;16;10;13;15;10;7;17;7;12;15;16;9;11;9;16;11;5;23;20;12;16;8;19;6;8;6;9;12;12;9;4;10;8;3;3;4;4;4;1;2;2;1;1;1;4;1;1;2;1;2;0;1;2;3;2;0;1;0;0;0;0;0;0;0;0
280030805000086;1;848;848;254;181;217;90;12;13;7;2;33;0;11;0;3;11;9;0;5;0;0;7;0;1;1;0;1;2;1;0;0;0;1;0;9;15;13;13;9;12;15;17;13;13;15;12;10;13;14;15;12;10;15;20;12;18;18;18;14;7;12;12;15;15;5;11;10;14;19;23;18;24;19;16;19;16;13;11;19;16;15;13;11;14;12;8;7;6;9;5;3;4;9;3;4;4;6;7;0;3;3;6;1;4;3;3;5;2;4;0;0;1;1;1;1;0;1;0;0;0;2;0;1;0;0;0;0;0;0;0;0;0;0;0
280030805000087;1;1163;1163;356;192;206;121;7;9;96;3;34;1;71;2;37;2;10;0;16;0;0;19;1;3;2;0;2;3;0;2;2;0;1;3;6;11;11;14;13;7;11;15;19;14;14;12;11;15;16;16;20;24;17;14;25;18;27;28;24;24;28;26;26;23;18;25;22;10;17;19;14;25;21;14;20;14;11;10;21;22;17;16;13;21;20;22;15;17;17;16;18;8;12;12;11;8;12;9;5;12;2;3;5;6;3;2;2;5;0;1;1;1;5;1;2;2;2;0;1;1;0;1;1;0;0;0;1;0;0;1;1;0;0;1
280030805000088;1;596;596;203;126;155;47;7;4;9;3;17;0;6;1;7;2;3;0;5;1;0;4;0;0;0;0;1;1;0;0;0;1;1;0;8;4;9;5;4;4;10;5;4;6;8;9;7;9;7;11;10;17;7;8;11;18;14;16;12;13;11;13;14;13;11;17;9;6;11;14;10;5;5;2;7;8;15;10;9;9;10;8;5;16;14;12;9;7;7;6;4;8;6;4;7;3;4;1;3;5;2;2;1;2;2;1;0;0;1;0;1;0;1;0;0;0;2;0;0;1;1;1;0;0;0;0;0;0;0;0;0;0;0;0
280030805000089;1;640;640;173;101;143;104;3;14;4;0;68;0;9;2;10;1;5;0;3;0;0;8;1;1;1;0;0;0;2;0;1;1;1;0;6;15;9;9;6;5;7;9;11;7;8;9;6;10;6;11;3;9;17;11;12;12;11;17;13;11;16;11;11;15;12;14;14;7;6;11;12;12;7;5;3;9;8;9;5;6;11;3;8;8;13;10;13;7;5;10;5;12;6;11;5;11;4;4;5;5;4;2;4;2;0;3;2;1;2;0;1;1;1;2;1;0;0;1;1;1;3;0;0;0;0;0;0;1;0;0;0;0;0;0
280030805000090;1;1054;1054;279;159;209;177;5;27;17;6;110;1;19;3;34;6;0;0;2;0;0;9;0;1;0;0;2;1;0;3;0;1;0;1;6;12;12;7;14;17;15;13;6;20;13;16;15;18;12;23;18;19;13;13;26;18;26;13;26;17;16;15;13;28;23;22;21;20;25;17;14;18;17;22;17;13;17;16;21;19;17;12;7;16;12;14;9;5;13;12;6;10;13;11;7;9;4;3;3;3;9;2;4;7;3;6;10;3;2;2;4;3;1;0;2;3;3;0;2;3;0;2;2;2;0;0;1;1;0;0;0;0;0;0
280030805000091;1;1066;1066;311;210;265;143;20;21;11;1;38;1;6;0;20;0;10;0;9;0;0;10;1;2;1;0;1;3;0;1;1;0;0;0;21;22;17;25;16;16;19;18;23;23;17;21;22;24;25;18;22;22;18;14;15;20;20;17;20;16;16;34;20;24;21;21;19;27;19;15;20;18;18;11;17;21;17;17;12;12;21;9;11;11;6;12;10;8;9;5;5;4;4;5;1;1;8;6;1;2;2;1;4;3;1;3;2;0;1;1;1;4;0;1;0;1;1;0;0;0;0;0;0;0;0;0;0;0;1;0;0;0;0;0
280030805000092;1;632;632;174;102;138;79;10;14;4;1;62;2;2;0;20;2;20;0;2;0;0;14;1;0;0;2;0;0;0;3;2;2;1;3;7;11;14;4;9;12;8;11;11;4;12;12;11;12;7;9;9;13;10;20;15;20;14;22;14;19;14;13;7;11;10;8;7;16;8;9;10;19;6;7;13;10;5;9;7;8;4;6;5;7;4;6;8;4;1;9;6;5;2;4;5;5;2;4;2;1;0;5;4;1;0;1;2;2;1;1;1;1;0;1;0;0;0;0;0;0;0;0;1;0;0;0;0;0;0;0;0;0;0;0
280030805000093;1;687;687;223;126;141;98;14;4;8;0;26;1;8;1;15;0;19;0;3;0;0;8;0;0;2;0;2;0;0;1;1;2;0;0;9;8;8;4;7;8;12;11;16;20;9;13;9;7;8;15;11;15;22;8;11;18;22;10;16;14;12;14;14;9;12;9;21;11;10;11;18;12;10;13;19;14;10;12;11;12;9;10;5;3;5;5;7;8;4;8;4;3;6;5;0;5;0;2;2;3;3;4;0;2;3;0;0;1;0;0;0;2;1;1;0;2;0;0;1;0;0;0;0;0;0;0;0;0;0;0;0;0;0;0
280030805000094;1;770;770;281;163;173;71;0;4;7;3;17;0;20;0;21;6;3;0;1;0;0;14;0;1;1;1;1;0;0;2;4;2;0;2;12;15;13;10;15;13;7;13;13;10;9;6;8;8;10;7;12;10;9;13;12;13;14;12;20;12;12;23;18;23;28;30;17;20;22;17;24;11;23;19;10;7;11;11;9;7;10;8;9;10;4;5;4;5;2;4;4;3;5;5;4;4;4;2;2;1;2;1;1;5;3;0;3;0;0;0;1;0;0;0;1;1;0;2;1;0;0;0;1;0;0;0;0;0;0;0;0;0;0;1
280030805000095;1;911;911;282;161;203;128;6;12;7;2;52;0;22;0;24;2;8;0;1;1;0;14;0;1;4;0;0;3;2;1;0;0;0;3;10;11;15;11;8;7;12;11;15;10;14;11;10;8;14;17;19;15;20;18;23;16;14;29;29;19;12;20;11;19;10;21;16;9;11;19;18;14;11;16;20;12;8;10;13;14;18;11;7;12;20;14;10;18;11;19;8;7;12;12;4;5;3;5;3;4;4;2;3;1;2;1;1;3;0;0;1;0;0;0;0;0;1;1;1;0;1;1;0;0;0;0;0;0;0;0;0;0;0;1
280030805000096;1;810;810;251;126;162;115;6;13;11;2;49;2;28;0;21;0;23;0;1;0;0;8;0;2;0;1;0;1;0;2;0;0;1;1;9;11;11;6;6;5;10;7;8;13;9;11;8;6;8;13;12;11;22;23;23;28;28;28;30;18;20;23;24;15;12;18;16;10;19;13;7;8;5;9;6;4;15;3;11;6;9;9;12;11;7;9;8;14;7;11;12;11;5;11;5;8;4;6;3;3;3;5;4;1;2;0;1;2;2;0;1;0;1;2;1;1;2;0;0;0;0;1;0;0;0;0;0;0;0;0;0;0;0;0
280030805000097;1;849;849;318;113;127;120;2;5;16;1;28;0;26;0;25;67;0;0;1;0;0;8;1;1;0;1;0;0;1;1;1;1;1;0;11;6;2;9;6;6;9;9;9;14;11;9;9;17;12;14;11;16;30;30;31;30;27;33;19;19;16;17;25;27;24;15;16;10;8;7;7;2;15;12;9;8;9;15;15;19;11;16;8;9;14;8;6;3;6;5;12;5;8;7;4;5;2;5;3;2;6;4;2;2;2;0;1;1;4;0;1;1;1;0;0;0;1;0;0;1;0;0;0;0;0;0;0;0;0;0;0;0;0;0
280030805000098;1;856;856;222;139;187;106;7;18;16;3;75;3;29;2;40;6;0;0;3;0;0;9;0;0;2;0;0;0;1;2;1;1;2;0;11;9;15;8;16;10;11;12;12;8;12;8;8;17;10;15;12;21;15;16;19;20;22;18;24;20;23;10;18;13;17;18;8;12;17;15;14;16;9;14;6;7;14;10;9;11;10;7;7;11;10;9;15;15;11;18;9;7;11;4;11;7;7;4;4;6;1;3;2;3;2;4;2;2;3;1;1;1;1;0;2;1;2;1;0;1;1;0;0;0;0;0;0;0;0;0;0;0;0;0
280030805000099;1;1284;1280;358;214;283;174;15;22;20;1;120;2;27;0;39;4;3;1;1;0;0;17;1;4;0;0;2;1;1;1;0;0;5;2;18;9;15;20;19;11;13;18;9;22;17;18;18;15;14;15;14;25;15;19;41;28;31;36;27;34;26;32;34;19;21;23;13;18;17;23;17;23;12;8;14;16;12;10;11;10;17;17;16;12;26;23;17;18;18;22;22;22;15;22;13;7;11;7;12;4;6;6;9;5;4;4;4;4;5;3;0;3;3;1;2;0;2;0;0;1;1;0;1;0;0;0;0;1;0;0;0;0;1;0
280030805000100;1;1063;1063;288;170;238;155;16;18;11;9;81;2;20;0;52;1;0;0;2;0;0;9;0;1;2;0;0;0;1;2;1;0;1;1;9;10;7;19;8;13;6;17;11;10;6;19;18;16;12;17;15;7;14;26;26;30;28;24;20;31;22;25;27;21;12;15;13;11;18;12;14;8;8;8;13;17;6;11;14;18;16;17;15;16;25;20;13;27;9;11;20;21;12;8;9;11;3;7;7;6;2;7;8;6;4;1;4;7;4;2;2;2;1;4;1;2;4;3;0;1;0;2;0;0;0;1;0;0;0;1;0;0;0;0
280030805000101;1;1206;1200;322;196;285;176;18;24;13;3;97;5;27;0;38;2;0;0;0;0;0;8;0;1;0;2;1;0;1;1;0;0;2;0;9;11;10;12;13;12;12;13;14;14;21;18;20;15;14;12;16;21;21;18;26;26;25;21;33;31;35;27;20;35;15;26;10;23;22;19;7;10;19;20;13;20;12;14;13;13;15;13;20;20;15;22;26;24;18;15;10;24;11;16;7;8;6;11;9;8;6;3;4;3;8;3;4;8;6;1;1;4;1;1;3;0;1;0;2;4;1;1;0;2;1;1;0;0;0;0;0;0;0;0
280030805000102;1;995;995;246;164;266;108;10;17;27;9;81;5;27;0;22;1;5;0;7;0;0;9;0;1;0;2;1;1;0;1;1;1;1;0;13;8;9;8;4;10;7;12;12;17;9;15;12;11;17;19;9;24;16;14;23;21;22;22;23;29;34;19;17;22;17;15;9;15;13;7;12;11;11;12;13;4;13;6;14;14;13;7;19;20;18;28;19;21;16;17;21;17;7;9;5;6;8;8;3;8;4;3;6;5;0;0;5;5;2;1;2;3;2;1;3;1;1;3;0;0;0;0;1;1;2;0;0;1;0;0;0;0;0;0
280030805000103;1;955;953;268;136;204;143;9;16;17;3;89;1;23;0;31;7;2;0;6;0;0;7;0;1;0;0;2;1;0;0;1;0;2;0;13;4;13;4;13;16;4;13;9;9;13;9;11;10;10;21;12;16;13;24;22;8;16;27;28;23;24;27;20;18;20;16;15;18;15;6;16;6;5;12;11;13;16;14;14;6;9;12;11;14;20;16;8;14;15;13;17;9;13;14;4;11;7;11;8;5;8;2;2;3;8;8;1;5;2;1;4;3;2;2;1;0;1;3;3;1;0;2;0;1;0;1;0;0;0;0;0;0;0;0
280030805000104;1;665;665;208;111;107;62;3;4;55;3;16;0;49;2;36;0;6;0;3;0;0;4;0;0;1;0;1;0;1;1;0;0;0;0;9;12;9;3;4;10;7;7;4;12;10;5;12;4;6;6;8;12;9;23;15;13;10;20;21;18;15;14;12;15;12;11;16;13;10;10;9;5;10;19;5;11;5;12;7;11;14;9;7;9;7;6;4;9;8;13;10;9;6;6;8;3;8;4;2;4;2;1;1;3;3;2;1;2;1;0;0;0;1;3;0;1;0;1;0;0;1;0;0;0;0;1;0;0;0;0;0;0;0;0
280030805000105;1;1119;1112;342;174;222;181;16;20;15;2;78;2;24;1;21;13;0;0;1;0;7;6;0;2;1;0;0;1;0;0;0;0;1;1;16;8;7;12;11;13;22;18;14;14;18;14;18;17;17;13;16;9;15;15;25;33;35;19;25;18;17;35;24;24;15;15;22;19;20;24;22;15;20;15;12;7;11;12;18;16;18;10;14;20;9;18;20;16;17;21;10;10;9;12;11;6;13;6;6;6;4;4;8;5;0;5;3;3;1;3;3;4;0;0;2;6;0;2;1;0;1;0;0;1;0;0;0;0;0;0;0;0;0;0
280030805000106;1;1026;1024;297;163;205;164;7;14;22;3;67;0;27;0;40;10;4;0;3;0;0;7;0;1;1;0;0;0;0;0;0;1;2;2;10;13;9;14;9;10;11;9;14;13;17;15;13;10;13;23;17;21;12;16;28;22;25;26;11;25;24;29;20;23;21;23;17;13;16;11;8;18;17;17;7;13;9;8;10;17;18;14;21;14;10;18;10;8;15;18;9;16;9;15;10;10;6;9;3;8;5;4;3;5;4;5;2;4;2;1;1;2;3;2;3;1;0;0;1;0;1;0;0;1;0;0;0;0;0;0;0;0;0;1
280030805000107;1;856;856;241;143;202;128;10;12;10;0;63;4;17;0;22;0;1;2;1;0;0;5;2;0;1;0;1;1;0;0;0;0;0;0;11;3;8;6;18;7;7;13;13;13;10;12;12;12;8;11;13;14;14;19;17;18;18;21;19;21;22;16;22;20;27;12;17;9;15;7;6;9;10;9;13;13;13;17;12;7;10;17;17;9;9;21;18;15;11;14;9;7;11;4;3;8;12;4;6;4;3;2;4;2;5;4;0;0;1;1;0;0;0;0;1;1;1;0;1;0;0;0;0;0;0;0;0;1;0;0;0;0;0;1
280030805000108;1;937;937;295;169;195;127;9;13;13;3;43;3;24;0;15;5;21;1;1;0;0;6;0;0;0;0;0;2;0;2;1;1;0;0;7;10;8;7;14;12;11;6;10;18;10;16;11;13;13;11;14;17;13;22;31;29;26;23;18;23;25;18;24;26;20;20;12;12;8;9;10;13;11;10;9;10;11;15;6;17;17;19;17;16;10;16;12;20;12;11;13;15;7;9;11;5;5;3;3;2;1;3;4;3;2;3;1;2;1;0;0;0;1;0;1;1;1;1;1;0;1;0;0;0;0;0;1;0;0;0;0;1;0;0
280030805000109;1;842;842;244;145;212;114;7;14;17;1;56;0;15;1;15;1;0;0;0;0;0;7;2;1;0;0;0;0;1;0;0;3;0;0;8;8;5;8;11;5;8;10;8;11;8;11;11;8;13;11;10;9;17;21;22;21;21;23;25;18;10;20;18;12;13;13;6;15;11;8;7;11;6;9;15;16;8;14;6;13;19;9;16;15;14;14;19;12;15;8;12;9;5;9;12;8;8;5;7;6;2;2;3;6;4;5;2;2;4;2;4;2;1;1;2;0;1;2;1;0;0;0;1;1;0;0;1;0;0;0;0;0;0;2
280030805000110;1;1044;1044;283;180;270;127;30;22;13;5;71;4;10;0;25;0;2;0;2;0;0;7;0;1;2;1;0;1;0;0;1;0;0;1;12;17;11;8;10;13;13;13;9;8;9;9;11;12;12;12;18;15;17;21;23;22;32;34;25;22;25;29;28;34;21;14;12;14;16;9;10;12;12;14;10;10;8;12;5;13;10;19;7;14;24;22;17;23;19;19;14;11;13;17;9;11;5;7;4;6;6;1;7;5;2;2;1;5;3;1;1;5;1;0;0;3;0;0;2;0;0;0;0;1;1;0;1;1;0;0;0;0;0;1
280030805000111;1;437;437;142;70;73;70;6;4;2;0;25;0;18;0;18;0;9;0;0;0;0;3;0;1;0;0;1;0;0;1;0;0;0;0;2;8;4;6;4;4;4;2;5;8;5;13;6;2;7;8;6;9;8;13;10;14;3;10;16;7;8;12;6;11;14;8;7;6;4;9;8;10;8;7;5;7;10;6;6;7;6;6;8;5;9;5;3;5;5;1;0;3;7;9;1;0;5;3;2;0;0;1;2;1;0;1;0;0;0;0;2;0;0;0;0;0;0;1;0;0;0;0;0;0;0;0;0;0;0;0;0;0;0;0
280030805000112;1;470;470;148;76;98;83;7;5;4;0;24;0;5;0;10;1;7;0;2;0;0;6;2;1;0;1;0;1;0;0;1;0;0;0;10;5;8;3;8;4;6;9;6;7;6;9;4;6;9;10;6;6;9;8;13;4;8;7;12;11;7;9;18;9;10;8;7;13;7;6;10;7;3;8;7;5;8;3;9;11;11;6;4;9;6;6;2;3;5;3;4;4;4;2;6;7;2;1;1;1;3;0;4;1;1;0;2;0;0;1;0;1;1;0;1;1;0;1;0;0;1;0;0;0;0;0;0;0;0;0;0;0;0;0
280030805000113;1;918;918;328;150;150;162;15;6;10;0;24;1;27;0;20;4;21;0;0;0;0;14;0;2;2;0;2;2;2;2;0;0;0;2;13;9;9;14;14;6;13;10;12;16;14;16;16;16;13;17;21;17;17;21;13;22;22;25;26;24;23;16;19;23;17;20;13;16;19;18;19;17;20;24;16;12;12;17;17;20;11;7;7;9;9;9;7;4;8;4;2;6;7;5;2;3;6;1;1;1;5;1;3;0;0;3;1;0;1;0;1;0;0;2;1;0;0;1;1;0;0;0;1;0;0;0;0;0;0;0;0;0;0;0
280030805000114;1;533;533;189;100;85;95;5;4;7;1;16;0;8;0;17;0;5;0;1;0;0;14;0;2;1;1;0;0;2;2;3;1;2;0;6;5;8;9;12;11;10;8;10;5;7;7;11;10;6;4;6;11;5;12;16;13;10;8;8;19;14;18;15;18;14;11;6;8;13;15;10;15;9;4;7;2;7;8;6;7;8;6;4;7;5;3;3;2;3;1;1;2;4;4;2;0;7;2;1;2;2;1;1;1;1;0;0;0;0;0;0;0;1;0;0;0;0;0;0;1;0;0;0;0;0;0;0;0;0;0;0;0;0;0
280030805000115;1;490;490;163;106;112;56;4;3;2;1;7;0;17;1;11;1;4;0;2;0;0;3;0;1;1;0;0;0;0;0;0;0;0;1;7;11;8;7;6;5;8;8;8;8;10;1;4;8;11;6;9;11;7;10;13;12;8;10;12;15;9;13;15;24;10;11;14;9;7;12;11;8;12;10;7;7;5;6;7;8;4;4;3;2;3;4;5;1;4;7;3;1;2;5;2;0;1;1;0;1;1;0;0;0;1;0;0;2;1;0;0;0;0;0;0;0;0;0;0;0;1;0;0;0;0;0;0;0;0;0;0;0;0;0
280030805000116;1;663;663;201;138;118;104;8;11;3;0;39;0;15;0;14;12;0;0;0;0;0;8;1;0;0;3;0;0;0;1;0;0;1;2;10;6;11;8;10;7;12;9;13;17;11;10;14;11;9;12;10;10;4;7;14;16;19;21;21;14;14;21;15;17;15;13;11;8;11;6;11;12;11;11;6;11;8;8;8;10;4;8;8;6;3;5;7;5;7;6;4;6;8;3;6;6;2;2;3;2;1;3;1;1;0;2;1;2;1;1;0;1;1;2;0;0;2;1;0;0;0;1;0;0;0;0;0;0;0;0;0;0;0;0
280030805000117;1;764;764;221;132;163;122;25;7;6;6;40;0;11;0;30;1;0;0;0;0;0;15;3;1;2;2;0;2;0;0;0;1;1;3;17;11;18;14;13;14;18;17;13;12;21;21;20;13;12;16;12;15;12;16;17;9;14;17;21;11;21;15;14;22;15;13;9;12;16;10;9;17;2;15;10;11;8;11;9;5;6;9;6;19;9;5;3;3;4;5;1;5;7;3;4;2;0;2;1;1;2;0;2;1;1;0;1;2;1;1;1;0;2;0;1;0;0;0;0;0;0;0;0;0;1;0;0;0;0;0;0;0;0;0
280030805000118;1;685;685;196;110;120;176;23;2;2;0;35;1;8;0;8;4;0;0;0;0;0;18;1;0;2;0;0;1;0;1;3;4;3;3;16;15;20;20;18;21;15;14;17;17;16;16;9;24;11;16;21;13;18;7;18;14;20;17;18;18;16;17;12;15;11;6;11;14;10;5;5;7;7;7;5;11;4;4;7;6;9;4;5;6;5;3;3;3;3;3;2;0;0;1;0;4;1;1;1;0;3;0;0;0;0;0;0;0;0;0;0;0;0;1;0;0;0;0;0;0;0;0;0;0;0;0;0;0;0;0;0;0;0;0
280030805000119;1;1012;1012;293;187;229;156;13;7;13;6;49;1;23;1;24;5;5;0;0;0;0;19;3;4;0;1;0;2;2;1;1;1;4;0;13;21;13;18;17;20;23;17;22;14;18;17;26;12;14;14;11;16;14;29;35;22;29;26;27;26;27;16;15;19;18;17;14;17;10;13;13;14;10;21;20;14;10;9;15;11;7;9;10;13;12;13;12;13;9;7;11;6;5;8;5;2;4;1;0;2;1;2;2;2;1;2;0;1;2;2;1;2;3;2;0;0;1;0;1;0;0;0;0;0;1;0;1;0;0;0;0;0;0;0
280030805000120;1;450;450;171;87;82;45;3;2;6;0;14;0;12;0;27;0;1;0;0;0;0;4;0;0;0;1;0;3;0;0;0;0;0;0;9;9;4;7;6;8;5;6;6;4;4;4;6;5;1;6;7;7;6;11;8;7;3;16;17;7;8;15;19;17;11;5;13;6;12;10;8;7;6;9;8;15;6;6;3;10;5;6;3;7;5;3;4;4;3;1;3;2;3;3;1;0;0;1;4;1;3;1;1;2;1;0;1;0;0;1;2;1;0;1;0;0;0;0;0;0;0;0;0;0;0;0;0;0;0;0;0;0;0;0
280030805000121;1;757;756;214;139;197;97;8;8;3;1;57;2;11;0;18;0;1;0;1;0;0;5;1;0;0;0;0;0;0;1;0;0;0;3;7;8;9;10;9;14;8;7;7;8;12;12;12;8;10;15;11;13;12;21;22;14;18;17;17;24;14;12;11;12;12;16;7;9;11;14;11;7;15;13;12;11;9;15;16;13;17;6;9;17;8;13;12;8;8;9;4;8;8;7;4;4;4;4;5;1;3;2;0;2;2;1;2;1;1;2;2;2;1;0;2;1;1;1;2;1;0;1;0;0;0;0;0;0;0;0;0;0;1;0
280030805000122;1;1208;1208;334;220;307;154;17;22;11;2;71;2;24;0;32;0;9;0;3;0;0;17;5;1;2;0;0;2;0;1;1;1;2;2;8;12;10;7;17;9;9;9;13;6;20;16;14;17;19;21;25;29;18;27;24;30;33;37;28;37;24;22;21;16;20;16;16;9;20;9;11;16;11;20;11;24;15;20;33;26;21;31;19;19;23;20;13;13;18;10;15;11;13;11;9;5;14;7;8;4;3;2;7;5;5;4;2;0;2;1;4;1;5;1;4;1;1;1;2;1;0;0;0;0;0;0;0;0;0;0;0;0;0;0
280030805000123;1;833;833;238;129;173;120;15;9;13;1;49;2;29;1;27;15;8;0;4;0;0;9;2;3;1;0;1;1;0;0;1;0;0;0;10;9;7;9;11;7;10;13;11;10;11;8;15;18;8;12;18;15;21;23;22;27;16;23;17;13;15;14;17;18;9;14;10;11;12;8;12;10;10;13;13;16;11;8;6;12;18;11;9;14;11;13;13;10;16;6;5;7;4;6;5;10;6;7;6;4;3;3;0;4;2;0;4;2;3;1;2;2;1;1;0;1;2;4;2;0;1;0;0;1;0;0;1;0;0;0;0;0;0;0
280030805000124;1;897;890;251;173;263;94;16;6;12;2;36;0;13;0;18;2;2;0;2;0;7;11;0;0;1;1;1;1;2;0;1;4;0;0;9;6;5;5;8;6;8;7;6;14;10;11;15;13;19;19;20;21;16;20;17;24;27;20;14;23;9;16;13;11;9;13;17;13;10;14;11;8;6;9;10;12;7;19;23;17;17;20;24;25;23;16;11;13;7;12;8;9;11;7;6;8;5;4;5;4;4;1;3;1;4;1;2;2;0;2;3;1;3;4;2;0;1;0;3;0;1;1;2;0;0;0;0;0;0;0;0;0;0;0
280030805000125;1;673;673;220;103;133;116;8;8;5;1;35;0;21;0;13;2;8;0;0;0;0;7;1;0;1;0;0;0;0;1;2;0;1;1;12;12;4;11;10;9;2;8;6;7;6;12;6;11;14;8;15;9;15;15;13;18;17;20;22;17;14;14;14;12;12;14;7;6;8;8;8;16;6;6;12;5;19;12;4;13;16;11;10;11;8;12;7;6;13;8;3;5;4;5;3;6;3;0;2;2;3;2;1;2;2;2;1;2;1;0;2;1;0;0;1;0;0;0;0;0;1;1;0;0;0;0;0;0;0;0;0;0;0;0
280030805000126;1;588;588;166;97;143;87;8;13;5;5;37;1;9;0;11;1;5;0;0;0;0;3;0;0;0;0;0;0;0;1;2;0;0;0;7;5;3;4;6;6;8;8;7;16;3;7;9;8;6;11;9;11;12;19;12;18;15;9;10;14;15;9;13;7;14;5;9;17;10;6;6;5;10;10;5;10;9;4;14;12;5;7;11;11;7;14;8;13;10;6;5;5;4;8;6;3;0;3;1;1;2;0;1;0;1;2;0;2;1;3;1;1;1;1;0;3;1;1;1;0;0;0;2;0;0;0;0;0;0;0;0;0;0;0
280030805000127;1;808;808;220;138;220;97;10;15;8;1;56;2;23;1;13;3;1;0;0;0;0;6;1;0;0;1;0;0;1;1;0;1;1;0;13;11;7;14;10;7;10;12;5;8;9;8;9;13;12;18;17;27;22;17;15;23;22;22;19;13;17;17;12;11;12;10;13;10;15;5;3;14;7;14;1;17;8;13;25;10;13;21;15;15;14;8;11;11;14;12;9;9;1;7;3;3;2;5;4;2;2;2;1;2;4;0;0;2;2;1;3;1;0;1;2;1;0;0;1;1;0;0;0;0;0;0;0;0;0;0;0;0;0;0
280030805000128;1;1060;1060;294;186;271;139;12;15;16;3;65;3;19;0;32;1;1;0;3;0;0;11;1;0;2;2;1;1;1;0;0;0;2;1;9;12;10;14;12;10;14;16;17;12;21;19;17;7;16;21;22;19;21;22;29;31;19;27;29;17;18;19;15;16;16;15;11;18;11;9;12;11;14;18;10;16;20;11;20;17;18;14;18;22;18;18;23;13;9;11;11;12;11;7;7;8;5;5;8;3;6;4;1;2;3;0;5;3;1;2;2;1;0;2;1;3;0;4;2;0;1;1;1;1;0;0;0;1;0;0;0;0;1;0
280030805000129;1;723;723;301;172;113;77;6;1;3;1;3;0;16;0;7;7;16;0;0;0;0;23;3;0;8;3;2;0;1;1;0;2;1;2;13;15;17;11;5;8;7;7;10;8;12;5;6;5;4;6;3;7;10;9;13;12;15;12;22;31;31;41;28;30;42;36;17;18;14;15;10;16;17;13;8;8;7;9;6;4;1;4;6;2;3;2;4;4;6;3;1;1;0;4;2;2;3;1;1;2;0;0;1;0;0;1;1;1;0;0;0;0;1;0;0;0;0;0;0;0;0;0;0;0;0;0;0;0;0;0;0;0;0;0
280030805000130;1;693;693;187;119;202;76;2;10;8;1;30;1;28;1;23;2;0;0;3;0;0;4;1;1;0;0;1;0;1;0;0;0;0;0;5;10;2;7;5;6;7;5;12;2;6;11;14;11;10;14;14;10;16;26;30;17;13;19;11;12;18;9;10;8;9;12;8;11;6;7;9;7;10;10;13;10;12;13;10;16;14;12;16;16;12;10;7;16;12;11;5;3;5;6;6;5;1;1;2;3;2;2;0;2;2;1;3;0;0;1;0;2;0;1;1;1;1;1;1;0;1;0;0;0;0;0;0;0;1;0;0;0;0;0
280030805000131;1;936;936;268;162;227;148;8;10;7;3;45;0;19;0;28;7;3;0;1;0;0;6;1;1;0;0;0;1;2;0;1;0;0;0;7;7;7;8;13;7;13;9;9;16;8;9;11;12;16;14;18;24;24;21;29;26;22;25;15;18;28;18;12;20;17;19;10;12;15;9;15;8;11;9;11;13;16;13;16;15;21;16;16;21;15;15;15;13;13;9;6;8;6;8;6;11;7;3;7;4;3;5;1;2;3;3;4;2;3;1;2;1;0;1;0;0;0;2;0;1;0;0;1;0;0;0;0;0;0;0;0;0;0;0
280030805000132;1;830;829;309;139;133;126;12;8;11;1;21;0;31;0;18;3;15;0;2;0;1;3;1;0;0;0;0;0;0;0;0;2;0;0;11;5;16;7;7;13;12;9;11;11;9;14;15;14;11;11;15;11;17;14;26;15;24;20;19;14;21;19;16;12;16;22;19;16;24;14;12;17;12;14;11;13;11;13;13;10;14;10;14;15;6;6;7;10;7;4;5;8;3;7;3;6;2;4;4;4;1;4;3;3;2;2;3;0;3;1;1;3;0;2;0;0;3;0;0;1;0;0;0;0;0;0;0;0;0;0;0;0;0;0
280030805000133;1;984;984;291;184;248;124;7;8;15;8;37;0;17;0;30;14;1;0;0;0;0;7;2;0;0;1;2;1;0;0;1;0;0;0;6;6;6;8;7;13;7;7;11;8;10;7;11;12;12;9;19;14;23;26;20;31;24;24;27;24;25;21;12;26;13;13;9;13;14;10;10;23;11;18;8;12;13;14;18;16;9;14;20;21;15;26;15;16;21;19;11;8;11;13;7;2;8;6;1;1;3;5;5;2;2;1;2;7;2;3;1;3;1;1;4;3;5;4;1;2;3;0;0;0;1;0;0;1;0;0;0;0;0;0
280030805000134;1;1138;1136;313;198;298;150;13;15;14;8;48;2;22;0;32;3;17;0;5;0;0;7;1;0;0;2;0;1;1;0;0;2;0;0;11;4;21;5;7;11;10;9;12;20;12;11;18;12;11;27;19;16;30;35;28;31;32;25;23;22;27;28;17;21;22;10;16;16;13;10;11;9;12;15;15;11;10;15;18;25;22;18;22;18;17;20;24;19;29;24;18;9;17;11;8;7;7;6;5;2;5;1;2;3;4;0;4;1;2;2;1;0;2;4;1;1;3;1;2;0;1;1;1;0;0;0;0;1;0;0;1;0;1;0
280030805000135;1;661;661;223;124;133;79;9;7;7;1;29;0;15;0;21;0;12;0;1;0;0;4;0;0;0;0;0;1;0;2;0;0;0;1;7;7;10;4;6;6;5;3;5;11;4;9;4;9;19;12;5;12;11;13;18;16;21;13;18;16;12;19;11;12;12;7;9;7;4;11;8;8;5;7;8;8;8;12;17;15;14;12;15;14;14;10;12;5;10;7;11;6;6;4;7;4;4;1;2;5;4;3;1;1;2;1;1;1;0;1;1;5;3;1;1;1;0;0;0;0;1;2;0;0;0;0;0;0;0;0;0;0;0;0
280030805000136;1;725;725;239;136;156;84;19;5;9;2;35;0;7;1;20;0;12;0;0;0;0;9;1;0;1;4;0;0;0;1;2;0;0;0;15;12;12;6;10;18;10;13;11;6;12;18;7;6;20;11;11;14;12;15;16;13;23;16;20;20;21;29;14;17;17;7;8;14;10;14;7;7;14;11;7;12;4;6;10;9;10;13;5;6;6;8;8;10;5;3;4;5;2;4;3;7;5;2;5;1;0;3;0;2;0;2;1;1;1;1;1;0;1;1;0;1;0;0;1;0;0;2;0;0;0;0;0;0;0;0;0;0;0;1
280030805000137;1;641;641;208;117;105;106;13;8;6;1;26;0;16;0;26;2;7;0;0;0;0;17;0;2;1;0;2;4;2;1;0;3;0;2;9;11;11;6;14;18;4;10;10;6;10;10;7;3;7;5;10;10;13;13;15;17;15;23;27;19;9;12;15;23;16;12;16;12;14;10;4;9;7;9;4;5;10;10;10;13;4;10;3;6;9;6;2;4;6;2;4;3;1;1;1;4;2;2;5;1;2;1;1;2;1;0;1;3;1;1;3;1;2;2;1;1;0;0;0;1;0;1;0;0;0;0;0;0;0;0;0;0;0;0
280030805000138;1;709;709;203;124;168;99;13;14;2;2;53;2;17;0;10;1;1;0;0;0;0;17;1;1;2;3;1;0;1;2;1;1;3;1;16;10;15;15;13;9;21;13;12;12;13;12;8;10;7;17;6;7;7;14;17;14;16;22;15;18;12;19;14;29;14;15;12;12;15;6;9;10;9;11;10;6;14;7;8;8;7;1;11;4;5;10;4;9;2;6;5;2;3;4;3;6;6;4;2;5;2;1;2;1;1;1;1;0;0;0;0;3;0;0;0;0;0;1;0;0;0;0;1;0;0;0;0;0;0;0;0;0;0;0
280030805000139;1;1070;1070;317;189;254;128;14;16;17;4;53;2;36;0;31;8;1;0;0;0;0;13;3;1;2;1;0;0;1;1;0;2;1;1;21;7;17;16;13;13;13;15;16;12;15;19;11;17;18;16;21;18;26;15;26;30;25;26;31;33;35;31;18;26;13;21;17;18;24;19;9;15;17;23;8;12;8;16;11;14;13;14;14;12;7;11;6;9;14;12;8;8;3;5;6;4;5;5;5;4;4;4;2;3;3;3;4;1;1;2;0;2;3;2;2;2;1;2;1;0;2;0;0;2;0;0;0;0;1;0;0;0;0;0
280030805000140;1;433;429;186;108;68;38;1;1;2;0;3;0;9;0;11;0;5;0;1;0;0;9;1;1;0;0;3;1;0;0;0;1;1;1;5;8;6;4;6;4;5;8;6;3;4;5;4;4;3;5;1;5;5;4;1;11;7;15;12;14;18;15;14;15;13;28;17;14;11;13;10;10;9;9;3;5;5;3;10;6;7;2;0;0;1;4;3;1;1;1;0;0;2;2;1;2;1;4;0;1;2;1;1;1;0;1;2;0;0;0;0;0;0;0;0;0;0;0;0;0;0;0;0;0;0;0;0;0;0;0;0;0;0;0
280030805000141;1;521;521;125;94;156;88;15;2;7;2;9;0;10;0;12;1;0;0;0;0;0;15;3;1;1;2;2;0;0;1;2;0;3;0;14;7;6;10;14;10;13;11;16;19;12;15;8;18;17;14;13;13;13;9;11;13;8;5;6;9;10;8;7;7;9;11;8;10;10;11;7;9;5;9;4;8;6;6;4;3;2;1;6;2;3;2;5;2;0;2;0;1;2;4;2;0;4;1;1;0;0;1;0;2;0;1;0;0;1;0;0;0;1;1;0;0;2;0;0;0;0;1;0;0;0;0;0;0;0;0;0;0;0;0
280030805000142;1;991;979;256;175;299;82;4;16;12;9;52;1;20;0;17;26;3;0;6;1;7;3;0;1;0;1;0;0;0;0;0;0;1;0;8;9;5;10;11;8;5;6;7;10;3;4;8;8;12;21;10;19;17;11;17;22;21;27;36;29;33;25;19;21;11;14;14;13;13;11;8;5;10;11;5;5;13;18;3;4;10;10;18;15;18;25;22;20;20;17;17;14;13;27;13;16;15;12;5;8;2;5;6;9;6;4;4;4;4;2;1;1;2;3;0;3;4;2;0;4;1;2;0;0;2;0;0;0;0;0;1;0;0;1
280030805000143;1;1381;1381;372;201;252;237;16;26;14;2;152;7;44;1;42;5;6;0;4;0;0;17;1;1;2;0;2;3;5;0;0;1;2;0;19;29;25;22;15;30;23;20;30;20;23;18;22;26;24;29;24;28;16;35;29;33;16;21;23;28;33;27;28;38;23;24;30;24;24;18;23;29;23;19;23;18;16;15;17;14;11;11;14;13;13;12;11;8;8;4;7;12;5;10;10;16;13;8;6;6;6;3;6;12;5;3;11;1;3;2;4;2;0;1;1;3;2;0;4;0;1;0;0;0;0;1;1;0;0;0;0;0;0;0
280030805000144;1;923;923;251;136;188;141;9;14;8;2;89;8;26;0;34;7;7;0;3;0;0;21;4;2;0;2;2;3;1;1;3;1;2;0;14;14;16;8;10;10;18;11;15;16;17;19;10;18;16;16;22;10;11;18;15;27;24;25;16;19;14;13;15;22;19;10;11;9;18;25;15;12;15;17;8;17;19;18;11;9;12;9;13;15;11;5;6;6;8;3;3;7;1;1;10;7;4;2;7;6;4;5;5;3;3;6;3;3;2;1;2;1;4;1;1;4;2;0;0;0;0;1;1;1;0;0;0;0;0;0;1;0;0;0
280030805000145;1;781;774;231;135;171;111;12;14;10;2;28;0;22;0;19;9;1;5;4;0;7;11;3;0;1;0;1;2;0;0;3;0;0;1;5;5;8;13;6;6;3;9;7;5;9;9;6;9;13;8;13;10;12;13;16;15;17;22;15;20;20;20;20;14;15;19;14;4;12;11;8;11;7;13;7;7;9;13;12;9;9;8;12;7;8;8;8;10;11;11;7;8;9;9;14;11;12;7;11;9;3;2;10;3;2;6;3;3;2;2;1;4;0;2;3;3;1;3;3;1;0;2;1;0;0;0;0;0;0;0;1;0;0;1
280030805000146;1;795;795;226;141;194;102;5;14;6;1;62;0;16;0;12;5;0;2;9;0;0;4;0;1;1;0;0;0;0;0;0;2;0;0;3;3;8;4;12;6;8;8;10;11;6;14;6;5;11;10;10;15;11;20;12;18;12;20;18;13;14;16;19;16;10;7;14;12;12;17;3;7;8;15;13;11;9;7;11;8;10;10;9;7;10;13;16;12;11;7;6;15;15;8;11;13;8;8;9;9;5;4;4;6;7;6;5;4;9;3;2;3;3;3;1;1;3;1;2;3;2;1;1;0;1;0;0;0;0;0;0;0;0;1
280030805000147;1;11;"X";"X";"X";"X";"X";"X";"X";"X";"X";"X";"X";"X";"X";"X";"X";"X";"X";"X";"X";"X";"X";"X";"X";"X";"X";"X";"X";"X";"X";"X";"X";"X";"X";"X";"X";"X";"X";"X";"X";"X";"X";"X";"X";"X";"X";"X";"X";"X";"X";"X";"X";"X";"X";"X";"X";"X";"X";"X";"X";"X";"X";"X";"X";"X";"X";"X";"X";"X";"X";"X";"X";"X";"X";"X";"X";"X";"X";"X";"X";"X";"X";"X";"X";"X";"X";"X";"X";"X";"X";"X";"X";"X";"X";"X";"X";"X";"X";"X";"X";"X";"X";"X";"X";"X";"X";"X";"X";"X";"X";"X";"X";"X";"X";"X";"X";"X";"X";"X";"X";"X";"X";"X";"X";"X";"X";"X";"X";"X";"X";"X";"X";"X";"X"
280030805000148;1;1245;1245;338;189;267;178;11;30;13;4;109;3;27;1;50;18;1;0;6;0;0;7;0;0;1;1;2;1;1;0;1;0;0;0;15;9;11;9;10;11;17;10;16;15;18;11;9;18;17;19;10;23;22;19;27;20;22;24;26;31;30;26;33;28;20;21;19;29;15;14;12;14;18;20;17;17;14;15;12;14;16;16;16;15;12;13;14;22;23;20;16;13;15;17;14;19;17;10;12;9;7;6;9;6;5;6;2;6;6;3;4;3;6;5;3;3;5;2;4;1;0;0;1;2;1;1;2;3;0;0;0;0;0;0
280030805000149;1;1290;1290;338;204;304;177;13;36;15;5;115;0;30;3;29;4;7;0;9;1;0;12;2;1;0;0;2;1;0;2;1;1;2;0;8;5;9;14;7;8;11;21;15;18;16;14;6;18;18;23;14;24;24;15;31;17;24;38;22;19;23;19;23;21;22;33;20;19;18;20;20;15;22;17;29;19;20;13;20;8;24;13;14;10;11;16;10;21;10;13;21;13;16;25;16;15;9;21;10;16;10;14;8;13;6;8;6;11;5;3;4;6;6;3;3;4;1;3;4;4;3;2;3;2;0;0;0;0;2;0;0;0;0;0
280030805000150;1;987;987;288;142;164;177;5;19;14;2;71;2;37;1;43;12;7;0;3;0;0;13;2;0;1;1;0;0;2;1;0;3;2;1;3;14;8;9;9;9;8;3;9;10;6;10;12;17;8;21;8;16;16;15;21;15;25;20;25;21;24;10;17;19;14;15;18;15;20;14;9;17;13;12;14;14;12;8;10;14;12;15;15;10;10;19;10;7;10;10;5;8;12;15;9;15;10;15;10;13;7;6;12;8;6;7;9;7;2;4;6;7;7;2;1;5;4;4;2;2;3;2;1;0;0;1;0;2;0;0;0;0;0;0
280030805000151;1;848;848;283;149;173;109;8;11;7;3;40;3;24;1;21;1;12;0;3;0;0;10;0;0;0;1;0;0;1;1;2;1;3;1;7;9;11;11;7;12;12;7;10;4;12;19;8;19;16;15;17;13;19;14;27;25;17;21;21;16;20;17;20;17;16;16;15;13;9;14;16;22;17;16;15;9;16;9;13;8;8;7;11;12;5;5;7;7;10;5;2;5;6;7;4;5;7;5;8;3;2;6;2;1;4;7;0;1;0;2;1;0;2;2;0;1;0;0;1;1;0;4;0;1;1;1;0;1;0;0;0;0;1;0
280030805000152;1;267;267;93;50;51;25;6;0;2;0;14;0;11;0;10;0;5;0;0;0;0;3;0;1;0;0;1;0;1;0;0;0;0;0;2;6;7;2;2;4;3;3;3;4;3;3;7;4;3;5;5;5;6;7;8;10;5;7;9;9;6;2;1;4;10;2;2;6;5;4;4;2;10;8;0;2;5;2;1;4;1;3;2;1;2;3;3;2;1;3;1;1;1;2;3;4;3;2;2;3;2;0;1;0;1;0;0;0;0;0;1;0;0;1;0;0;0;0;0;1;0;0;0;0;0;0;0;1;0;0;0;1;0;0
280030805000153;1;726;726;261;115;151;115;5;6;10;2;15;0;18;0;10;4;9;0;5;0;0;4;0;0;1;0;1;0;1;0;0;0;0;1;7;5;6;2;7;5;10;7;8;5;13;10;6;13;14;12;17;14;14;11;8;18;17;17;17;19;12;14;16;9;7;13;13;12;8;17;15;12;8;11;8;13;12;14;13;13;14;10;10;9;14;10;8;12;9;9;4;9;4;4;5;10;3;3;5;9;5;4;3;3;1;2;1;2;1;3;0;2;2;1;1;1;0;1;3;1;0;0;0;0;2;0;0;0;0;0;0;0;0;0
280030805000154;1;871;853;239;145;190;114;14;12;21;4;51;0;26;1;22;0;11;0;3;0;18;6;0;1;1;0;0;0;0;2;0;0;2;0;9;12;7;6;5;12;9;5;14;5;6;15;7;14;12;17;20;17;13;24;17;24;24;14;16;23;19;23;13;21;16;11;12;13;10;11;9;11;14;10;7;10;13;8;15;13;8;7;15;14;9;17;19;11;12;11;12;16;11;10;3;9;6;7;1;3;6;7;4;2;10;4;2;1;3;1;1;2;4;1;0;2;1;0;1;2;0;1;0;1;0;1;0;0;0;0;1;0;0;0
280030805000155;1;41;0;0;0;0;0;0;0;0;0;0;0;0;0;0;0;0;0;0;0;41;0;0;0;0;0;0;0;0;0;0;0;0;0;0;0;0;0;0;0;0;0;0;0;0;0;0;0;0;0;0;0;0;0;0;0;0;0;0;0;0;0;0;0;0;0;0;0;0;0;0;0;0;0;0;0;0;0;0;0;0;0;0;0;0;0;0;0;0;0;0;0;0;0;0;0;1;0;1;1;0;0;0;1;0;4;0;0;3;1;1;1;2;1;1;4;0;0;1;0;2;2;0;1;3;0;1;1;1;2;0;1;1;3
280030805000156;1;503;503;140;81;104;81;10;13;11;3;32;0;5;0;8;2;8;1;4;0;0;4;0;0;1;0;0;0;0;2;0;1;0;0;6;3;2;4;4;5;4;7;5;3;6;7;9;8;11;9;9;6;8;11;12;15;11;12;15;13;16;9;10;11;10;9;6;6;9;4;2;7;6;5;9;9;6;5;6;4;7;11;4;10;8;6;4;8;11;5;7;4;6;2;2;5;1;0;4;1;5;5;2;1;1;2;1;1;1;2;1;2;2;2;1;1;1;1;1;1;1;2;0;1;0;0;1;0;0;0;0;0;0;0
280030805000157;1;836;836;248;141;195;121;7;10;12;1;48;0;16;0;17;3;10;0;7;0;0;12;0;0;1;2;0;2;2;1;1;1;1;1;3;6;8;11;12;8;10;13;5;11;10;11;6;8;8;6;17;12;7;12;11;14;20;16;23;19;14;16;26;22;25;11;13;20;18;14;8;10;6;10;9;14;15;12;14;11;9;11;6;6;17;8;14;6;18;10;8;9;8;9;10;14;9;11;6;11;2;4;3;5;7;0;2;5;3;0;2;3;1;2;0;4;2;1;0;0;1;0;0;0;0;0;1;0;0;0;1;0;0;0
280030805000158;1;786;786;234;146;207;80;4;15;9;4;42;1;10;1;9;3;2;0;19;0;0;9;0;0;3;0;2;0;2;0;1;0;0;1;7;3;9;9;1;6;8;6;6;9;8;7;7;10;12;11;10;9;10;15;13;20;14;23;20;18;18;20;17;17;10;13;9;13;8;6;8;9;8;12;9;10;5;7;11;11;6;15;10;12;7;19;20;16;9;13;12;14;13;10;10;8;8;9;8;8;4;5;8;2;7;2;1;3;3;2;0;2;5;1;2;3;1;4;0;1;1;0;0;0;0;0;0;0;0;0;0;0;1;0
280030805000159;1;869;866;267;153;190;117;16;9;11;4;30;2;25;0;22;3;4;0;13;0;3;9;1;0;2;0;0;1;0;2;2;0;1;0;10;7;11;9;6;8;6;11;13;12;8;6;5;16;7;16;16;15;15;13;18;16;17;28;19;13;17;15;22;21;15;26;16;9;16;13;10;11;19;9;13;8;15;12;10;12;7;10;8;11;12;8;16;13;11;11;12;9;14;10;8;6;5;13;4;7;7;2;6;4;2;2;1;2;4;3;3;3;2;3;6;1;1;0;0;1;1;0;0;0;0;0;0;0;1;0;0;0;0;0
280030805000160;1;736;736;229;125;170;109;2;10;10;1;39;0;14;0;14;3;7;0;2;1;0;7;1;1;0;0;1;1;0;0;1;1;0;1;5;13;6;9;9;4;9;7;8;12;7;13;12;8;10;11;12;16;6;15;20;14;19;17;19;20;14;12;13;20;8;11;6;13;14;13;8;5;14;13;11;11;6;12;10;10;12;13;10;12;6;14;8;11;4;7;9;7;6;10;7;5;7;5;4;4;2;6;4;5;1;3;3;3;1;0;2;1;1;1;1;2;1;2;0;0;1;1;0;0;0;0;0;0;0;1;0;0;0;1
280030805000161;1;896;896;278;136;172;142;3;14;13;0;31;0;38;1;36;4;12;0;16;0;0;10;1;2;0;1;1;0;0;2;1;0;0;2;11;5;13;10;12;3;3;5;8;5;9;13;7;16;7;13;9;27;19;18;17;24;28;21;27;21;28;31;19;29;17;19;15;18;14;7;15;10;13;11;6;13;10;6;10;14;8;7;10;10;13;14;12;14;8;11;12;7;13;13;9;6;8;4;5;6;2;3;3;2;4;1;5;3;2;1;1;2;0;0;3;1;0;1;1;0;0;0;1;1;1;0;0;0;1;0;0;0;1;0
280030805000162;1;658;658;178;109;144;96;8;8;19;0;25;2;21;2;22;17;0;0;7;0;0;7;2;2;0;0;1;0;0;0;0;1;1;0;9;3;7;7;15;4;8;8;6;12;8;6;4;7;5;15;10;6;13;12;13;20;17;14;23;8;10;20;21;13;12;17;11;9;5;8;6;7;7;14;7;4;15;2;4;8;12;5;6;8;9;8;11;10;9;16;9;6;7;5;6;9;6;2;10;4;2;0;3;6;1;2;1;2;3;2;0;0;2;1;1;2;0;1;1;0;0;1;0;2;0;0;0;0;0;0;0;0;0;0
280030805000163;1;692;692;228;115;145;100;8;7;7;3;36;0;19;0;15;1;4;0;4;0;0;6;1;1;1;0;0;1;1;0;0;1;0;0;5;7;11;4;6;11;2;7;6;3;8;10;7;8;11;7;8;14;11;12;23;16;19;25;20;8;13;12;17;16;12;16;12;4;6;13;12;5;17;9;10;8;10;6;11;8;7;7;7;14;8;6;9;6;16;5;6;7;12;8;8;10;6;7;3;4;1;6;7;6;2;1;2;3;1;1;1;2;1;0;1;5;2;0;1;0;0;0;0;0;0;1;0;0;0;0;0;0;0;0
280030805000164;1;818;818;277;119;131;133;8;5;5;1;24;1;30;0;23;0;55;0;6;0;0;10;0;1;1;2;0;0;0;1;1;3;0;1;3;7;6;3;9;1;6;4;3;9;6;7;6;6;10;9;14;18;29;24;24;29;29;28;21;29;16;22;22;19;14;7;14;12;13;8;11;8;10;15;9;11;12;8;7;13;8;10;16;10;9;7;15;12;19;7;6;11;8;3;8;7;6;8;7;4;3;1;4;5;4;2;3;3;1;1;0;0;2;2;0;1;0;0;2;0;1;0;0;0;0;0;0;1;0;0;0;0;0;0
280030805000165;1;563;563;168;110;148;57;10;4;4;3;23;0;8;0;10;3;3;0;11;1;0;4;0;0;1;0;0;1;0;2;0;0;0;0;4;5;6;3;4;1;3;4;6;3;5;11;8;10;13;8;12;15;10;19;19;17;12;7;10;9;8;7;14;8;9;2;6;6;7;7;4;9;7;9;8;0;8;8;10;15;8;5;14;14;13;8;12;8;9;6;4;8;5;4;3;4;5;3;6;5;4;3;4;2;4;1;3;2;1;1;1;4;1;0;5;0;1;1;0;1;0;0;0;0;0;0;0;0;0;0;0;0;0;0
280030805000166;1;547;547;188;85;105;101;7;5;4;0;20;0;11;0;15;0;3;0;3;0;0;5;2;0;0;0;0;0;1;0;1;0;0;1;2;5;4;2;4;4;11;4;3;2;5;6;7;8;8;10;8;9;12;10;12;12;14;16;8;16;21;17;9;10;6;10;3;6;5;9;6;4;5;8;9;3;7;7;12;12;7;11;15;8;9;15;11;6;6;5;7;10;2;5;4;5;6;1;3;7;5;2;6;3;3;1;0;2;0;1;1;0;0;0;0;1;1;2;0;0;0;0;0;0;0;0;0;0;0;0;0;0;0;0
280030805000167;1;426;426;134;71;82;60;1;6;8;1;15;0;16;0;10;7;7;0;7;1;0;4;0;0;0;1;0;0;0;0;0;1;2;0;4;1;3;5;2;6;5;6;1;2;4;4;1;3;2;5;4;7;13;13;7;10;15;9;17;6;6;5;11;9;6;10;6;2;6;2;10;1;4;5;4;9;9;10;1;5;6;6;8;7;6;3;5;6;3;3;2;4;6;7;3;4;6;5;4;5;5;6;4;5;3;1;4;4;3;2;2;0;1;2;1;0;0;0;0;0;0;0;0;2;0;0;0;0;1;0;0;0;0;1
280030805000168;1;719;719;228;138;185;77;3;5;23;1;9;0;18;1;14;2;0;0;15;0;0;10;1;2;0;0;3;0;0;2;1;0;0;1;10;7;10;8;14;8;8;8;5;9;7;4;15;10;4;8;16;15;10;9;18;17;17;13;17;14;10;18;9;11;20;19;11;11;14;10;12;8;13;13;7;13;11;6;14;15;11;13;7;14;11;10;11;12;7;7;11;5;4;6;3;8;2;3;3;4;1;2;2;0;1;3;2;4;2;2;0;1;1;1;1;0;0;2;1;0;0;0;3;1;0;0;0;0;1;0;0;0;0;0
280030805000169;1;838;838;244;151;173;127;5;13;17;3;41;1;19;0;20;17;0;0;7;0;0;7;0;0;1;1;0;1;0;1;0;0;1;2;3;3;5;3;3;8;8;10;7;4;9;8;5;9;10;7;13;12;13;14;16;14;23;18;21;17;19;20;18;24;13;11;12;7;16;9;6;11;11;15;10;11;6;12;13;7;11;10;9;12;16;10;10;13;10;18;14;13;9;16;17;13;9;12;12;7;8;4;8;5;12;2;7;3;6;2;0;2;1;1;1;1;1;0;4;2;3;0;0;0;0;0;0;1;1;0;1;0;0;0
280030805000170;1;794;794;292;116;141;111;2;1;11;3;25;0;31;0;31;5;21;0;4;0;0;7;0;0;0;1;1;1;1;0;1;0;0;2;7;9;7;8;7;6;8;5;4;8;10;8;8;9;8;8;14;17;18;23;26;27;25;25;25;24;25;17;14;21;17;14;10;12;12;11;9;6;12;11;6;10;8;12;14;8;15;16;10;14;9;14;4;6;10;5;8;5;8;7;3;5;3;11;5;2;3;2;4;1;2;3;4;1;0;4;1;1;1;0;2;1;0;0;1;0;2;0;0;1;0;0;0;0;0;0;0;0;0;0
280030805000171;1;483;483;171;86;109;57;4;2;8;1;12;0;13;0;11;1;5;0;3;0;0;3;0;0;0;2;0;0;0;0;1;0;0;0;3;12;3;2;6;3;3;4;3;5;7;5;9;4;11;4;9;8;8;13;9;13;11;15;15;7;16;9;13;7;10;7;5;7;3;6;4;3;9;13;5;7;3;4;6;9;4;8;9;10;11;6;7;7;4;7;5;3;5;2;3;6;2;2;1;2;2;3;1;6;6;4;0;1;1;1;0;2;1;1;1;2;0;1;0;1;0;0;1;0;1;1;1;0;0;0;0;0;0;0
280030805000172;1;1135;1135;377;210;216;137;4;10;24;2;32;4;48;4;45;1;13;0;8;0;0;18;1;1;2;1;2;3;1;3;0;2;0;2;20;12;12;8;14;10;11;12;10;10;18;13;11;12;16;23;17;18;22;27;26;27;37;25;23;24;36;28;25;24;34;26;20;23;22;20;19;18;18;21;17;20;20;10;18;13;22;12;9;12;10;12;12;17;10;14;6;1;8;5;5;7;5;7;2;4;6;1;2;2;6;2;1;2;3;1;4;4;1;3;0;4;2;1;0;1;1;0;0;0;0;0;0;0;0;0;0;0;0;0
280030805000173;1;783;783;245;137;177;98;6;16;5;6;42;4;20;0;21;2;1;3;0;0;0;5;1;0;0;1;1;0;0;0;0;1;1;0;11;13;8;6;9;10;5;8;9;10;7;11;6;6;13;9;13;6;13;17;14;23;16;24;13;18;20;14;15;11;18;17;15;10;18;15;12;9;13;16;15;6;9;9;8;8;11;9;2;9;10;6;5;10;10;12;10;14;19;14;10;9;8;6;5;8;5;2;1;3;3;2;2;1;3;2;0;1;1;1;4;1;1;0;0;0;1;0;0;0;0;0;0;0;0;0;0;1;0;0
280030805000174;1;972;967;272;149;192;100;9;14;75;5;32;0;67;1;39;12;0;0;0;0;0;11;0;0;2;0;0;0;3;2;0;1;3;0;4;7;7;6;12;10;12;10;13;14;11;6;16;8;12;17;11;10;24;12;28;18;21;23;20;21;27;24;15;24;16;19;16;13;13;12;17;16;16;22;11;14;11;14;16;15;8;16;14;14;9;16;10;6;17;8;12;13;12;5;12;7;10;3;10;5;7;8;6;3;3;3;3;1;3;0;5;4;2;2;3;1;4;2;2;0;2;0;2;0;1;0;0;1;1;0;0;0;1;0
280030805000175;1;1007;1006;309;179;244;119;10;10;10;4;51;0;19;0;30;0;16;0;6;0;0;10;1;0;2;2;0;0;2;1;0;1;1;0;9;9;10;12;11;4;14;12;13;18;12;12;17;13;20;15;17;9;19;14;18;13;33;16;22;26;29;24;18;24;26;17;31;17;16;17;17;11;17;23;9;20;13;8;7;14;12;12;9;7;14;8;13;15;11;10;9;10;8;12;8;6;11;4;7;7;3;10;9;4;3;4;1;2;2;2;4;2;1;2;3;0;1;1;2;0;0;0;0;0;0;0;1;0;0;0;0;0;0;1
280030805000176;1;520;520;171;89;92;83;2;8;6;1;40;3;12;0;12;0;1;0;0;0;0;12;2;0;2;0;3;0;0;1;0;1;1;2;7;5;6;10;3;5;9;10;8;7;7;7;6;12;11;7;9;9;8;7;9;10;9;13;12;8;14;7;9;8;10;12;3;5;10;6;14;10;10;11;7;9;8;10;7;6;5;6;6;6;5;6;7;3;6;3;3;4;4;8;3;7;4;4;2;6;3;0;1;1;2;2;0;4;2;0;0;1;1;0;0;0;2;0;1;0;0;0;0;0;0;0;0;0;0;0;0;0;0;0
280030805000177;1;841;841;273;137;157;143;5;8;6;3;43;4;24;0;24;3;11;0;0;0;0;13;1;0;1;2;2;2;0;3;1;1;0;0;11;9;10;10;8;9;8;10;11;14;11;17;12;12;14;15;14;13;12;9;12;17;20;19;18;20;18;28;17;25;18;15;23;17;24;17;17;10;15;14;7;14;11;9;10;7;13;10;7;10;7;8;11;10;6;8;3;11;5;5;2;5;4;2;3;6;3;4;2;4;0;4;2;2;2;2;1;3;2;3;0;2;1;1;1;1;0;0;0;0;0;0;0;0;0;0;0;0;0;1
280030805000178;1;636;636;190;117;150;66;8;8;5;2;37;0;16;0;25;0;8;0;4;0;0;15;0;1;2;2;2;0;3;0;0;1;3;1;10;7;9;12;4;4;8;9;4;7;9;7;5;15;10;20;11;8;5;20;10;16;15;10;13;15;16;12;11;14;16;22;7;7;8;11;13;6;6;11;12;9;7;10;5;7;9;6;8;12;8;8;5;4;7;1;3;2;0;5;2;4;8;4;3;6;3;1;3;8;3;3;3;4;2;0;2;1;2;0;1;2;0;2;1;0;1;1;0;0;0;0;0;0;0;0;0;0;0;0
280030805000179;1;831;831;231;122;160;135;9;6;13;1;44;2;40;0;44;3;17;0;4;0;0;11;1;1;0;2;1;0;2;3;0;0;1;0;12;15;7;4;10;8;7;8;6;14;5;16;14;15;8;18;22;13;22;21;30;19;21;22;20;15;20;17;9;20;9;19;15;13;10;12;10;14;12;11;17;15;12;12;11;7;14;16;9;16;4;8;10;4;9;8;4;7;8;7;2;4;5;3;4;7;3;5;2;1;1;2;2;0;0;3;0;0;1;2;2;3;1;0;1;0;2;0;0;2;0;1;0;0;0;0;0;0;0;0
280030805000180;1;724;724;223;113;141;130;9;13;10;0;31;0;13;1;21;3;7;0;7;2;0;11;1;0;2;1;1;1;1;1;1;1;0;1;10;8;6;8;12;7;7;7;10;10;9;13;6;13;8;7;12;14;12;18;21;13;20;19;13;14;17;20;13;10;8;15;15;9;11;9;8;11;15;10;9;13;16;6;23;10;15;11;15;14;6;6;6;8;11;4;8;7;6;6;3;4;8;2;4;2;1;1;1;3;1;0;1;1;1;0;1;1;1;0;1;0;1;0;0;1;1;1;0;0;0;0;1;1;0;0;0;0;2;0
280030805000181;1;622;620;206;103;136;100;7;3;5;1;11;1;8;0;20;2;14;0;5;0;0;9;1;0;1;0;2;0;0;2;0;1;2;0;4;3;7;6;4;4;4;12;6;7;8;7;14;10;7;10;20;12;11;14;12;19;15;17;17;14;9;14;6;13;17;12;12;10;12;8;8;8;5;4;7;10;10;17;16;14;11;10;14;4;10;7;8;6;5;7;3;8;3;6;2;3;4;1;2;1;1;1;1;1;3;1;1;3;0;1;3;1;1;0;0;2;0;1;1;0;0;0;0;0;0;0;0;0;0;0;0;0;0;0
280030805000182;1;969;960;243;156;234;151;14;15;12;4;55;0;14;1;36;23;2;0;0;0;9;10;1;0;3;0;3;0;0;0;0;0;1;2;7;12;13;11;5;6;14;9;10;9;13;14;9;13;14;16;12;21;21;21;18;21;32;30;30;22;17;15;24;19;19;9;13;13;9;8;11;11;13;16;18;7;18;14;13;13;10;7;12;16;9;15;18;17;14;12;15;10;14;10;9;4;7;6;7;5;5;4;4;3;5;1;5;3;2;1;4;0;3;2;1;1;2;1;1;0;1;1;1;1;0;0;1;2;2;0;1;0;0;1
280030805000183;1;798;798;266;143;138;136;8;3;8;1;14;0;22;1;34;1;18;0;5;0;0;9;0;0;1;2;0;1;0;1;2;0;0;2;11;7;4;6;9;7;6;11;10;8;7;8;9;21;10;11;16;21;21;17;19;20;23;26;13;20;15;19;12;19;15;16;8;13;11;6;12;10;17;14;14;12;11;15;10;14;18;9;11;13;14;9;7;9;3;8;11;6;6;5;7;7;5;7;4;4;1;4;2;2;0;2;1;2;1;1;0;2;1;0;0;1;0;0;0;1;0;0;0;0;0;0;0;0;0;1;0;0;0;0
280030805000184;1;887;887;291;167;175;106;16;7;7;1;24;3;41;0;29;1;16;0;3;0;0;13;1;2;1;0;1;0;2;2;0;2;2;0;10;10;14;16;12;9;5;11;8;15;7;14;8;15;14;8;9;12;16;17;18;25;20;30;22;29;23;23;17;22;28;20;20;15;17;19;16;11;20;13;11;8;5;11;10;13;18;11;12;12;8;9;16;8;11;5;9;6;7;9;7;4;5;1;4;2;1;2;0;1;0;2;1;2;0;2;0;0;0;0;0;1;0;0;0;1;1;0;0;0;0;0;0;0;0;0;0;0;0;0
280030805000185;1;497;497;163;81;101;85;7;4;3;0;14;3;16;0;10;1;7;0;2;0;0;3;0;2;0;0;0;0;0;1;0;0;0;0;10;7;3;8;5;8;4;5;5;3;8;8;11;7;9;8;12;10;11;14;14;17;4;10;14;13;12;10;5;10;8;12;13;7;2;6;10;18;4;11;12;8;9;3;5;8;7;4;3;8;5;10;4;3;5;9;1;3;0;5;2;0;1;0;5;1;2;0;2;3;1;0;5;0;0;1;0;1;0;0;0;0;0;2;0;0;0;0;0;0;0;0;0;0;0;0;0;0;0;0
280030805000186;1;660;655;180;105;131;94;5;21;9;3;60;0;14;0;23;8;2;0;0;0;5;10;1;0;3;0;0;1;3;0;1;0;0;1;6;3;7;6;5;9;6;8;4;6;8;10;6;13;8;11;7;11;7;13;6;11;15;10;16;17;16;17;11;8;7;18;12;7;10;8;12;7;7;8;6;12;5;12;6;14;11;6;7;8;8;7;9;8;10;7;3;4;8;8;10;8;9;8;9;5;3;5;6;4;7;3;4;2;5;3;1;4;3;2;1;2;2;1;0;1;3;0;0;0;1;1;0;0;0;0;0;0;0;1
280030805000187;1;998;998;279;149;196;148;9;14;13;2;65;1;50;0;65;7;0;0;0;0;0;10;0;1;2;2;0;1;1;0;2;0;0;1;10;13;8;8;7;12;17;11;16;12;14;16;11;14;21;15;15;13;16;21;18;17;26;17;21;18;14;14;23;21;15;11;21;18;13;24;10;22;18;12;23;20;21;13;12;10;12;15;15;17;8;7;7;6;6;10;7;5;4;11;4;5;10;11;4;8;7;4;6;7;9;5;5;5;4;5;5;4;2;1;1;2;3;4;5;3;1;3;0;0;0;0;1;1;0;0;1;0;0;0
280030805000188;1;532;532;147;79;95;92;1;14;6;2;67;5;10;0;9;3;2;0;0;0;0;9;0;0;1;1;2;0;0;2;0;1;0;2;8;4;2;6;6;4;7;6;9;6;5;5;9;4;5;9;11;7;10;11;10;10;12;8;13;10;9;14;10;12;8;14;9;2;6;7;9;6;16;9;14;10;8;1;4;6;12;2;2;7;4;7;4;6;8;3;3;3;7;6;6;3;6;3;8;5;8;4;7;3;3;1;0;2;0;1;1;1;3;2;3;1;2;1;2;1;0;0;0;0;0;0;1;0;0;0;0;0;0;0
280030805000189;1;1227;1217;349;186;255;197;12;17;10;1;124;3;23;1;41;0;5;0;3;0;0;10;2;2;0;0;0;1;0;2;2;0;1;0;15;10;19;7;17;9;14;18;17;23;20;16;8;24;25;26;20;16;20;22;36;26;22;26;27;14;30;16;32;23;16;30;16;20;14;16;16;8;15;15;23;19;19;17;16;19;16;14;17;17;12;12;17;15;15;10;10;6;9;9;7;13;11;7;4;11;7;7;9;9;7;7;8;4;7;1;8;4;1;5;4;5;2;2;1;1;0;2;3;2;1;0;1;0;0;0;0;0;0;0
280030805000190;1;592;592;184;116;140;62;6;7;9;2;15;0;12;1;12;0;17;0;9;0;0;7;0;0;0;2;0;1;0;1;1;1;1;0;5;7;10;8;12;7;9;8;2;11;11;6;8;8;6;9;8;9;8;9;16;14;9;14;7;14;8;19;20;13;7;14;16;8;18;10;13;15;6;15;8;10;5;6;6;9;12;3;10;5;7;4;8;7;5;4;4;5;4;9;5;3;3;2;1;0;1;4;0;0;1;3;1;1;0;3;0;1;0;0;0;1;1;0;2;1;0;0;0;1;1;1;0;0;0;0;0;0;0;0
280030805000191;1;334;334;100;49;49;71;2;4;2;0;28;0;7;1;15;4;2;0;0;0;0;1;0;0;1;0;0;0;0;0;0;0;0;0;3;6;3;1;6;3;8;8;6;2;7;3;8;7;11;9;2;3;14;6;8;10;8;8;4;5;12;9;10;3;9;1;10;3;5;4;6;4;8;12;2;5;4;1;6;4;2;7;2;5;3;1;3;3;1;3;0;1;3;1;1;1;1;3;2;1;1;0;0;2;1;3;1;0;1;0;0;0;1;1;0;0;0;0;1;0;0;0;0;0;0;0;0;0;0;0;0;0;0;0
280030805000192;1;867;867;262;149;173;130;10;14;12;4;59;6;25;1;10;4;5;0;2;1;0;8;1;0;0;0;0;0;2;1;1;0;0;3;16;10;11;12;9;14;6;14;12;13;12;20;11;11;14;10;13;13;24;18;17;15;20;19;23;15;13;21;18;20;14;17;12;18;14;7;12;9;15;10;11;12;12;15;10;14;14;14;11;11;8;16;8;4;8;11;7;10;5;7;7;8;5;3;8;3;6;4;4;3;1;3;1;0;2;4;2;2;0;0;2;0;0;4;1;1;0;1;0;0;0;1;0;0;1;1;0;0;1;0
280030805000193;1;892;892;258;154;185;117;8;13;13;7;53;1;21;0;33;11;2;1;14;1;0;13;1;2;0;0;2;1;0;4;1;1;0;1;6;9;11;11;3;7;7;8;6;12;10;6;10;12;9;17;11;20;10;19;27;17;20;11;12;21;19;17;16;20;9;19;11;17;11;12;10;8;14;14;18;12;11;10;14;8;12;8;7;12;8;15;11;10;15;10;19;14;7;10;15;6;11;5;7;7;11;10;4;4;3;8;4;2;5;6;3;1;3;3;2;2;5;3;2;4;0;1;0;0;0;0;1;0;0;0;0;0;0;1
280030805000194;1;999;999;282;150;201;147;9;31;7;3;84;3;28;0;37;9;0;0;7;1;0;7;0;2;0;0;1;1;1;0;2;0;0;0;8;8;13;11;6;6;12;9;8;8;5;14;10;19;10;15;12;13;19;18;20;23;17;22;30;20;16;27;23;26;20;22;19;11;14;17;9;11;13;11;11;8;20;18;15;12;11;14;12;15;16;15;8;9;11;13;9;8;6;15;21;13;8;6;15;11;8;7;7;6;5;4;2;8;7;2;1;2;1;6;0;0;0;1;3;2;1;1;0;1;0;1;0;1;0;0;0;0;0;0
280030805000195;1;1115;1104;331;177;202;174;11;24;8;5;86;0;28;1;38;8;9;0;2;0;11;13;0;2;1;2;0;2;0;0;0;2;3;1;22;15;18;15;13;17;11;14;16;14;17;17;14;9;17;24;12;20;9;17;28;23;28;25;28;24;21;26;24;20;25;19;25;10;22;22;12;19;19;18;12;14;30;17;18;17;15;8;14;8;6;9;7;7;6;13;12;8;7;10;7;8;7;8;9;4;10;2;6;3;7;2;3;8;7;1;1;2;2;2;1;1;3;1;3;2;0;1;3;0;0;0;1;0;0;0;0;0;0;0
280030805000196;1;604;604;170;100;139;79;2;13;4;3;52;0;10;0;17;3;4;0;8;0;0;2;0;0;0;0;0;1;0;0;0;0;1;0;7;11;3;6;3;4;6;6;9;14;9;8;3;9;8;5;7;9;12;11;15;9;11;18;18;11;8;11;17;14;11;11;8;3;11;10;5;13;6;8;10;8;5;7;8;6;12;5;5;3;7;5;10;8;8;5;7;6;10;10;9;7;5;7;4;5;4;4;3;3;3;3;2;1;2;4;2;1;2;3;1;3;1;2;1;0;1;1;2;0;2;0;0;1;0;0;0;0;0;0
280030805000197;1;194;194;56;31;48;14;0;2;9;1;6;0;8;2;2;0;8;0;5;2;0;2;0;1;0;0;0;0;0;0;1;0;0;0;2;2;1;1;1;1;5;2;1;1;7;1;5;1;2;2;1;1;1;5;0;2;2;2;1;4;7;5;2;3;3;5;4;1;4;4;7;2;5;3;2;2;0;2;2;1;2;1;2;1;0;1;2;2;3;3;2;1;3;2;3;0;5;1;3;3;3;2;6;3;3;3;0;2;0;1;0;3;1;0;1;1;0;2;1;1;0;0;1;0;0;0;0;0;0;0;0;0;0;0
280030805000198;1;984;982;301;167;217;118;6;9;13;2;48;1;37;0;31;12;8;1;11;0;2;8;2;0;0;1;1;0;0;2;1;0;1;0;7;10;5;10;6;7;3;7;6;9;5;8;14;11;12;12;19;25;28;23;16;16;29;21;27;21;22;25;21;14;23;9;11;12;14;15;12;9;10;10;13;9;13;20;21;18;11;20;18;14;9;11;16;8;12;13;11;14;12;12;13;8;9;9;5;6;8;6;7;9;5;4;6;4;5;6;3;5;5;4;2;1;1;3;1;0;1;0;0;0;0;0;1;0;0;0;0;0;0;0
280030805000199;1;569;561;179;89;115;82;5;4;13;2;16;1;15;0;28;5;5;0;2;0;8;3;0;0;0;1;0;0;0;0;0;0;1;1;2;4;0;1;7;4;5;7;4;2;7;1;4;6;8;12;13;15;16;13;20;21;18;25;17;8;13;13;8;9;5;8;7;4;6;2;7;5;6;7;10;5;9;10;5;10;4;10;9;9;11;7;15;8;7;9;6;10;1;6;2;7;3;3;2;5;2;3;0;6;3;4;4;1;1;2;2;1;1;2;0;5;0;1;1;0;1;1;0;0;1;0;0;0;0;0;0;0;0;1
280030805000200;1;750;744;217;123;146;102;5;7;13;1;49;0;19;0;31;2;12;0;14;3;6;6;0;1;0;1;1;0;0;1;1;0;0;1;5;4;4;2;5;8;6;6;11;9;8;5;7;8;13;7;16;15;12;21;14;13;8;19;13;21;13;11;11;15;12;11;6;10;8;3;3;8;10;7;10;14;10;9;19;8;9;13;11;16;8;8;6;7;9;9;10;5;12;10;10;7;7;5;6;8;4;12;4;4;7;5;9;6;10;7;3;3;4;3;2;3;3;1;3;2;2;3;0;2;2;1;1;0;0;0;0;0;0;4
280030805000201;1;824;824;243;138;181;103;4;10;7;5;56;0;22;0;15;2;6;0;27;5;0;1;0;0;0;0;0;0;0;1;0;0;0;0;5;3;8;5;8;6;5;7;3;6;12;5;11;11;18;11;8;16;6;18;21;13;17;20;17;13;17;15;8;21;9;13;5;10;14;11;11;8;9;14;4;12;8;10;14;15;6;13;15;16;10;9;15;8;12;12;17;4;5;13;10;6;11;11;10;8;5;6;8;8;5;9;6;3;6;3;7;8;2;5;4;4;6;4;3;0;2;1;0;1;2;1;0;1;0;1;0;0;0;0
280030805000202;1;934;934;261;161;209;91;4;13;43;3;49;0;27;3;22;0;10;0;36;2;0;8;3;0;0;0;0;0;1;0;1;0;1;2;7;4;9;3;11;10;7;8;5;9;8;9;15;17;16;15;11;10;15;11;15;22;11;21;26;20;24;11;15;18;11;16;12;11;11;13;17;16;17;16;17;15;11;16;12;12;12;10;10;14;10;6;14;12;8;7;9;4;10;8;22;16;16;12;8;12;10;9;10;9;4;5;6;4;4;3;5;3;3;1;4;4;3;1;3;1;0;0;2;2;0;1;0;2;0;1;0;0;0;0
280030805000203;1;820;820;256;137;153;119;10;10;10;4;39;0;25;1;24;0;17;1;14;0;0;7;1;1;0;0;0;0;0;1;2;0;0;2;6;6;10;11;7;6;5;3;9;5;16;11;13;7;17;15;9;9;13;19;20;23;14;20;20;23;20;15;10;18;13;12;8;13;22;6;12;11;8;11;20;12;10;14;11;9;6;9;9;19;9;8;12;10;8;10;8;13;11;3;6;9;5;4;5;5;6;7;5;4;6;5;2;4;1;6;4;3;1;4;3;0;1;1;3;2;0;1;1;0;0;0;0;0;2;0;0;0;0;0
280030805000204;1;742;742;249;135;121;105;4;12;7;1;22;2;14;1;27;1;12;0;27;2;0;5;1;0;2;0;0;0;0;1;0;0;0;1;9;8;7;8;3;3;5;1;3;8;1;9;9;6;5;12;9;11;10;11;13;25;17;15;7;19;13;13;20;14;13;16;15;12;10;12;6;4;9;13;14;10;7;11;6;15;14;5;8;10;9;15;8;13;13;12;9;11;9;10;8;8;8;6;6;6;8;7;4;6;1;5;10;2;2;2;7;8;3;3;3;2;1;0;0;1;3;0;0;0;0;0;1;2;0;0;1;0;0;0
280030805000205;1;687;687;196;130;186;73;11;4;11;1;23;0;22;0;16;0;2;0;10;2;0;3;1;0;0;0;0;1;0;0;0;0;1;0;5;3;2;5;4;3;2;9;5;10;7;7;7;5;12;12;12;14;19;18;17;22;18;20;10;12;18;19;14;5;10;8;5;9;9;5;9;9;3;7;8;7;7;8;13;9;16;9;9;11;16;9;12;8;9;14;5;11;7;8;6;7;9;14;6;7;6;8;3;4;2;3;1;2;1;1;3;0;3;2;1;4;0;1;1;0;1;0;0;0;0;2;0;0;0;0;0;0;0;0
280030805000206;1;1010;1010;318;170;218;128;4;9;14;4;44;0;34;1;39;4;2;0;19;2;0;7;0;0;1;0;2;0;0;0;1;2;1;0;8;12;9;21;11;7;4;10;15;13;17;17;12;13;18;16;23;22;17;16;23;20;25;24;21;18;24;18;18;21;22;18;19;19;19;11;9;22;25;13;16;14;13;17;18;9;18;13;13;11;7;7;4;7;13;9;8;11;6;7;11;8;5;6;7;7;6;5;8;7;4;6;3;3;0;2;4;1;2;2;1;2;0;1;1;1;1;1;1;0;3;2;1;0;0;0;0;0;0;0
280030805000207;1;739;739;192;118;169;103;5;12;12;3;69;0;24;0;18;1;6;0;6;1;0;5;0;0;0;1;1;0;1;0;0;0;2;0;11;4;8;4;6;5;9;12;8;28;6;11;13;12;11;6;9;6;18;11;17;19;20;17;22;11;9;17;12;19;18;17;12;16;13;13;3;9;11;18;8;13;14;8;14;7;9;7;12;9;10;2;5;7;8;8;1;4;9;7;4;4;3;7;5;6;4;2;4;3;2;5;3;3;4;1;2;1;1;3;2;2;4;0;1;0;1;0;1;0;1;1;1;0;0;0;0;0;0;0
280030805000208;1;818;818;239;114;127;158;10;12;15;1;57;2;25;1;36;5;8;0;8;0;0;4;1;1;0;0;1;0;0;0;0;0;1;0;5;9;12;4;4;10;13;9;8;13;12;8;3;12;11;16;17;20;24;21;21;19;18;13;17;15;16;11;16;10;11;7;13;10;11;8;16;9;18;9;11;18;12;11;12;10;12;9;12;17;14;13;6;8;9;10;7;8;11;9;7;7;5;5;6;3;2;3;9;4;1;4;3;0;2;1;2;1;3;3;2;4;4;0;1;2;2;1;0;2;1;0;2;1;1;1;1;0;0;0
280030805000209;1;732;732;206;126;181;103;6;3;1;4;36;2;29;3;23;0;0;0;9;0;0;6;1;1;0;0;0;0;0;1;0;0;0;3;7;4;2;4;5;7;5;4;2;2;4;2;9;15;11;11;10;12;12;22;17;13;9;11;21;17;17;20;22;16;20;10;9;14;9;8;5;8;5;6;13;8;7;8;9;5;9;15;18;13;9;5;13;13;12;13;5;9;13;12;10;13;5;9;13;6;2;4;3;10;8;5;3;0;1;1;1;0;1;1;1;2;2;2;2;0;1;0;0;0;2;0;0;0;0;0;2;0;0;0
280030805000210;1;580;580;169;91;116;95;7;3;6;3;29;0;23;1;22;6;0;0;7;2;0;6;0;1;0;0;0;2;0;1;0;1;1;0;6;7;8;9;7;6;7;11;10;8;4;9;9;7;13;6;9;11;5;7;8;7;12;9;6;8;11;18;15;12;10;5;8;15;9;14;8;10;12;10;9;7;8;7;4;5;8;4;9;9;2;5;4;8;3;4;2;6;4;8;3;7;5;11;9;3;6;5;6;4;3;2;1;1;2;3;4;1;2;1;3;1;1;0;3;2;2;0;0;0;0;0;0;0;1;0;0;0;0;0
280030805000211;1;290;290;91;34;42;50;0;3;7;0;11;0;17;1;27;0;4;0;3;0;0;3;1;0;1;0;0;0;0;1;0;0;0;0;4;2;0;1;1;0;3;3;1;7;2;5;2;4;5;5;9;6;2;7;5;6;6;3;6;4;4;6;7;9;3;5;5;3;3;3;3;7;4;2;4;3;5;7;5;6;4;3;4;8;1;2;2;6;3;4;0;6;1;4;4;1;4;1;4;3;5;3;1;1;1;2;2;2;0;3;0;1;0;0;0;1;0;1;2;0;0;0;1;1;1;0;0;0;1;0;0;0;0;0
280030805000212;1;687;686;207;93;114;108;10;14;10;2;57;4;24;0;30;5;2;0;7;0;0;6;0;0;2;1;0;0;0;1;1;0;0;1;7;5;10;6;10;4;8;12;6;9;7;9;5;18;5;8;6;12;7;8;16;19;16;13;11;15;15;12;15;15;8;11;15;8;11;11;14;6;5;10;8;10;4;16;13;10;5;11;6;9;11;9;6;4;8;9;3;7;6;8;3;6;7;4;7;2;8;7;4;3;2;5;3;2;4;4;4;6;5;3;5;3;0;0;4;1;0;2;0;0;3;1;0;0;0;0;0;1;1;0
280030805000213;1;38;0;0;0;0;0;0;0;0;0;0;0;0;0;0;0;0;0;0;0;38;0;0;0;0;0;0;0;0;0;0;0;0;0;0;0;0;0;0;1;2;0;3;2;2;4;0;0;1;0;0;1;0;0;0;0;0;0;1;0;0;0;0;0;0;0;0;0;0;0;0;0;0;0;1;0;1;0;0;0;2;0;0;0;0;0;0;2;0;1;0;0;0;0;0;1;1;0;0;1;0;0;0;0;0;0;0;0;1;0;0;1;1;2;0;1;0;1;1;1;1;0;0;0;0;0;0;0;0;0;0;0;1;0
280030805000214;1;756;753;242;104;116;133;8;11;2;2;62;5;19;0;36;3;6;0;7;0;0;10;0;0;2;0;1;0;1;2;0;0;2;2;5;10;11;12;9;9;6;12;11;12;8;8;10;17;8;7;16;9;13;13;15;16;8;14;11;11;15;9;17;25;5;13;7;15;8;13;13;11;3;12;9;11;12;13;10;12;8;10;10;15;7;3;8;6;7;4;5;6;6;5;4;5;6;5;5;8;6;4;3;3;7;4;3;10;5;9;6;3;1;5;3;3;3;4;3;2;0;1;1;1;3;1;1;0;1;1;0;1;0;1
280030805000215;1;952;952;295;131;152;151;7;9;19;2;52;0;23;1;67;4;6;10;23;0;0;2;0;0;1;0;0;0;0;0;0;0;0;1;8;8;6;9;6;8;14;9;13;5;9;3;9;11;17;14;21;27;25;12;19;24;19;26;23;16;18;11;13;6;7;17;12;14;13;18;11;9;10;10;16;17;6;13;22;11;17;17;7;14;13;16;13;17;9;8;9;11;4;6;13;7;9;7;6;7;6;4;7;4;12;5;6;8;8;6;4;3;5;4;5;10;2;2;3;2;3;3;2;2;2;1;1;1;1;1;2;0;0;0
280030805000216;1;847;847;243;113;125;139;7;13;28;0;61;3;46;1;28;20;16;1;3;0;0;5;1;0;0;0;1;0;0;1;0;1;1;0;7;6;8;9;7;4;12;5;7;9;9;17;9;10;15;13;13;18;12;19;15;23;23;24;24;11;22;15;11;14;4;12;14;11;11;9;14;12;15;22;7;15;7;10;20;13;8;12;14;16;9;12;6;5;12;7;13;9;2;8;7;6;8;4;2;4;0;8;3;5;6;5;5;9;3;5;4;2;4;3;2;5;5;4;2;1;2;2;0;2;1;0;1;1;0;0;0;0;0;1
280030805000217;1;434;434;130;58;92;68;0;8;3;0;42;0;13;0;14;3;2;0;1;0;0;4;0;0;0;0;1;0;0;0;1;0;1;1;3;3;2;7;3;5;4;3;3;7;7;5;5;5;5;9;8;5;13;9;7;3;13;6;7;8;7;11;10;11;3;7;8;5;4;7;7;6;5;4;10;4;5;5;8;6;10;4;9;4;3;9;3;5;6;3;2;4;5;3;3;5;4;3;6;2;2;3;6;5;1;3;1;1;3;0;5;2;2;2;0;2;2;1;1;4;1;0;1;0;0;0;1;0;0;0;0;0;0;0
280030805000218;1;462;462;138;80;111;55;1;4;6;3;27;1;12;0;16;4;1;0;3;0;0;2;0;0;1;1;0;0;0;0;0;0;0;0;4;3;2;4;5;4;5;4;4;7;3;1;4;3;2;5;6;10;8;9;8;8;9;8;7;4;9;6;12;8;5;6;5;4;6;9;8;6;9;1;7;8;9;9;7;5;3;6;4;9;9;12;11;9;6;4;5;5;9;4;5;4;6;4;7;6;4;5;6;5;2;3;5;2;2;4;1;2;1;1;2;1;0;1;2;1;1;0;1;1;1;0;0;1;0;0;0;0;0;1
280030805000219;1;824;824;225;134;195;98;7;10;12;3;51;0;36;1;29;12;0;0;10;1;0;7;0;0;0;1;3;0;1;0;1;0;0;1;7;7;8;7;6;7;6;7;6;6;8;8;10;12;11;9;18;11;17;12;12;19;13;16;14;18;12;16;21;13;16;10;17;10;10;12;10;5;8;9;13;14;16;13;11;11;10;14;11;11;16;5;13;7;14;9;16;7;8;6;5;7;7;14;9;7;3;7;5;4;8;3;6;10;7;5;3;2;4;0;3;4;5;3;5;3;3;1;1;1;0;1;1;1;0;0;0;0;0;0
280030805000220;1;901;901;272;147;197;98;2;16;6;5;61;5;33;1;37;10;6;0;5;0;0;4;0;1;2;0;0;0;1;0;0;0;0;0;6;11;9;10;6;11;9;8;9;14;18;5;10;14;11;12;16;18;24;18;22;19;27;15;19;19;13;9;12;17;20;24;24;15;19;15;8;7;24;15;9;8;10;15;15;5;11;16;9;9;8;6;4;7;7;17;11;11;8;13;7;2;6;10;5;2;4;8;1;7;8;5;4;3;3;5;7;5;5;3;3;6;0;3;0;0;0;0;1;0;0;0;0;1;0;0;0;1;1;0
280030805000221;1;929;929;283;141;193;130;3;6;14;3;35;3;45;1;45;14;6;0;7;0;0;9;0;1;0;0;2;0;2;0;1;1;2;0;8;7;10;12;4;8;5;7;10;14;11;18;12;16;13;11;16;21;16;19;19;21;30;15;23;18;15;15;9;19;20;12;9;7;13;10;14;14;15;13;13;11;12;13;12;18;9;12;12;18;18;7;6;10;13;8;10;7;8;6;5;10;9;2;9;7;6;3;4;11;1;4;8;4;9;6;6;3;4;4;2;4;5;5;3;2;2;1;1;3;1;2;0;0;2;0;0;0;0;0
280030805000222;1;715;715;194;97;123;127;13;9;9;3;61;2;32;0;27;2;14;0;2;0;0;15;1;2;1;0;2;2;1;1;0;0;1;4;10;11;7;13;11;13;13;14;9;11;13;14;11;14;17;9;12;11;13;14;16;16;14;15;18;11;13;15;12;12;7;8;10;13;13;6;11;12;12;15;8;12;10;7;6;6;6;4;6;16;11;6;5;9;5;4;5;8;3;3;5;3;5;2;6;3;3;9;1;4;1;3;3;3;2;2;5;0;0;2;0;1;4;0;1;0;0;0;0;0;2;0;0;0;0;0;0;0;0;1
280030805000223;1;598;598;185;86;118;98;7;13;9;2;37;1;15;1;18;8;0;0;0;0;0;9;2;2;0;0;3;0;0;0;1;0;0;1;5;5;10;7;4;5;5;6;7;7;5;13;9;8;11;8;20;11;10;10;6;13;13;12;9;14;14;6;17;13;9;9;10;11;9;10;8;6;17;9;6;11;13;9;11;9;5;5;8;11;6;6;4;4;12;5;8;5;3;4;1;3;3;4;6;0;1;5;5;5;2;2;1;2;3;2;1;3;3;2;1;0;0;0;0;4;1;1;1;0;0;0;0;1;0;0;0;0;0;0
280030805000224;1;360;360;110;53;38;77;2;7;5;1;30;3;12;0;22;0;0;0;0;0;0;3;0;0;0;0;0;0;0;1;1;0;0;1;2;4;4;6;3;3;4;2;3;2;5;9;2;4;6;4;7;9;2;7;7;10;3;5;13;1;6;7;13;9;5;8;3;7;7;6;5;0;4;7;8;5;4;5;4;3;5;3;8;3;5;6;3;3;1;4;2;6;1;4;2;3;2;0;5;3;2;2;4;6;2;1;4;4;1;1;2;2;0;2;4;0;0;3;1;0;0;1;1;0;0;0;0;2;0;0;0;0;0;0
280030805000225;1;857;857;262;128;147;118;12;18;11;1;61;1;30;0;58;2;6;0;2;0;0;13;5;0;0;2;0;1;2;0;0;1;0;2;8;12;11;12;9;11;9;9;14;9;12;17;13;11;18;19;9;18;17;12;18;16;21;12;20;13;28;17;8;17;13;18;12;12;15;18;18;16;18;16;18;16;12;9;18;10;12;11;7;9;8;3;9;7;3;6;9;4;6;6;1;5;4;6;3;3;6;3;4;3;0;1;6;2;5;3;2;5;2;2;2;2;3;3;1;1;1;2;2;2;0;0;0;0;0;0;0;0;0;0
280030805000226;1;694;694;238;95;86;130;2;6;11;2;47;0;20;1;54;1;0;0;1;0;0;10;1;2;0;1;0;2;0;0;1;1;1;1;2;4;12;4;9;4;6;8;9;10;11;13;10;11;9;9;7;13;12;16;30;17;9;8;17;12;8;9;10;24;13;14;15;12;16;10;7;7;4;14;13;10;7;11;18;11;7;8;4;22;11;2;7;6;11;4;8;6;8;7;0;5;3;2;1;3;1;1;1;6;4;2;2;3;1;2;6;2;2;2;1;1;2;4;2;3;1;2;1;0;0;0;0;1;0;1;0;0;0;0
280030805000227;1;558;554;169;62;84;55;1;7;48;2;25;1;43;8;44;1;5;0;3;0;0;6;0;1;0;2;0;1;0;0;1;1;0;0;13;3;6;6;5;6;6;6;11;8;9;7;11;10;8;10;13;11;10;6;10;16;7;15;9;8;9;8;12;10;11;5;5;12;11;16;4;12;12;4;5;7;6;9;9;7;5;8;9;10;9;1;7;2;4;6;8;2;3;4;2;4;4;1;0;7;3;4;5;6;2;2;0;1;5;2;1;4;1;3;1;1;2;1;0;2;3;0;0;1;2;0;0;0;0;0;0;0;0;0
280030805000228;1;630;626;203;95;116;73;8;6;12;1;35;0;28;3;26;24;0;0;0;0;0;9;1;1;1;0;0;1;0;0;1;1;1;2;6;5;8;5;9;4;7;8;3;10;10;7;9;6;13;12;9;8;12;13;12;7;13;7;15;16;10;18;14;13;7;9;12;6;4;10;12;10;11;9;7;7;11;8;10;11;16;9;5;8;10;11;6;5;7;9;4;4;5;3;4;5;5;5;5;5;5;1;3;2;0;6;5;2;3;2;3;1;2;3;1;1;3;3;2;0;2;2;0;2;1;1;0;1;0;0;0;0;0;0
280030805000229;1;742;742;231;96;90;160;5;15;13;2;54;4;30;1;25;2;8;0;6;0;0;5;0;0;0;2;1;0;1;0;0;0;1;0;5;9;3;9;7;6;10;1;2;10;11;8;8;13;9;10;10;9;11;9;5;14;16;23;20;18;19;17;21;20;12;9;17;6;15;10;9;8;6;8;5;9;7;11;11;17;15;8;9;11;8;12;7;9;12;9;5;5;5;13;7;6;6;6;9;3;7;7;3;7;0;4;2;3;2;1;2;3;2;3;4;3;5;5;2;3;1;1;3;2;0;0;1;0;1;0;1;0;1;0
280030805000230;1;678;663;192;85;120;122;8;13;11;1;34;5;20;1;43;7;0;0;1;0;15;5;1;0;0;0;0;1;0;1;0;1;1;0;7;5;1;7;4;6;3;8;7;9;11;9;8;12;11;12;6;12;8;9;23;16;13;23;6;18;11;22;10;11;16;11;8;11;7;9;11;10;13;11;7;7;6;9;12;7;4;10;5;11;11;6;11;10;13;4;6;5;7;6;3;5;8;5;7;5;3;5;0;6;3;2;2;8;2;5;0;3;2;1;1;1;2;3;4;1;2;1;3;3;3;0;1;1;0;0;0;0;0;0
280030805000231;1;755;749;226;111;133;108;3;11;6;1;67;6;38;0;20;19;0;0;0;0;6;10;2;1;1;1;0;0;1;0;0;1;3;0;9;8;11;8;11;11;11;9;13;12;6;6;13;9;13;16;7;8;9;14;15;16;17;15;20;10;14;16;10;15;14;13;8;8;11;14;11;11;11;7;14;10;8;6;13;15;15;18;2;7;6;14;7;11;5;10;9;9;6;4;5;9;5;3;5;3;1;6;2;6;5;5;2;7;1;3;3;2;3;2;2;0;2;4;0;3;1;1;1;0;1;1;2;0;0;0;0;0;0;0
280030805000232;1;1041;1041;296;154;189;173;15;18;7;4;82;4;23;0;66;0;10;0;0;0;0;8;0;1;1;1;1;0;0;1;1;0;1;1;7;6;19;15;13;15;18;11;19;21;19;11;17;21;16;15;15;19;11;22;25;13;16;18;26;16;23;21;17;31;16;17;17;13;15;13;12;9;20;28;17;17;17;16;17;9;16;11;13;21;11;7;12;7;3;9;7;6;7;7;7;9;8;2;5;8;7;8;10;5;3;4;3;7;3;2;2;4;6;5;1;0;1;1;0;3;2;0;4;1;2;0;0;1;0;0;1;1;0;1
280030805000233;1;756;756;229;103;111;136;1;10;13;0;50;6;41;0;46;1;5;0;4;0;0;11;0;0;0;1;1;2;3;1;0;0;2;1;7;12;6;8;11;8;7;12;10;5;13;12;12;11;5;10;15;13;29;13;14;16;11;22;15;5;14;16;14;21;7;9;13;15;14;9;13;10;12;10;2;8;12;8;14;11;6;12;8;12;3;12;7;8;2;6;2;9;2;9;5;5;4;6;5;2;6;4;5;6;7;3;6;6;7;2;1;5;7;4;1;1;6;3;2;0;1;1;1;0;0;0;0;0;0;0;0;1;0;0
280030805000234;1;574;574;158;86;98;67;10;16;8;2;49;8;31;0;34;3;1;0;3;0;0;6;1;1;0;0;0;0;1;0;1;0;1;1;5;2;7;6;8;5;7;4;5;6;8;11;7;7;12;5;15;14;15;7;11;17;10;4;7;12;18;8;9;11;9;7;3;9;4;8;11;7;9;2;8;18;10;5;15;13;9;14;7;10;8;7;3;3;10;6;4;2;4;2;8;2;4;3;1;3;4;0;1;4;3;4;2;2;5;2;3;3;2;3;4;0;2;2;2;2;3;2;0;0;1;0;0;0;0;0;1;0;0;0
280030805000235;1;995;995;314;152;153;173;12;14;8;3;62;6;39;0;42;7;3;0;7;0;0;12;0;0;2;1;1;0;1;2;2;1;1;1;12;14;13;10;10;17;2;5;11;9;14;11;16;22;15;21;15;15;14;13;19;21;12;26;13;16;16;24;17;19;16;12;13;15;13;13;13;12;23;16;14;20;14;23;19;10;10;13;10;19;12;7;12;11;11;16;6;8;5;4;7;3;9;5;2;8;9;9;2;8;4;6;11;7;7;6;1;5;1;11;2;3;5;2;2;5;1;2;4;2;1;0;0;0;0;0;0;0;0;1
280030805000236;1;814;814;241;121;154;134;5;18;15;0;52;3;33;0;31;1;5;0;1;0;0;7;0;1;2;1;0;0;0;2;0;1;0;0;15;9;11;7;9;9;6;8;10;14;11;17;21;7;8;12;17;8;12;15;20;14;18;17;12;12;16;18;15;10;16;13;12;12;15;17;13;13;13;19;11;11;12;14;15;13;18;9;11;17;12;5;4;5;8;8;7;8;2;6;5;2;6;7;4;4;4;2;5;6;6;3;6;1;3;4;3;2;1;2;1;0;2;4;2;0;0;0;0;2;1;0;0;0;0;1;0;1;0;0
280030805000237;1;1146;1004;372;191;188;176;24;20;8;2;79;4;29;0;36;17;0;0;0;0;0;17;4;1;0;2;1;1;0;3;1;1;1;2;19;20;20;20;14;18;14;19;8;15;19;12;21;13;28;10;15;29;23;26;36;34;24;24;24;18;25;27;13;26;14;23;10;18;19;17;16;21;15;26;18;15;21;13;14;12;15;14;8;10;11;14;9;6;11;13;6;5;8;6;10;6;5;5;7;7;6;4;7;5;3;4;5;2;4;2;3;4;2;2;0;1;1;0;3;3;2;1;0;0;0;0;1;0;0;0;0;1;1;0
280030805000238;1;613;613;178;122;176;60;5;4;10;0;10;0;15;0;21;2;0;0;10;0;0;6;0;1;0;2;0;0;0;0;0;2;1;0;4;7;10;10;9;5;7;4;11;10;10;11;13;9;7;13;10;10;14;11;13;13;14;14;11;11;8;4;4;5;6;6;7;10;8;13;12;18;16;10;10;10;12;11;8;13;12;11;14;7;8;7;5;2;8;3;5;7;8;5;5;3;6;1;5;3;0;1;1;5;1;2;4;1;1;1;0;1;0;2;2;2;1;1;0;2;0;1;0;1;0;0;0;0;0;0;0;0;0;0
280030805000239;1;720;719;219;112;135;111;4;13;17;2;51;1;22;1;25;1;4;0;2;0;0;5;0;1;1;0;0;0;0;1;1;1;0;0;7;3;4;8;5;5;8;10;9;5;12;5;5;13;13;8;7;10;10;14;6;14;18;10;10;15;11;13;13;11;12;12;13;18;9;14;11;13;16;11;10;9;9;4;12;8;8;10;11;10;4;10;10;8;11;10;8;6;8;7;8;13;10;11;8;8;6;9;5;0;3;8;7;4;2;3;4;8;1;1;1;0;1;2;1;2;0;2;0;0;1;0;1;0;1;0;0;0;0;0
280030805000240;1;414;414;104;53;79;76;3;12;4;0;52;3;16;0;12;0;0;0;0;0;0;5;0;0;0;0;1;1;0;0;2;1;0;0;5;6;7;8;3;6;5;3;5;6;5;4;2;7;9;3;5;3;8;7;13;6;10;13;11;12;9;6;10;11;5;10;5;3;1;6;3;3;11;4;6;1;11;5;5;4;4;4;3;5;6;5;3;7;2;8;6;6;2;8;5;3;4;2;1;1;2;0;2;0;3;2;5;2;0;0;0;1;2;2;0;1;3;1;1;0;1;0;1;2;0;0;1;0;0;0;1;0;0;0
280030805000241;1;698;697;201;108;147;115;4;10;3;1;54;5;20;0;23;7;0;0;0;0;0;8;1;1;0;1;0;1;2;0;0;1;0;1;8;6;7;11;5;10;10;4;6;14;10;6;9;14;17;10;11;18;11;16;18;13;18;16;9;14;17;13;10;9;12;11;12;6;15;8;6;18;14;13;6;6;14;5;14;9;7;7;13;14;10;5;3;7;6;8;4;5;6;10;3;6;2;4;3;4;4;1;3;3;2;7;1;5;1;2;1;2;2;4;3;1;2;0;1;4;2;0;1;1;0;0;0;0;1;0;0;0;0;0
280030805000242;1;685;685;192;104;138;109;0;18;7;1;69;3;9;0;27;3;2;0;3;0;0;7;0;2;0;0;0;0;1;2;0;1;1;0;9;11;8;9;8;8;12;7;13;8;8;6;7;9;8;9;10;4;9;8;10;17;12;12;13;15;13;12;12;18;12;11;11;10;11;11;14;8;19;12;2;7;8;10;11;9;6;8;4;13;5;11;6;6;6;0;11;9;5;5;3;2;12;4;8;6;4;12;8;3;5;4;6;4;3;1;4;1;3;4;0;4;0;0;0;6;0;1;1;0;1;0;1;1;0;0;0;0;0;0
280030805000243;1;1079;1079;315;175;242;136;8;26;10;1;83;1;31;0;25;21;0;0;5;0;0;7;0;2;0;0;1;0;0;2;0;1;0;1;12;10;9;9;11;15;12;17;11;20;15;9;15;16;15;12;15;14;17;20;23;28;28;15;21;23;22;18;25;20;18;17;22;15;12;22;14;14;12;12;16;10;18;14;21;15;9;20;12;10;16;12;15;10;11;13;13;12;10;14;10;16;5;7;8;10;5;3;6;6;3;5;7;7;5;5;3;6;3;1;3;5;2;0;2;0;2;0;4;1;1;2;0;0;0;1;1;0;1;0
280030805000244;1;787;787;258;130;144;110;7;12;14;3;39;0;29;0;27;0;12;0;2;0;0;5;2;1;1;0;0;0;0;0;1;0;0;0;14;7;10;12;9;12;6;7;10;12;11;11;10;12;6;14;11;8;15;10;14;19;17;13;19;14;14;16;9;18;11;22;13;13;12;11;7;8;12;20;9;15;13;11;14;13;13;11;12;9;6;14;9;8;12;4;7;6;6;6;3;3;5;7;3;3;7;6;5;3;5;5;7;4;2;2;3;2;1;1;3;2;5;2;2;1;0;0;0;0;1;0;2;0;0;0;0;0;0;0
280030805000245;1;695;693;212;116;130;97;8;10;11;1;54;6;20;0;22;3;2;0;1;0;2;4;2;0;0;0;0;0;1;0;0;1;0;0;9;5;5;10;5;14;7;10;6;11;8;10;12;8;9;11;11;14;6;20;17;19;17;13;10;12;15;12;17;15;9;18;9;9;9;10;13;11;3;10;14;12;6;10;15;12;7;9;7;5;8;6;1;7;3;7;8;5;7;15;5;5;3;9;4;3;7;4;3;3;1;4;4;2;2;4;2;5;3;5;1;3;0;1;1;0;2;1;0;0;1;0;0;0;0;0;0;0;0;0
280030805000246;1;779;779;237;130;136;114;3;14;24;1;54;1;21;1;35;6;1;0;1;0;0;7;0;0;1;0;1;1;1;0;1;2;0;0;8;7;21;5;5;5;9;8;17;8;13;12;9;5;15;12;12;16;15;22;22;10;10;21;19;9;14;13;17;25;10;9;13;10;6;14;4;9;13;17;9;15;14;14;9;11;9;7;10;9;9;6;10;10;9;6;6;3;6;10;7;3;5;3;1;8;7;4;5;10;4;3;2;3;2;4;2;1;4;4;3;3;0;3;1;0;1;2;0;2;0;0;2;2;0;0;0;0;0;0
280030805000247;1;682;682;218;105;124;102;1;10;13;2;47;4;27;0;24;5;0;0;0;0;0;5;1;0;0;0;1;1;0;0;0;1;1;0;4;7;2;7;7;9;6;12;7;7;8;4;11;13;12;11;6;6;8;14;11;8;11;12;13;12;14;15;11;22;10;7;17;14;11;12;12;9;8;12;10;14;13;10;12;8;14;9;9;11;7;3;3;9;5;6;6;7;6;12;2;8;5;1;3;1;6;1;3;14;6;5;8;3;1;5;4;6;3;3;4;0;4;1;3;1;0;0;0;0;0;0;0;0;0;0;0;0;0;0
280030805000248;1;1338;1338;359;232;269;197;21;27;15;4;131;4;30;2;28;0;16;0;3;0;0;17;2;0;0;1;5;0;1;1;2;3;2;0;22;17;21;24;26;19;26;12;16;30;27;27;15;25;17;23;17;20;29;28;24;31;36;25;25;19;23;17;42;24;30;24;27;23;21;28;21;19;19;20;18;11;15;19;12;19;10;11;24;13;10;14;6;16;8;7;5;9;6;7;8;8;4;7;5;4;12;10;6;10;7;7;8;2;7;6;2;3;5;4;0;2;4;1;3;1;0;1;0;1;1;1;0;0;0;0;0;0;0;2
280030805000249;1;624;618;162;92;138;109;1;16;3;2;52;0;25;0;23;0;1;0;0;0;0;9;1;1;0;0;1;2;1;1;1;1;0;0;6;7;12;6;5;7;7;7;10;5;10;18;16;7;11;12;14;7;14;10;8;11;9;18;13;11;10;10;13;12;13;11;10;7;11;6;10;11;12;9;8;8;8;11;10;7;6;9;8;8;2;5;6;5;8;5;3;6;5;6;6;6;5;1;4;4;3;3;4;3;4;3;4;3;4;0;3;4;1;1;0;3;4;0;0;0;1;0;0;1;0;0;0;0;0;0;0;0;0;0
280030805000250;1;512;512;136;80;117;90;0;5;2;1;38;0;14;0;27;0;1;0;1;0;0;11;2;1;0;1;0;1;2;1;1;0;1;1;5;6;9;6;16;11;6;7;8;9;9;13;9;9;11;7;11;9;6;9;9;8;6;15;11;12;9;7;12;10;7;14;9;8;6;8;9;10;6;9;7;6;6;2;7;5;8;4;8;8;3;8;4;4;1;0;3;2;2;4;2;1;7;2;3;3;0;1;1;5;1;3;1;3;1;1;1;1;1;1;2;1;1;0;3;2;0;0;0;0;0;0;0;0;0;0;0;0;0;0
280030805000251;1;545;545;149;85;115;85;13;9;3;1;47;2;10;0;23;1;2;0;0;0;0;6;3;1;0;0;0;0;0;2;0;0;0;0;11;9;10;8;10;13;6;11;15;17;4;7;12;6;7;9;5;8;9;11;13;18;7;7;9;15;9;9;6;11;10;15;11;6;13;6;10;4;11;14;4;8;8;5;4;4;4;5;4;9;5;6;4;2;6;4;4;3;4;4;7;4;1;3;3;5;2;0;2;3;2;2;2;1;1;0;5;3;0;3;0;0;0;0;1;0;0;0;0;0;0;0;0;0;0;0;0;0;0;0
280030805000252;1;1001;1001;263;158;222;177;17;25;5;6;73;3;19;1;25;2;4;0;1;0;0;15;1;1;0;1;1;2;2;1;2;2;1;1;15;19;14;13;13;15;12;12;22;21;18;16;19;21;17;22;18;18;15;25;21;15;21;31;18;32;23;22;15;17;18;11;19;22;22;17;13;12;12;10;16;12;20;14;13;10;15;9;1;13;7;10;8;6;11;2;13;3;6;8;7;7;9;4;4;2;4;3;4;4;2;2;2;4;2;4;1;1;1;1;0;1;0;0;1;1;2;0;0;0;0;0;0;0;0;0;0;0;0;0
280030805000253;1;1043;1041;314;191;229;138;13;16;14;2;77;3;12;0;25;5;3;0;1;0;0;12;1;1;1;1;0;1;2;2;2;1;0;0;26;17;20;16;17;14;13;16;22;23;18;25;14;20;23;22;21;20;18;19;18;24;19;25;16;23;18;18;20;15;21;19;23;12;16;18;11;22;16;16;14;19;16;15;12;16;15;13;12;13;5;16;8;7;10;6;4;11;1;4;2;3;3;3;8;5;3;3;4;2;4;0;3;2;1;0;1;1;3;2;0;1;1;3;0;1;0;0;0;0;0;0;0;0;0;1;0;0;0;0
280030805000254;1;159;0;0;0;0;0;0;0;0;0;0;0;0;0;0;0;0;0;0;0;159;2;1;0;0;1;0;0;0;0;0;0;0;0;0;0;0;0;0;0;0;0;0;0;0;0;0;0;0;0;0;2;4;2;5;4;10;5;5;5;7;9;12;4;8;5;11;5;5;5;5;1;3;6;4;4;2;4;3;1;0;1;0;2;2;0;0;0;2;1;1;1;0;0;0;1;0;0;0;0;0;0;0;0;0;0;0;0;0;0;0;0;0;0;0;0;0;0;0;0;0;0;0;0;0;0;0;0;0;0;0;0;0;0
280030805000255;1;508;508;137;73;118;74;7;12;2;0;50;1;13;0;14;3;4;0;0;0;0;9;1;1;1;0;0;1;0;2;1;0;1;1;10;8;6;15;4;11;8;7;10;11;13;10;10;11;9;14;9;4;8;14;9;12;16;12;10;12;8;15;9;9;11;9;14;4;9;8;4;6;9;7;3;5;2;6;3;4;5;8;9;2;3;7;5;0;5;2;3;3;2;5;1;1;4;0;3;3;3;2;0;2;1;2;4;0;3;1;0;0;0;1;0;0;0;0;0;0;0;1;0;0;0;0;0;0;0;0;0;0;0;0
280030805000256;1;437;437;122;67;93;66;7;3;4;0;46;1;6;0;16;2;4;0;0;0;0;8;0;0;0;0;1;1;1;2;1;2;0;0;8;4;6;4;6;4;9;5;9;10;10;4;7;7;8;10;9;7;6;4;9;10;8;4;14;8;11;6;2;9;11;9;9;11;9;4;7;11;7;6;3;10;6;8;6;3;0;2;0;6;4;2;1;1;4;4;1;0;5;2;6;5;2;1;7;4;2;4;1;0;1;3;4;7;0;4;1;1;1;1;1;0;0;0;1;0;0;1;0;0;0;0;1;0;0;0;0;0;0;0
280030805000257;1;1253;1253;338;211;315;172;19;19;12;3;111;6;19;0;27;1;0;0;0;0;0;25;3;4;1;2;3;1;2;1;1;0;4;3;17;24;20;23;15;17;27;18;19;26;30;22;22;25;29;22;21;19;19;16;18;26;26;21;34;23;19;22;21;14;28;37;22;23;31;13;15;15;21;18;18;14;11;11;14;16;16;16;10;14;14;6;14;5;12;5;8;9;1;12;6;9;5;6;6;4;4;3;6;9;7;9;1;9;5;2;5;3;9;2;2;2;2;1;1;1;1;0;0;1;0;0;1;0;0;1;0;0;0;1
280030805000258;1;778;778;201;116;159;145;2;13;12;4;75;4;14;0;33;0;0;0;0;0;0;15;3;0;1;3;2;1;0;2;1;1;0;1;13;13;13;18;8;14;11;12;14;12;12;7;12;18;13;11;18;18;10;23;11;13;16;22;19;10;16;18;14;13;10;13;13;11;22;15;10;12;11;12;9;7;10;6;9;8;7;12;11;6;8;5;3;6;7;4;6;3;5;7;8;4;1;4;2;5;2;4;3;3;5;4;4;4;2;0;2;1;1;2;0;1;1;4;0;1;0;1;0;1;1;0;0;0;0;0;1;0;0;1
280030805000259;1;995;995;280;150;170;199;8;24;9;5;90;7;18;0;31;1;1;0;2;0;0;18;2;2;1;3;1;2;1;0;2;1;2;1;18;10;13;20;11;10;19;18;15;19;20;18;12;14;17;13;14;32;20;11;12;23;20;18;20;18;23;22;15;25;18;19;11;16;12;15;21;14;15;12;12;13;16;18;14;18;12;11;13;11;9;14;10;2;4;8;8;7;6;5;5;5;9;5;4;5;1;1;5;5;2;4;5;6;4;3;0;5;4;2;1;2;1;3;2;1;0;1;0;0;0;0;0;1;0;0;1;0;0;0
280030805000260;1;659;659;173;94;140;97;2;17;8;1;67;6;20;0;33;1;0;0;0;0;0;10;2;2;2;0;0;0;0;1;1;1;0;1;11;10;8;7;15;12;8;9;10;13;9;10;12;9;10;11;16;17;8;16;19;7;15;18;18;14;13;11;7;15;16;12;7;11;6;10;8;7;5;9;9;11;8;10;14;7;10;4;7;5;5;5;6;3;5;7;4;5;5;7;5;4;5;3;6;1;3;4;3;2;1;1;1;2;1;2;4;3;1;0;0;0;0;3;2;0;2;1;2;0;1;0;0;0;0;0;0;0;0;0
280030805000261;1;707;707;202;113;123;113;7;14;9;1;57;7;18;0;38;4;0;0;1;0;0;7;0;0;1;1;2;0;1;0;1;1;0;0;7;11;7;10;14;12;6;14;8;8;12;16;15;16;12;8;14;8;15;16;11;11;17;16;19;10;11;16;14;12;13;18;9;16;12;10;14;19;12;13;8;12;8;11;16;4;6;4;5;8;5;9;4;6;7;2;3;8;3;4;7;5;3;1;6;4;1;4;2;4;1;2;2;1;4;0;4;0;2;5;1;1;0;1;2;0;1;0;0;0;0;0;0;0;0;0;0;0;0;1
280030805000262;1;682;668;192;103;142;125;5;12;3;4;60;8;9;0;16;2;0;1;0;0;0;11;0;1;2;1;1;0;1;1;2;2;0;0;9;14;6;7;13;16;11;6;10;14;16;16;12;14;19;13;12;10;12;5;9;19;14;10;12;14;19;8;15;17;9;9;16;13;12;5;12;10;7;15;8;9;5;9;10;8;6;7;7;10;4;3;5;3;13;3;7;6;3;5;4;3;5;3;2;4;0;1;2;2;3;3;1;1;1;3;1;3;3;2;3;1;0;0;1;2;1;0;0;2;0;0;1;1;0;0;0;0;0;1
280030805000263;1;1005;1003;269;164;215;180;18;11;4;0;93;1;13;0;30;3;4;0;0;0;0;23;2;3;2;1;2;0;1;0;3;1;6;2;11;22;16;18;20;20;22;24;14;16;15;17;27;22;22;29;15;13;16;22;19;22;31;12;23;15;15;26;27;19;14;15;11;21;13;11;11;16;16;19;7;16;11;10;14;6;7;14;7;10;6;11;4;14;9;5;10;2;5;10;5;5;2;5;3;3;5;5;4;4;4;5;2;0;1;5;0;0;1;3;1;0;1;2;0;0;0;0;0;0;1;0;0;0;0;0;0;0;0;0
280030805000264;1;990;990;295;165;204;169;11;10;15;3;75;5;21;0;8;1;8;0;0;0;0;10;0;0;0;1;0;2;1;2;0;2;0;2;15;15;17;13;12;8;17;11;12;13;13;16;11;11;16;9;18;25;23;21;17;18;20;26;16;11;23;26;27;23;12;18;22;18;20;8;14;18;5;11;19;12;13;12;11;18;9;12;12;13;8;2;14;8;10;11;6;9;5;3;6;9;11;8;8;7;7;5;4;6;2;7;4;3;5;2;2;5;4;2;0;4;3;2;1;0;3;2;0;1;0;0;0;0;0;0;0;0;1;0
280030805000265;1;949;946;284;67;84;256;14;11;2;0;76;1;21;0;24;15;94;0;0;0;0;24;1;0;2;5;0;3;1;4;5;2;1;0;17;23;22;20;14;8;28;19;18;19;17;22;15;14;20;21;20;16;19;29;17;9;25;25;23;20;27;17;20;19;13;18;17;11;18;20;14;17;10;7;15;14;11;9;7;6;12;4;2;9;6;8;8;4;2;3;10;3;6;8;3;9;3;3;1;6;1;0;1;1;2;2;3;4;2;2;5;0;0;1;0;0;0;0;0;0;0;0;0;0;0;0;0;0;0;0;0;0;0;1
280030805000266;1;545;545;202;113;98;56;7;0;7;0;12;1;19;0;17;0;8;0;5;0;0;7;0;0;0;0;1;2;1;1;1;0;0;1;7;9;8;9;7;6;7;5;5;5;9;8;9;8;10;5;6;9;7;11;12;8;14;8;16;24;16;19;26;13;19;31;16;9;11;10;8;7;13;6;6;9;5;8;7;8;2;8;3;4;2;7;1;2;1;2;1;4;0;1;3;1;1;1;2;2;0;0;1;0;1;1;0;0;0;1;0;0;1;0;2;0;0;0;0;2;1;0;0;1;0;0;0;0;0;0;0;0;0;0
280030805000267;1;1152;1152;317;193;281;155;5;21;22;1;63;2;24;0;31;5;5;0;26;1;0;4;0;0;0;2;0;1;0;0;0;1;0;0;9;10;17;6;12;13;8;11;11;7;9;14;6;13;19;18;16;16;20;22;28;26;27;37;36;33;27;34;17;24;19;20;14;14;8;15;15;15;12;12;13;12;10;7;16;15;12;6;20;19;13;14;27;23;21;22;17;13;18;19;15;15;16;9;10;7;6;5;2;3;2;2;2;4;4;2;3;4;1;4;2;7;1;3;1;2;3;1;3;1;0;0;0;0;1;0;0;0;0;0
280030805000268;1;786;786;221;143;230;84;1;14;10;5;32;0;8;0;12;10;8;0;7;1;0;6;0;0;0;1;0;1;0;0;0;3;1;0;9;12;5;7;3;4;7;6;13;5;6;5;2;10;11;14;7;15;11;18;26;19;17;21;22;28;23;24;16;17;7;9;12;11;16;5;11;10;8;8;5;7;9;11;6;10;9;10;14;15;14;15;16;13;14;22;13;12;8;10;10;6;8;5;6;1;5;1;3;3;1;1;0;2;1;0;2;1;0;1;0;0;0;1;1;0;1;2;0;0;0;0;1;0;1;2;1;0;0;0
280030805000269;1;804;804;220;151;209;105;21;4;7;1;30;1;17;1;18;6;5;0;7;1;0;9;0;1;1;0;0;1;1;1;0;2;1;1;17;19;11;6;9;19;15;10;19;21;14;26;16;23;18;15;18;13;6;8;12;19;11;7;14;7;15;18;15;17;17;18;12;17;9;12;16;19;17;14;14;12;5;10;12;10;13;11;11;11;6;7;6;7;4;4;4;2;7;6;5;3;2;2;4;3;4;1;6;1;1;0;0;0;1;0;1;1;0;2;1;1;2;0;1;1;0;0;0;0;0;0;0;0;0;0;0;0;0;1
280030805000270;1;297;297;99;68;71;33;3;2;2;1;2;0;8;1;3;0;1;0;3;0;0;5;0;2;1;0;0;0;0;0;1;0;0;1;5;6;8;8;6;3;1;3;4;4;5;3;0;0;7;4;3;4;4;3;5;8;6;5;4;5;18;11;9;11;8;9;5;4;4;8;7;5;6;2;5;4;3;3;5;2;1;1;2;3;3;2;0;2;4;2;1;2;4;2;2;3;2;2;2;1;1;0;0;0;1;1;1;0;2;0;0;0;0;0;1;0;1;0;0;0;0;0;0;0;0;0;0;0;0;0;0;0;0;0
280030805000271;1;565;563;151;85;158;83;6;5;7;1;25;0;7;0;19;1;14;0;3;0;0;6;1;1;0;0;0;1;1;1;0;0;0;1;6;5;8;4;5;4;4;4;5;5;7;6;2;12;7;4;5;10;17;7;15;10;15;13;15;21;15;13;13;10;12;12;3;11;3;9;8;8;6;5;1;5;1;5;7;7;6;8;8;8;11;12;9;13;10;11;9;12;7;12;4;6;8;3;3;1;6;2;1;1;2;3;2;0;2;0;1;0;0;1;1;0;1;3;0;0;0;0;0;0;1;1;0;0;0;0;0;0;0;0
280030805000272;1;868;868;228;155;244;88;10;19;14;2;55;0;20;0;19;0;3;0;10;1;0;7;2;0;0;0;1;0;1;0;1;0;1;1;7;8;7;7;5;4;10;8;10;11;8;11;3;12;21;6;13;12;15;15;14;22;27;29;27;28;21;22;10;17;8;14;16;11;11;8;10;6;9;9;8;11;5;5;10;14;14;15;12;18;14;9;22;19;22;18;10;12;9;12;14;11;7;8;2;3;2;1;3;3;6;2;1;4;0;0;3;1;1;1;2;3;1;2;0;2;1;1;1;0;1;0;0;0;0;1;0;0;2;0
280030805000273;1;606;606;154;114;216;44;2;7;10;1;16;0;11;0;22;1;0;0;7;1;0;3;0;0;0;0;0;0;2;0;0;1;0;0;7;4;4;5;7;4;4;14;11;6;6;10;11;12;15;7;13;15;14;21;15;11;12;19;12;14;8;8;11;9;9;7;5;5;9;7;3;9;6;13;6;14;10;7;11;13;9;10;8;16;13;9;10;10;11;9;7;11;5;0;2;3;1;2;3;2;3;1;3;2;0;2;1;3;0;0;0;1;0;0;0;0;0;1;1;0;0;1;0;0;0;0;0;0;0;0;0;0;0;0
280030805000274;1;205;"X";"X";"X";"X";"X";"X";"X";"X";"X";"X";"X";"X";"X";"X";"X";"X";"X";"X";"X";"X";"X";"X";"X";"X";"X";"X";"X";"X";"X";"X";"X";"X";"X";"X";"X";"X";"X";"X";"X";"X";"X";"X";"X";"X";"X";"X";"X";"X";"X";"X";"X";"X";"X";"X";"X";"X";"X";"X";"X";"X";"X";"X";"X";"X";"X";"X";"X";"X";"X";"X";"X";"X";"X";"X";"X";"X";"X";"X";"X";"X";"X";"X";"X";"X";"X";"X";"X";"X";"X";"X";"X";"X";"X";"X";"X";"X";"X";"X";"X";"X";"X";"X";"X";"X";"X";"X";"X";"X";"X";"X";"X";"X";"X";"X";"X";"X";"X";"X";"X";"X";"X";"X";"X";"X";"X";"X";"X";"X";"X";"X";"X";"X";"X"
280030805000275;1;835;835;227;163;254;57;11;5;30;2;24;0;29;1;23;2;3;0;4;0;0;11;2;1;2;1;1;1;0;1;1;0;1;0;5;7;7;8;6;8;7;8;9;11;11;14;14;16;8;12;11;23;19;13;25;10;23;19;20;19;13;8;13;10;10;14;8;9;11;9;7;9;8;16;10;18;18;15;17;17;21;20;14;27;14;15;15;14;14;6;10;8;7;8;4;2;8;3;4;1;6;0;2;1;2;1;5;1;5;2;2;1;0;0;1;0;1;1;1;2;0;1;0;0;0;0;0;0;1;0;0;0;0;0
280030805000276;1;942;942;273;177;214;137;42;9;2;2;46;0;10;0;26;4;0;0;0;0;0;12;0;1;2;3;2;0;0;1;0;3;0;0;15;20;16;12;19;16;12;18;22;28;22;24;23;24;26;24;13;24;17;11;19;21;18;17;7;24;20;17;17;17;13;17;21;21;12;13;8;12;21;12;8;13;7;8;10;16;15;10;4;14;11;9;3;5;7;5;10;4;7;7;6;2;3;2;3;4;2;3;2;4;1;2;0;0;0;0;1;2;1;1;0;1;0;2;0;1;0;0;0;0;1;0;0;0;0;0;0;0;0;0
280030805000277;1;645;645;194;136;175;61;28;2;2;4;23;0;7;0;9;2;0;2;0;0;0;11;1;1;2;0;0;0;1;0;1;1;0;4;9;16;12;14;15;9;13;18;7;20;9;19;13;16;12;9;12;13;9;10;11;24;10;20;13;10;13;10;10;8;11;9;6;16;11;8;14;15;11;16;13;13;5;5;14;5;8;8;3;7;5;3;2;2;4;6;5;4;2;3;1;2;1;2;2;3;0;0;1;0;1;0;0;1;0;0;1;1;0;0;0;0;0;0;0;0;0;0;0;0;0;0;0;0;0;0;0;0;0;0
280030805000278;1;817;816;216;122;169;175;19;17;7;2;58;1;13;0;15;2;1;0;0;0;0;12;0;0;2;2;1;1;4;0;1;1;0;0;9;16;13;9;16;8;17;15;15;19;18;25;14;26;22;26;29;20;16;13;22;21;16;12;8;16;11;16;13;13;7;10;16;7;11;16;8;16;10;15;12;6;9;16;8;12;11;16;13;11;4;9;8;5;6;3;5;2;3;3;6;3;4;2;2;2;1;3;0;4;2;0;0;2;2;0;0;0;0;0;0;0;0;0;0;0;0;0;0;0;0;0;0;0;0;0;0;0;0;0
280030805000279;1;696;696;190;113;1;264;13;13;4;5;53;5;13;1;21;0;0;0;0;0;0;13;1;1;0;3;1;2;1;0;2;0;0;2;9;16;7;14;17;11;12;14;10;20;18;10;15;22;16;9;11;16;19;12;7;17;16;12;18;11;14;19;8;17;15;13;10;11;14;7;13;10;9;8;9;9;7;6;4;7;7;7;6;9;5;11;6;4;7;3;4;2;5;4;1;2;1;1;5;5;3;0;1;0;1;1;3;1;0;0;1;2;1;1;0;0;1;1;0;0;0;1;0;1;0;0;0;0;0;0;0;0;0;0
280030805000280;1;1190;1187;336;216;288;187;40;12;7;2;39;2;25;0;28;7;0;0;1;0;0;20;2;3;0;1;4;2;1;0;1;0;4;2;17;14;19;20;22;18;16;28;12;23;29;28;26;28;32;23;29;25;26;19;34;22;30;28;26;18;22;21;22;25;21;21;17;19;24;17;19;10;20;30;11;18;23;21;15;16;17;14;8;8;11;6;17;9;5;5;7;10;4;6;5;3;7;3;1;2;2;0;1;5;3;1;1;0;0;0;0;0;1;0;1;1;0;1;1;0;0;0;0;0;0;0;0;0;0;0;0;0;0;0
280030805000281;1;985;985;275;181;239;142;15;15;6;1;61;0;17;0;24;4;5;0;0;0;0;16;1;0;2;1;1;1;1;1;0;3;4;1;11;15;22;14;17;13;16;11;12;20;15;20;24;16;20;21;16;23;17;22;22;22;29;23;25;18;15;19;16;21;19;13;14;13;11;10;15;12;6;22;16;17;15;19;17;13;12;6;13;21;10;15;7;8;10;8;2;7;8;7;3;5;5;3;6;5;1;4;1;1;3;1;1;1;3;1;0;0;0;1;0;0;1;1;0;0;0;0;0;1;0;0;0;0;0;0;0;0;0;0
280030805000282;1;585;582;169;97;109;111;16;9;3;3;47;0;10;1;9;1;0;0;0;0;0;7;1;0;1;1;0;1;1;0;0;2;0;0;8;11;16;13;13;6;3;12;11;10;7;15;10;16;12;10;8;4;13;6;6;13;7;12;19;14;10;15;10;10;4;7;15;12;19;9;10;9;8;8;12;8;11;7;6;5;9;6;5;6;4;4;2;3;1;2;4;3;5;2;5;3;4;3;5;4;0;5;0;3;2;2;0;4;0;2;1;1;0;1;0;0;0;3;1;1;0;0;1;1;0;0;0;0;0;0;0;0;0;0
280030805000283;1;1105;1105;332;239;318;106;22;8;12;6;30;0;12;0;14;5;1;0;0;0;0;15;0;1;1;1;1;1;2;5;1;0;0;2;22;17;18;15;12;13;17;16;17;27;19;25;24;12;18;27;13;34;24;23;18;27;27;19;30;21;20;23;26;27;31;19;26;20;31;12;18;16;18;17;17;10;18;24;18;20;15;10;8;10;15;4;3;8;5;6;8;7;4;1;3;4;1;3;4;1;0;3;1;3;3;0;2;1;2;1;1;2;1;0;0;0;1;0;2;0;0;0;0;0;0;0;1;0;0;0;0;0;0;0
280030805000284;1;720;720;222;120;143;73;12;4;54;0;22;2;40;2;26;0;0;0;0;0;0;10;0;1;0;1;3;0;0;0;2;0;1;2;10;13;13;13;14;12;15;11;10;14;18;14;17;17;14;10;6;11;8;12;15;11;13;10;14;17;20;15;14;16;10;16;9;9;18;17;17;10;11;7;9;11;14;10;5;14;4;8;5;5;5;5;6;7;2;4;4;3;3;5;3;5;4;3;4;4;6;3;1;4;4;2;3;1;1;0;2;1;0;1;0;2;3;0;0;0;0;0;0;1;0;0;0;0;0;0;0;0;0;2
280030805000285;1;903;903;248;155;186;123;19;24;8;1;103;2;16;0;9;5;4;0;0;0;0;14;2;0;3;1;1;1;1;2;0;0;1;2;14;13;8;15;12;14;6;16;15;16;11;20;14;21;19;16;19;21;19;17;20;21;13;12;23;18;18;19;21;16;17;13;23;17;14;10;13;16;10;10;13;15;12;15;11;6;15;4;6;14;6;5;6;6;7;2;5;7;5;9;7;7;10;10;8;8;5;1;3;4;4;0;5;3;1;3;2;1;1;4;0;0;0;0;0;0;0;1;0;0;0;1;0;0;0;0;0;0;0;1
280030805000286;1;828;828;227;134;132;177;16;1;4;0;72;0;18;0;41;3;3;0;0;0;0;8;0;2;0;1;2;2;0;0;1;0;0;0;9;9;13;10;21;9;12;22;16;11;22;25;11;14;15;10;20;15;21;11;14;14;18;27;24;17;22;21;18;12;21;13;13;12;16;15;21;7;11;9;13;8;7;10;5;7;7;7;9;5;7;5;5;5;11;3;6;9;6;4;5;3;4;1;3;6;4;3;3;5;2;2;1;1;4;1;0;0;3;3;0;0;0;2;1;2;0;1;0;0;0;0;0;0;0;0;0;0;0;0
280030805000287;1;1167;1167;324;217;293;153;28;20;7;2;72;0;21;0;19;6;5;0;0;0;0;17;1;0;0;3;1;1;1;1;0;1;3;5;23;25;23;22;19;20;20;28;25;25;17;31;19;23;21;28;30;23;17;24;30;39;23;27;21;29;29;15;18;24;16;26;14;13;14;14;19;14;18;17;18;16;13;9;21;16;24;12;7;9;12;10;16;11;8;6;4;4;3;7;4;3;4;2;4;1;2;2;3;4;0;3;0;2;1;1;1;0;0;1;0;1;0;0;0;0;0;1;1;0;0;0;0;0;0;0;0;0;0;0
280030805000288;1;828;828;212;134;198;152;16;8;6;0;64;1;14;0;19;2;2;0;0;0;0;18;3;1;4;2;1;2;2;0;0;1;1;1;13;19;16;16;17;17;17;14;17;23;16;30;20;19;19;18;23;13;18;17;19;16;14;12;22;28;17;12;15;14;14;7;5;13;9;10;11;16;9;8;8;15;12;10;15;13;8;8;6;7;9;4;6;5;5;4;6;4;4;3;1;2;2;0;2;3;1;1;3;2;3;0;0;1;1;0;0;1;1;1;0;0;0;0;0;0;0;0;0;0;0;0;0;0;0;0;0;0;0;0
280030805000289;1;947;944;282;169;212;163;18;12;7;2;48;0;12;0;16;2;4;0;0;0;0;23;0;2;1;5;1;1;2;5;3;1;1;1;18;22;16;16;13;17;18;7;19;22;14;18;18;19;25;21;33;26;21;16;20;21;21;23;21;12;18;16;21;19;14;14;12;13;9;17;11;19;18;15;12;15;14;14;11;11;9;10;10;8;11;8;7;3;8;6;4;2;8;2;5;1;4;2;6;3;1;1;1;0;0;3;0;1;0;4;1;0;1;1;0;1;0;0;0;0;1;0;0;0;0;0;0;1;0;0;0;0;0;0
280030805000290;1;310;306;87;53;29;88;8;3;3;0;25;0;4;0;9;0;1;0;0;0;0;4;0;0;0;0;2;0;0;0;0;1;0;1;4;2;7;5;4;5;3;9;5;8;5;3;6;6;10;8;6;12;7;8;11;5;5;9;5;8;5;6;6;5;4;7;5;1;1;2;5;2;4;6;2;4;4;0;5;5;4;5;8;5;4;2;1;3;4;2;4;1;1;3;2;2;1;1;0;3;0;0;0;1;0;0;0;2;0;0;2;0;0;0;0;0;0;0;0;0;0;0;0;0;0;0;0;0;0;0;0;0;0;0
280030805000291;1;710;710;223;108;120;134;13;12;7;1;43;1;19;0;21;5;1;0;2;0;0;8;1;0;3;0;0;0;0;0;0;2;1;1;7;9;11;13;10;5;7;4;8;14;12;7;11;9;15;16;9;11;17;14;13;19;16;11;12;15;11;7;12;7;16;12;11;14;19;13;9;14;8;14;14;14;8;10;10;15;8;5;10;9;8;7;7;11;8;4;3;4;9;4;4;6;0;9;0;4;4;4;4;1;3;4;1;4;0;4;1;1;1;3;1;2;2;1;1;0;0;0;0;1;0;1;0;1;1;1;1;0;0;1
280030805000292;1;1228;1228;310;164;192;214;16;23;21;5;109;4;43;2;81;11;20;11;2;0;0;14;3;2;0;1;0;2;0;1;2;0;1;2;10;25;13;17;21;21;21;20;18;20;27;15;15;15;13;22;11;19;13;22;30;35;25;28;25;24;29;27;19;24;30;19;11;25;28;18;16;16;15;16;16;30;17;19;19;12;11;18;8;20;13;6;5;5;8;9;14;12;11;8;8;5;13;4;11;10;6;9;5;6;7;6;5;3;2;3;4;0;4;1;1;3;2;4;1;1;2;2;2;1;0;1;1;0;0;1;0;0;0;1
280030805000293;1;1038;1038;306;175;192;184;9;14;18;2;71;1;36;1;18;2;8;0;1;0;0;10;0;1;3;0;2;0;1;0;1;0;1;1;17;8;10;7;13;10;9;9;15;13;15;19;18;20;14;21;22;14;16;21;25;18;19;19;18;23;16;18;21;14;22;19;13;18;16;10;20;9;21;22;23;19;17;11;14;11;16;13;12;14;15;8;9;8;11;4;4;11;9;8;5;12;4;11;9;4;5;4;5;7;8;7;3;8;5;4;4;5;3;3;3;4;2;4;3;1;0;1;1;0;2;1;0;1;0;0;0;0;0;0
280030805000294;1;763;763;208;121;173;117;14;16;6;1;69;2;9;0;16;6;3;0;2;0;0;12;0;0;1;2;2;0;0;3;0;0;1;3;11;11;10;11;13;7;14;11;11;13;13;15;10;12;9;16;12;14;16;10;12;11;16;18;17;22;14;18;14;19;14;18;10;10;10;6;9;17;12;15;9;14;9;12;11;11;6;8;5;11;6;6;3;11;7;8;6;4;4;7;8;3;5;3;1;3;2;3;4;7;4;3;4;0;5;0;1;3;0;0;2;1;2;2;0;2;1;0;0;1;1;0;0;1;0;0;0;0;0;0
280030805000295;1;894;894;246;122;141;176;13;20;9;1;91;5;16;2;49;2;0;0;1;0;0;9;1;0;0;2;1;0;0;1;3;0;1;0;13;11;14;12;15;15;14;13;15;13;13;19;12;15;19;20;8;23;8;17;20;20;19;14;17;15;21;6;15;11;9;17;14;17;13;15;12;15;15;10;22;14;17;14;15;8;9;10;8;3;11;8;11;9;8;7;6;4;6;5;4;6;6;3;6;5;6;6;1;5;3;3;6;3;7;7;2;6;2;2;1;2;5;2;2;1;2;0;0;0;0;1;0;1;0;0;0;0;0;0
280030805000296;1;848;848;244;125;158;108;6;13;54;3;39;1;53;5;37;2;0;0;0;0;0;4;0;0;0;0;0;0;2;1;1;0;0;0;15;10;12;10;14;10;16;13;13;20;16;13;16;15;16;12;16;15;12;14;14;20;16;16;11;16;17;9;22;14;13;15;28;13;13;10;8;13;17;13;17;20;10;12;9;6;10;8;10;10;11;8;6;5;5;8;6;6;9;3;2;5;6;5;4;2;4;6;4;2;3;5;2;2;3;3;2;2;4;4;3;1;1;2;3;5;0;0;1;3;0;0;0;0;0;0;0;0;0;0
280030805000297;1;1040;1040;310;192;237;142;17;16;9;3;50;2;21;0;21;19;0;0;1;0;0;17;2;2;4;1;2;2;0;0;0;2;1;1;13;17;14;17;14;14;14;16;12;12;22;15;13;19;14;19;29;15;20;17;18;14;27;24;16;18;20;27;27;19;25;22;26;13;23;23;25;12;16;21;8;11;16;10;17;12;20;7;10;11;10;8;6;8;8;12;7;5;3;7;5;3;6;4;4;4;4;3;5;1;4;3;4;0;3;2;3;2;4;2;2;2;1;2;2;3;3;1;0;1;0;0;0;0;0;0;0;2;0;0
280030805000298;1;876;876;236;140;186;131;7;22;6;3;103;6;10;1;13;12;0;0;0;0;0;13;0;1;1;2;0;2;1;1;0;2;2;1;14;14;12;10;12;10;10;11;11;15;14;14;12;10;10;15;15;12;5;13;11;13;25;21;16;17;19;23;19;13;9;24;8;12;15;21;16;7;7;14;13;11;13;9;13;11;12;8;8;9;5;13;9;12;10;6;9;8;7;12;11;11;5;8;11;7;7;7;8;3;3;3;1;1;2;2;2;4;1;3;1;3;4;2;2;2;0;0;0;0;1;0;1;0;0;0;0;0;0;0
280030805000299;1;668;668;192;88;121;82;7;6;48;1;40;1;32;5;36;8;1;0;0;0;0;8;2;1;1;2;0;0;0;0;1;1;0;0;8;8;11;10;11;9;12;9;10;8;3;10;8;16;8;13;13;12;6;9;8;20;12;10;14;10;9;16;11;18;17;11;9;12;14;16;11;7;8;9;9;7;12;10;3;10;12;6;7;7;4;9;11;5;6;6;6;4;7;8;5;5;2;2;4;2;6;2;3;9;4;5;2;2;2;1;2;4;2;3;1;1;2;3;1;0;0;0;0;0;0;0;0;0;0;0;0;0;0;0
280030805000300;1;1016;1016;277;152;196;184;11;16;16;4;89;7;29;0;29;0;5;0;1;0;0;15;1;1;1;0;0;3;1;2;0;3;1;2;9;13;21;16;14;16;11;16;12;13;24;10;9;16;14;20;12;20;18;15;21;33;12;25;15;18;17;26;22;23;12;17;23;22;11;13;12;10;13;16;14;13;16;10;17;11;13;11;14;17;10;13;16;9;9;11;6;9;10;10;4;8;7;5;5;8;6;6;5;3;3;5;7;1;5;3;1;3;1;3;1;1;0;4;1;2;1;1;1;1;0;0;0;0;0;0;0;0;0;0
280030805000301;1;725;725;202;120;158;109;15;16;6;2;45;7;12;1;20;8;0;3;1;0;0;6;0;0;1;0;0;0;3;1;0;0;1;0;12;6;9;9;12;12;7;11;12;11;10;9;15;12;15;18;9;10;10;13;9;23;14;13;14;12;8;16;17;16;14;8;16;15;12;17;15;13;13;9;13;17;6;14;14;4;5;10;2;8;7;8;9;7;0;10;4;5;2;5;6;4;4;6;4;2;1;0;8;4;3;1;2;8;1;2;0;2;7;1;0;1;1;1;0;0;1;0;0;1;2;0;0;0;0;0;0;0;0;0
280030805000302;1;778;778;235;121;137;141;7;15;10;0;60;4;20;0;19;0;4;0;5;0;0;8;0;1;0;0;2;0;1;0;1;2;1;0;10;3;7;8;8;9;6;13;7;16;12;11;11;12;10;16;13;11;6;20;21;19;11;20;13;14;13;11;14;12;15;7;11;11;21;19;12;22;14;12;21;13;10;5;9;11;4;11;12;10;2;3;7;4;4;7;5;3;3;4;12;6;8;3;7;6;8;6;7;8;4;3;6;4;6;3;1;1;4;4;1;3;3;1;1;1;0;2;1;1;0;0;0;0;0;0;0;0;0;0
280030805000303;1;953;953;283;153;200;156;5;23;11;1;78;0;16;0;19;6;0;0;2;0;0;17;1;2;0;1;3;3;3;1;0;1;1;1;14;9;10;8;11;14;13;6;8;16;10;13;18;14;7;13;15;19;10;20;17;15;23;16;21;16;22;22;18;16;26;14;17;19;16;17;21;9;15;8;13;16;13;10;19;10;17;12;11;8;10;6;8;9;12;5;12;9;12;8;9;8;9;4;6;12;6;7;3;13;2;2;3;6;3;1;2;2;1;5;1;0;4;2;2;0;0;0;1;1;0;1;0;0;1;0;1;0;1;1
280030805000304;1;864;864;251;131;161;141;9;26;15;0;76;2;23;1;19;4;5;0;0;0;0;11;2;0;0;2;1;1;1;0;0;2;1;1;4;7;8;8;16;13;8;11;13;12;6;12;12;18;15;14;10;14;17;13;13;21;15;17;12;16;10;13;17;14;17;9;11;9;17;13;13;13;12;16;12;18;20;18;18;9;13;9;10;8;10;14;11;6;14;8;6;7;6;6;4;12;7;3;4;5;8;4;6;7;3;4;3;5;9;6;5;8;2;2;1;2;2;1;1;2;0;1;1;0;1;0;0;0;1;0;0;0;0;1
280030805000305;1;776;776;220;123;148;133;7;13;2;3;70;2;17;0;29;1;3;3;2;0;0;9;0;0;0;1;1;1;1;0;1;0;2;2;8;11;15;9;6;12;10;5;12;4;11;12;11;11;8;15;10;12;11;13;12;6;17;22;11;13;12;15;5;10;11;12;9;13;13;15;17;11;5;11;14;19;16;12;9;9;11;12;5;14;11;7;12;8;7;8;8;6;2;10;4;8;5;9;6;5;6;8;4;3;3;6;7;9;7;1;3;4;2;1;2;1;5;2;1;0;1;2;1;0;0;0;0;2;1;0;0;1;0;1
280030805000306;1;692;692;198;111;148;109;14;9;10;2;61;0;10;1;16;0;1;0;2;0;0;14;2;0;1;0;1;0;1;1;3;0;2;3;8;9;11;13;11;10;10;11;10;11;14;11;10;10;16;10;12;7;5;11;9;10;11;7;21;14;14;13;17;18;13;8;13;15;16;8;8;7;8;16;11;13;8;10;7;6;7;6;8;9;3;5;5;7;10;4;4;4;1;3;5;4;6;9;4;7;6;9;4;2;6;2;7;2;4;4;1;1;1;0;1;0;0;1;1;1;0;0;0;0;0;1;0;0;0;1;0;0;0;1
280030805000307;1;912;908;253;139;173;139;17;18;11;2;80;9;16;0;43;6;3;0;3;0;0;9;0;0;1;0;0;1;1;1;1;1;1;2;12;11;17;8;10;22;7;7;15;13;21;14;17;14;23;13;15;17;15;12;19;22;18;13;19;21;19;22;13;13;12;11;16;16;13;20;18;19;10;15;14;13;9;12;11;10;11;16;10;10;12;11;10;8;6;4;11;7;6;7;6;8;5;8;4;5;3;6;3;8;0;1;4;1;2;2;6;3;2;5;1;1;1;2;2;0;1;0;0;0;0;0;1;1;0;0;0;0;0;1
280030805000308;1;966;966;286;160;182;129;13;15;8;4;82;3;29;3;42;8;1;0;1;0;0;9;2;1;0;1;2;0;0;1;0;0;1;1;8;12;8;12;10;9;12;13;18;20;10;17;21;9;22;14;15;11;14;17;13;18;21;22;18;20;9;17;24;17;12;9;26;9;10;16;13;13;14;22;18;20;13;9;11;11;10;14;13;22;13;6;9;11;7;11;13;11;10;11;4;11;2;6;5;3;9;4;4;3;3;8;10;2;4;0;3;2;7;6;4;0;2;2;1;4;3;0;1;3;0;1;0;0;0;1;0;0;1;0
280030805000309;1;791;791;223;116;153;135;11;10;8;0;62;2;28;3;30;10;0;0;0;0;0;10;0;3;1;0;0;1;1;2;0;0;1;1;15;6;10;10;11;9;8;9;6;14;14;14;14;12;9;12;13;17;17;16;11;17;17;9;27;12;16;15;13;14;11;14;10;7;19;9;17;14;10;20;7;18;7;13;10;9;8;13;9;13;9;12;5;8;10;5;4;3;4;8;3;5;4;9;5;7;2;2;4;8;4;4;4;0;1;2;2;1;2;2;4;3;1;3;0;1;2;0;0;0;1;1;0;1;0;0;0;0;0;0
280030805000310;1;541;541;165;89;102;98;1;7;2;1;41;1;15;0;16;1;2;0;0;0;0;14;4;1;1;1;1;0;1;2;0;0;1;2;6;6;7;4;10;5;7;11;10;9;8;11;10;12;9;7;8;11;7;6;10;8;9;7;14;10;9;7;17;8;8;10;6;11;8;9;9;9;9;4;12;9;8;7;17;8;6;9;6;3;7;4;5;2;7;3;3;3;0;3;4;1;1;2;5;4;4;3;3;2;2;1;2;3;1;1;2;4;2;3;1;2;1;1;0;1;1;0;0;1;1;0;0;0;0;0;0;0;0;0
280030805000311;1;735;733;193;126;162;102;8;20;5;3;71;3;9;0;18;2;9;3;1;0;0;12;2;2;0;0;0;2;1;0;2;0;0;3;8;14;6;13;6;13;11;8;6;12;9;15;8;8;7;14;7;13;10;9;10;15;7;12;15;16;14;20;21;22;15;19;13;18;11;13;16;9;10;6;10;10;5;4;10;11;7;3;0;5;9;5;7;8;9;7;5;14;14;16;12;9;6;7;10;4;8;6;3;7;0;0;1;0;1;1;1;0;3;0;0;0;1;3;0;0;0;0;1;0;0;0;0;0;0;0;0;0;0;1
280030805000312;1;686;686;195;107;116;137;8;18;8;2;56;3;18;0;14;4;0;0;0;0;0;6;0;0;0;1;3;0;1;0;0;0;0;1;9;14;10;9;8;11;9;7;11;9;10;9;8;7;12;9;11;5;7;9;14;8;23;17;14;20;14;15;14;12;12;8;12;14;12;16;12;15;10;6;10;6;8;2;8;7;14;4;6;12;7;9;6;7;4;8;7;7;7;10;7;8;10;6;4;7;3;2;4;6;2;2;1;1;1;1;1;1;1;3;1;1;2;1;0;2;0;0;1;0;0;0;0;0;0;0;0;0;0;0
280030805000313;1;1119;1118;312;173;234;178;11;26;11;6;115;3;23;1;11;6;7;0;2;0;0;16;1;1;0;2;1;2;1;3;1;0;1;3;13;12;9;13;16;14;10;21;17;12;20;15;14;16;16;24;22;24;22;17;20;22;28;17;21;20;17;18;25;19;17;26;21;13;17;12;21;13;13;20;17;18;17;10;16;12;13;14;13;11;13;7;9;12;16;9;17;11;14;13;14;10;9;13;8;7;4;9;2;8;2;4;2;5;5;0;2;2;2;2;3;4;2;0;6;1;2;0;2;2;0;0;0;1;0;0;0;0;0;1
280030805000314;1;954;952;255;150;197;150;9;26;14;3;81;3;33;0;29;2;2;0;0;0;0;12;1;2;1;1;1;2;0;1;2;0;1;0;15;17;13;16;18;17;13;8;14;7;16;15;18;17;12;12;11;18;14;15;18;13;21;24;20;12;22;20;26;20;11;18;18;20;12;22;12;8;15;13;19;14;9;13;12;11;8;10;9;9;13;12;8;7;9;7;10;6;10;10;10;7;4;8;5;6;5;5;0;5;2;6;3;5;4;2;4;2;3;1;5;4;1;2;2;0;0;0;0;1;1;1;0;1;0;0;0;0;0;0
280030805000315;1;881;881;272;154;196;135;5;15;11;0;47;3;20;0;14;1;7;0;1;0;0;10;0;2;0;0;1;1;0;3;0;2;0;1;12;15;11;8;10;15;9;11;12;24;11;14;13;17;18;10;17;17;8;13;15;14;19;19;10;18;23;22;16;20;18;12;16;12;27;17;17;15;12;13;15;13;15;20;7;7;8;14;10;11;9;11;7;9;7;5;9;5;1;6;5;3;10;5;4;5;2;7;1;2;3;1;3;3;4;3;2;2;2;2;2;1;0;2;2;1;0;1;3;0;0;0;1;0;0;0;0;0;0;0
280030805000316;1;1033;1027;305;160;183;179;6;13;7;2;89;1;27;0;49;6;6;0;0;0;0;8;0;2;1;1;3;0;0;1;0;0;0;0;11;8;9;12;13;10;9;14;14;15;13;13;12;19;17;22;12;18;13;11;11;25;15;17;13;15;19;16;12;14;12;15;23;17;19;15;24;22;14;17;26;18;13;16;22;14;15;16;13;7;9;11;7;5;10;9;14;9;14;12;12;12;7;10;8;5;6;5;9;11;9;7;7;6;7;4;5;5;4;5;0;4;3;3;1;2;1;2;1;0;1;1;0;1;0;0;0;0;0;1
280030805000317;1;855;852;269;143;180;125;8;7;21;3;22;1;28;2;30;6;9;0;1;0;0;16;0;4;2;1;1;2;1;2;1;1;1;0;8;10;12;10;7;12;12;13;12;9;17;15;20;7;18;15;20;18;14;12;17;21;13;17;19;20;10;11;16;19;11;13;12;18;19;16;18;16;21;26;15;12;9;25;14;13;17;12;11;22;2;7;8;4;6;8;6;5;0;7;1;4;1;4;6;1;3;2;2;1;1;1;5;0;0;1;1;0;1;1;1;0;1;1;1;1;0;0;0;0;0;1;0;0;0;0;0;0;0;0
280030805000318;1;542;542;153;98;135;68;0;10;6;3;37;0;9;0;18;2;0;0;3;0;0;10;1;1;2;2;0;0;0;0;0;1;2;1;7;2;8;4;4;3;3;8;5;7;7;9;7;9;7;10;7;11;10;8;11;11;15;15;11;9;18;9;12;13;6;9;12;11;5;9;11;6;8;10;7;6;5;10;12;8;8;11;3;15;4;2;1;6;8;6;3;4;3;2;3;3;4;3;2;2;5;3;3;3;1;3;3;0;1;0;3;4;5;1;3;1;0;1;1;2;1;0;0;0;0;0;0;0;0;0;0;0;0;0
280030805000319;1;1324;1320;383;235;288;239;13;14;9;6;55;1;28;1;50;0;0;0;1;0;1;18;2;1;1;0;4;2;0;1;4;1;1;1;18;23;16;10;13;24;13;12;16;18;16;16;29;21;28;34;15;18;20;28;28;34;27;32;26;24;25;29;21;24;20;26;24;17;25;21;32;30;23;26;18;13;18;10;18;18;16;20;26;19;16;14;11;16;10;8;11;13;6;12;6;10;9;5;6;3;6;6;3;3;3;3;3;7;5;4;6;5;1;2;1;2;1;1;3;3;2;1;0;0;0;0;0;1;0;0;0;0;0;0
280030805000320;1;916;913;262;148;183;141;14;15;5;4;93;4;14;0;27;4;0;1;1;0;0;8;1;1;0;2;0;0;0;0;2;1;0;1;12;12;12;16;15;9;13;19;12;21;16;15;17;12;16;9;21;18;18;19;19;16;28;17;11;13;14;19;12;14;15;17;14;25;8;13;17;18;12;15;8;18;17;13;13;19;7;11;7;5;14;12;10;7;5;9;5;5;8;7;7;3;2;6;3;4;5;5;5;3;1;4;3;5;3;4;3;2;3;4;1;1;4;1;1;1;1;0;0;2;1;0;0;0;0;1;0;0;0;0
280030805000321;1;1210;1208;354;234;259;114;30;15;16;9;72;1;37;1;24;15;28;0;1;0;0;23;3;0;1;3;1;3;1;1;1;3;4;2;24;26;18;21;23;6;19;20;18;21;22;17;19;26;13;26;14;24;15;16;25;19;24;25;29;23;22;27;29;29;19;14;29;19;23;24;21;17;18;24;15;21;14;14;18;13;14;8;14;14;12;11;14;9;14;11;5;7;4;13;15;7;10;9;4;4;5;4;5;1;2;3;2;6;2;1;4;1;1;0;1;0;1;1;1;1;0;0;0;2;1;0;0;0;0;0;0;0;0;0
280030805000322;1;694;679;192;111;148;112;25;9;4;3;32;1;14;1;25;0;2;0;0;0;15;14;2;2;4;1;0;0;2;0;0;1;0;2;17;18;11;11;13;12;21;16;14;12;12;18;19;12;14;12;14;5;23;15;14;22;19;14;11;11;14;10;8;13;10;12;14;12;9;8;9;13;10;10;12;6;13;9;14;2;7;8;3;5;8;6;8;3;2;2;2;3;3;1;3;2;4;1;3;2;1;0;0;0;1;4;0;0;0;0;1;3;0;3;0;0;0;1;1;1;0;0;0;0;0;0;0;0;0;0;0;0;0;0
280030805000323;1;1045;1045;312;205;289;116;8;11;13;2;43;1;27;0;8;2;6;0;2;0;0;3;0;1;0;0;0;0;0;1;0;1;0;0;20;17;20;19;22;15;12;15;17;27;20;18;20;24;18;18;16;20;18;21;25;24;20;25;24;21;19;26;20;23;16;20;16;17;27;20;17;15;22;24;16;13;12;16;15;12;8;14;13;12;14;6;9;7;6;4;5;4;3;4;1;8;3;2;5;4;4;2;3;4;4;0;2;0;0;1;1;0;1;2;0;0;1;0;2;0;0;0;0;0;0;0;1;0;0;0;0;0;0;0
280030805000324;1;611;611;168;112;145;84;7;12;4;1;41;0;8;0;18;5;6;0;0;0;0;10;4;1;0;1;0;0;1;1;0;0;2;0;13;10;9;7;16;8;12;11;12;12;14;16;12;11;11;15;11;10;8;16;16;15;7;12;14;6;16;6;17;15;8;8;13;14;14;8;14;6;7;11;11;7;11;11;8;6;7;3;5;8;2;2;2;4;1;4;4;2;3;6;4;0;5;2;1;1;3;2;1;0;1;1;1;0;1;3;2;1;1;1;0;0;0;0;1;1;0;0;0;0;0;0;0;0;0;0;0;0;0;0
280030805000325;1;930;930;250;161;246;115;6;21;4;1;79;3;13;0;22;5;4;0;0;0;0;21;1;3;0;4;1;1;2;2;0;4;0;3;16;10;26;15;8;14;16;12;14;19;18;16;20;13;28;18;12;16;16;19;22;22;19;16;10;14;18;25;21;24;15;14;17;12;5;16;14;11;15;11;9;19;25;15;8;11;10;9;11;9;6;7;3;7;4;3;4;4;3;5;2;4;8;3;8;8;6;4;7;3;5;3;3;4;0;1;3;1;2;3;3;0;1;2;3;1;1;0;1;0;0;0;0;0;0;0;0;0;0;0
280030805000326;1;740;740;210;121;144;136;9;7;9;0;50;2;26;2;23;1;0;0;0;0;0;15;1;1;2;3;1;1;0;0;2;2;1;1;13;13;7;14;5;13;7;14;12;10;12;17;10;12;10;13;8;12;12;10;19;14;11;14;14;16;9;9;14;9;11;8;15;19;13;12;10;16;9;20;10;15;11;11;8;10;4;9;11;5;6;6;5;5;10;8;8;5;6;10;5;5;0;4;6;3;4;6;5;1;2;5;3;4;5;3;2;1;3;2;0;1;0;0;2;0;0;1;1;0;0;0;1;0;0;0;1;0;0;0
280030805000327;1;622;622;184;91;108;114;8;6;10;1;39;0;23;0;32;6;0;0;0;0;0;4;1;0;0;0;0;0;1;0;1;0;0;1;6;8;5;6;11;6;8;8;6;10;8;12;9;6;14;12;10;12;10;5;12;8;10;15;7;15;6;12;9;8;14;6;10;8;10;13;7;12;15;16;10;9;17;13;15;10;9;6;3;7;4;3;4;5;10;3;3;5;2;5;6;5;2;6;6;6;8;2;2;6;6;1;1;4;4;2;0;2;1;5;2;2;1;3;0;3;1;0;0;1;0;1;0;0;0;0;0;0;1;0
280030805000328;1;800;800;227;124;176;103;14;20;9;8;65;1;18;0;29;2;4;0;0;0;0;10;1;0;1;2;2;0;0;1;1;0;0;2;15;7;12;15;7;14;12;9;11;15;19;12;12;6;11;20;9;16;14;13;16;10;20;17;17;11;20;15;13;12;18;19;12;15;12;9;11;10;14;12;17;14;6;8;10;13;14;9;6;9;7;11;9;4;7;8;6;3;5;4;6;4;5;7;5;6;5;3;3;2;0;3;3;3;3;3;3;4;3;1;0;3;5;2;2;0;1;0;1;1;0;0;1;0;0;0;0;0;0;0
280030805000329;1;654;654;181;102;140;103;7;12;8;0;45;1;26;0;19;6;0;0;1;3;0;4;0;1;0;1;0;0;0;1;0;0;1;0;5;5;13;8;6;5;8;4;13;10;19;8;18;6;19;4;12;11;12;7;5;10;14;16;16;15;9;6;9;12;14;12;16;9;9;7;4;6;16;15;10;8;11;10;9;10;11;8;8;10;10;9;7;5;4;6;4;5;5;7;3;5;4;6;5;5;2;2;2;6;2;2;1;4;8;0;3;2;3;2;1;0;2;4;2;0;0;0;0;0;0;2;1;0;0;0;1;0;0;0
280030805000330;1;1126;1126;328;168;231;186;20;18;10;3;98;3;22;1;26;11;1;0;0;0;0;12;1;1;0;0;2;0;0;3;4;1;0;0;15;14;17;11;19;11;10;13;15;19;19;13;19;16;20;17;22;14;23;19;17;20;14;25;19;21;22;24;12;22;15;13;18;17;13;10;21;20;10;17;21;19;27;18;17;14;18;17;12;16;11;17;15;15;12;7;17;13;11;8;4;10;3;5;7;5;13;9;2;8;7;6;5;4;4;4;4;2;2;3;3;4;4;4;1;1;2;3;0;0;0;1;1;2;0;0;0;0;0;0
280030805000331;1;1083;1083;321;185;234;153;3;16;21;6;61;1;30;1;43;0;6;0;2;0;0;17;0;1;5;1;0;1;4;0;1;1;0;3;14;10;8;10;21;8;19;13;15;17;20;10;15;24;14;20;19;19;21;19;19;31;23;24;25;17;17;14;16;23;12;18;9;25;12;15;13;21;17;33;12;11;10;11;13;9;23;16;18;13;9;8;10;8;14;11;11;14;13;15;9;3;7;15;4;5;4;5;4;8;5;5;5;2;4;2;4;4;2;4;1;0;2;0;2;1;0;1;1;1;2;0;0;2;0;1;0;0;1;1
280030805000332;1;1154;1152;342;170;194;204;8;25;19;0;95;8;48;0;33;0;6;2;0;0;0;9;2;2;1;1;0;1;0;0;0;0;0;2;9;17;12;20;8;16;8;13;16;20;26;8;28;15;22;16;20;14;16;13;16;23;30;31;21;23;13;21;23;29;11;18;13;16;14;15;16;20;23;28;18;25;22;16;22;11;19;11;17;14;14;11;10;4;13;18;10;7;5;9;8;6;4;10;7;6;9;4;7;12;0;5;6;2;5;3;6;5;2;4;3;5;4;5;5;1;4;3;3;2;0;0;0;1;0;0;0;1;0;0
280030805000333;1;639;639;176;113;129;155;3;5;9;0;24;3;13;0;9;0;0;0;0;0;0;11;2;0;0;2;1;1;1;2;1;0;1;0;7;17;18;11;13;12;9;9;15;14;14;11;22;13;17;20;14;17;8;19;11;16;8;10;12;11;8;11;15;8;6;6;4;10;7;8;19;6;8;18;11;11;13;8;11;7;6;7;5;8;7;5;3;5;4;2;1;3;0;2;1;1;1;5;1;2;2;0;1;4;1;2;2;0;0;0;0;1;0;0;0;0;1;0;0;0;1;1;0;0;0;0;0;0;0;0;0;0;0;0
280030805000334;1;596;596;166;96;116;93;4;9;10;2;47;0;24;0;23;6;0;0;0;0;0;10;0;1;2;1;0;1;2;2;0;1;0;0;9;10;8;13;5;15;9;11;6;9;12;8;10;8;10;11;11;9;6;10;9;15;11;8;11;13;3;15;15;14;11;12;10;8;6;12;5;5;8;16;7;9;12;5;12;3;4;8;6;7;11;4;9;3;5;2;3;3;4;5;6;5;4;5;2;3;5;3;2;4;4;2;1;1;2;1;1;1;3;0;0;1;2;0;1;1;0;0;2;0;0;1;0;1;0;0;0;1;1;1
280030805000335;1;1061;1060;304;150;205;174;9;22;19;0;102;7;22;0;30;15;1;0;1;0;0;7;1;0;1;0;0;1;2;0;1;0;1;0;12;19;14;14;21;12;11;20;15;24;27;27;15;22;15;18;19;21;18;14;12;20;21;18;17;19;21;25;24;11;21;11;24;27;15;15;16;9;16;20;12;22;13;6;17;12;10;5;6;18;9;14;8;8;14;7;7;9;4;12;8;7;9;5;5;4;6;7;0;5;4;5;7;4;3;4;5;4;7;0;1;3;1;1;2;2;2;2;2;2;1;1;0;0;0;0;0;0;1;1
280030805000336;1;971;971;289;179;237;138;23;10;12;2;38;0;21;1;15;0;6;0;0;0;0;14;1;1;0;0;5;2;2;1;1;0;0;1;19;8;12;16;14;14;18;15;9;22;23;18;16;13;17;13;8;24;12;21;17;25;31;34;18;12;23;20;17;28;21;15;27;16;17;10;17;16;12;21;10;18;10;19;9;15;15;12;7;9;6;8;9;7;9;8;15;8;3;6;7;2;4;1;4;2;1;1;2;2;3;0;1;3;1;0;1;1;0;3;0;0;0;2;0;0;1;0;0;0;0;1;0;1;0;0;1;0;0;0
280030805000337;1;871;862;250;143;215;120;12;3;12;2;44;5;27;1;23;1;11;0;2;0;0;8;0;1;0;2;1;2;0;0;1;1;0;0;14;5;8;12;7;9;12;18;15;26;14;19;13;14;19;14;13;18;20;12;23;21;15;22;23;12;16;12;19;19;13;8;19;12;19;10;18;20;16;14;14;14;14;9;19;6;13;8;12;11;7;7;6;5;7;5;7;6;7;3;3;6;3;4;5;6;3;3;6;1;3;7;5;1;1;1;0;2;4;2;1;0;0;0;0;0;0;2;0;0;0;1;0;0;0;0;0;0;0;0
280030805000338;1;755;755;207;132;175;122;9;13;11;2;45;0;15;0;16;1;4;1;2;0;0;13;2;0;1;0;1;2;1;0;1;1;3;1;6;12;15;9;11;15;8;17;11;20;14;17;20;18;16;17;16;18;16;10;11;14;15;18;17;13;22;17;16;20;16;19;11;15;15;14;19;15;9;14;5;12;7;5;7;10;6;6;8;5;11;5;6;7;6;2;2;2;5;5;3;1;2;1;2;2;0;0;1;2;2;0;0;0;2;1;1;0;0;0;0;0;2;0;0;1;0;0;1;0;0;0;0;0;0;0;0;0;0;0
280030805000339;1;1006;1006;291;154;181;161;14;37;7;0;107;6;18;0;26;1;3;0;0;0;0;15;2;1;1;2;2;2;2;2;1;0;0;0;12;10;13;15;10;15;11;16;23;22;17;25;11;13;17;18;13;16;27;16;23;23;17;15;24;19;14;21;24;20;13;22;16;18;25;16;25;12;19;16;16;9;11;16;18;7;15;17;8;7;7;7;8;14;8;5;11;5;7;5;12;4;6;5;4;3;5;9;3;4;3;3;3;6;1;2;4;1;1;1;0;1;0;1;1;1;1;1;0;0;0;0;1;0;0;1;0;0;0;0
280030805000340;1;792;792;221;129;175;123;31;12;10;2;47;0;9;0;22;4;1;6;0;0;0;20;2;0;3;2;1;2;2;2;1;0;1;4;14;12;10;12;15;14;11;10;18;14;15;16;20;16;14;17;20;14;24;12;22;18;19;26;13;15;14;14;11;12;10;15;14;11;16;10;12;14;6;13;10;12;7;11;11;9;9;9;7;6;3;2;4;10;11;3;5;3;2;10;1;4;3;3;4;5;4;3;2;3;1;2;0;0;1;0;2;1;2;1;1;2;0;0;0;0;0;0;0;0;0;0;0;0;0;0;0;0;0;0
280030805000341;1;610;609;185;107;122;111;10;11;10;1;23;1;15;0;12;0;1;0;1;0;0;11;0;0;2;1;2;1;1;0;0;0;2;2;9;14;10;6;10;6;10;8;15;12;10;8;7;4;7;14;8;7;14;9;12;14;18;13;11;16;13;13;14;16;10;11;11;8;9;9;8;11;7;15;10;8;7;6;6;7;7;7;7;9;4;5;3;3;6;5;6;6;4;1;3;4;1;4;7;1;3;4;2;2;2;4;2;1;2;1;1;2;1;0;2;0;1;1;1;0;0;1;0;0;0;0;0;1;0;0;1;0;0;0
280030805000342;1;506;505;158;99;123;53;5;3;11;5;21;0;14;1;5;0;7;0;1;0;0;8;0;1;0;1;1;2;0;0;1;0;1;1;11;6;9;8;10;2;7;6;10;7;11;7;10;9;7;14;7;2;4;7;11;5;8;9;8;11;7;9;5;10;10;6;15;10;10;9;7;17;3;3;11;9;11;6;8;6;6;4;5;6;2;5;7;5;10;4;3;4;2;6;3;2;3;1;2;2;2;1;4;4;3;2;3;0;2;1;1;1;3;1;0;1;0;3;2;1;1;0;0;0;0;1;0;0;0;0;0;0;1;0
280030805000343;1;797;797;219;121;145;143;17;14;10;3;50;0;26;2;25;6;16;0;0;0;0;16;2;1;1;3;1;1;0;0;2;2;1;2;10;20;10;13;12;13;12;7;8;18;16;12;18;14;11;18;13;11;20;7;17;12;21;16;15;13;11;11;12;19;15;8;14;19;10;12;12;17;11;13;12;11;13;8;12;14;10;6;12;14;7;14;4;8;6;6;6;3;3;6;1;5;3;2;4;2;3;5;4;8;2;1;2;6;2;3;3;1;1;0;1;1;1;1;0;0;0;0;1;2;0;0;0;0;0;0;0;0;0;0
280030805000344;1;726;726;198;125;167;112;9;12;3;3;56;0;9;0;27;5;0;0;0;0;0;8;1;0;0;1;1;1;0;0;1;0;1;2;13;9;16;17;9;16;9;15;13;12;15;16;13;14;11;15;14;10;7;8;17;9;14;19;18;14;11;19;18;20;8;19;9;12;9;8;4;6;11;11;12;10;7;15;9;12;7;8;11;6;10;6;5;6;6;6;6;5;9;5;3;6;8;3;2;4;3;3;2;2;0;0;0;1;3;0;0;0;0;0;0;3;2;1;1;0;0;0;0;0;1;0;0;0;0;0;0;0;0;1
280030805000345;1;756;756;221;152;227;62;3;8;9;3;30;1;9;1;17;6;7;0;0;0;0;9;2;1;2;0;0;1;0;0;1;1;1;0;15;5;10;13;9;15;12;18;13;20;20;16;14;16;11;13;11;9;8;12;10;14;11;13;14;8;9;19;22;23;17;21;14;9;21;16;16;20;14;13;19;20;9;10;9;6;2;12;8;5;4;7;3;5;10;5;3;4;3;2;1;3;4;4;2;4;2;2;2;0;2;2;1;2;0;0;1;0;1;0;0;0;0;0;0;1;1;0;0;0;0;0;0;1;0;0;0;0;0;1
280030805000346;1;1086;1082;289;185;267;158;13;19;10;0;71;7;16;0;34;10;2;0;1;0;4;19;2;2;1;0;1;1;2;1;0;3;3;3;22;22;26;17;15;23;18;12;26;24;22;15;19;20;22;22;19;15;22;20;21;20;21;30;19;22;26;22;25;24;16;18;20;15;21;13;21;13;19;10;13;13;12;9;14;11;9;6;13;16;11;8;9;6;11;10;7;7;2;8;2;11;4;9;7;5;4;1;2;2;2;3;4;1;3;4;2;1;2;0;1;0;2;2;0;1;0;0;0;0;0;0;0;0;0;0;0;0;0;0
280030805000347;1;768;768;217;140;164;88;16;14;6;2;69;5;15;1;25;0;6;0;0;0;0;12;0;0;1;2;1;0;1;2;0;0;4;1;19;15;16;21;8;13;13;16;10;16;7;15;17;16;21;11;15;11;11;10;12;21;11;20;19;13;14;10;23;23;14;9;11;15;15;7;11;11;10;14;9;13;10;7;6;7;5;2;9;3;5;10;9;2;9;5;4;7;5;1;3;5;3;4;4;5;3;2;3;3;5;2;1;1;2;2;3;3;2;1;1;0;2;0;2;0;0;0;0;1;1;0;0;0;0;0;0;0;0;0
280030805000348;1;720;720;222;108;102;165;8;9;1;0;57;3;20;0;22;1;2;0;0;0;0;9;0;0;1;0;1;0;1;1;2;1;2;0;11;6;17;14;13;8;12;17;9;17;14;11;15;14;12;12;13;18;9;14;10;21;17;14;15;16;16;20;15;15;10;19;4;4;11;11;16;11;15;11;4;11;5;9;5;6;5;8;8;10;4;7;10;3;9;3;6;5;2;7;2;2;3;3;2;3;6;2;4;5;1;2;0;6;5;0;0;2;1;0;1;0;0;1;2;1;1;0;1;0;0;0;0;0;0;1;0;0;0;0
280030805000349;1;494;494;152;88;116;71;16;6;5;1;29;1;5;0;2;1;1;0;0;0;0;11;1;1;1;0;1;1;1;1;2;2;0;0;5;11;4;7;12;9;9;17;6;14;3;10;15;11;9;6;3;7;7;7;9;14;12;5;11;14;8;14;12;14;10;5;11;8;13;5;2;7;8;11;3;2;3;3;8;12;1;10;7;9;3;3;4;2;5;3;0;2;4;3;1;1;0;2;2;2;1;1;1;3;3;1;4;4;0;0;2;0;0;0;0;0;0;0;0;0;0;0;0;1;0;1;0;0;1;0;0;0;0;0
280030805000350;1;660;660;193;133;179;78;19;6;2;1;16;0;7;0;21;0;5;0;0;0;0;4;0;0;0;0;0;1;1;0;1;1;0;0;11;12;10;7;8;14;22;15;12;10;9;19;13;15;10;12;16;10;8;15;21;12;14;9;13;18;14;12;12;10;8;11;18;12;21;24;14;11;18;8;13;7;8;6;5;13;6;9;6;5;8;2;5;3;3;3;2;2;0;3;4;2;1;2;3;0;1;1;1;1;0;0;1;1;1;0;0;0;0;0;0;0;0;0;0;0;0;0;0;0;0;0;0;0;0;0;0;0;0;0
280030805000351;1;774;774;223;146;190;95;23;9;6;3;27;1;9;0;39;1;1;1;0;0;0;13;2;2;2;2;1;1;1;0;1;0;1;0;13;15;9;9;17;12;20;11;18;20;9;15;20;16;17;9;7;15;15;20;14;13;18;20;9;13;23;17;22;20;19;16;14;8;16;9;11;12;4;7;15;13;14;9;10;7;7;5;10;5;7;6;5;5;8;5;8;1;6;5;7;2;3;2;4;1;0;0;1;2;5;1;0;2;1;1;0;1;0;0;0;1;1;2;0;0;0;0;0;0;0;1;0;0;0;0;0;0;0;0
280030805000352;1;796;796;241;135;182;126;14;12;6;0;52;0;5;0;16;3;1;0;3;0;0;15;1;2;1;2;1;1;0;2;1;2;0;2;7;11;15;13;15;12;13;10;15;17;16;17;21;18;14;11;9;13;11;10;12;19;13;16;11;11;21;22;23;17;13;13;15;13;12;16;13;7;13;12;16;19;8;14;12;8;10;5;13;12;5;2;8;1;5;4;5;4;9;4;6;0;3;5;6;3;2;1;1;3;1;3;2;2;3;1;0;2;1;1;0;3;1;1;3;1;0;0;1;1;0;0;0;0;0;0;0;0;0;0
280030805000353;1;820;820;236;159;223;97;6;11;6;1;50;2;8;0;16;2;3;0;0;0;0;15;2;1;3;2;2;0;1;0;2;0;0;2;7;15;11;13;17;18;16;11;14;6;14;10;11;12;12;13;13;20;11;14;11;21;18;17;15;18;16;18;15;23;9;18;15;17;13;16;14;9;13;4;13;10;12;11;6;9;8;15;8;9;6;11;7;5;2;6;7;5;4;9;5;8;8;3;3;5;4;3;6;3;4;3;2;0;4;4;2;0;0;1;1;1;3;1;3;1;1;1;2;1;0;0;0;1;0;0;0;0;0;0
280030805000354;1;799;799;228;124;123;179;7;7;10;1;73;2;17;0;27;1;0;0;0;0;0;9;2;0;1;0;1;3;0;0;0;0;2;0;12;10;10;13;18;15;12;12;18;20;20;15;9;18;18;14;17;9;15;16;15;19;15;12;13;15;12;11;11;10;19;13;21;13;15;10;5;9;13;24;12;5;10;15;10;4;6;7;7;13;4;8;8;11;9;2;6;6;2;3;11;6;3;2;5;8;3;4;5;4;2;0;4;4;4;1;1;1;0;5;0;2;0;0;1;0;0;0;0;0;0;0;0;0;0;0;0;0;0;0
280030805000355;1;823;816;252;151;184;130;7;8;3;4;49;0;9;0;17;1;7;0;1;0;0;12;3;0;0;1;2;0;1;3;0;1;1;0;9;11;18;10;16;5;12;18;17;11;14;18;8;15;11;12;15;15;20;13;23;18;13;13;16;17;13;20;21;18;20;12;16;20;17;15;9;8;13;10;15;15;11;14;10;14;7;10;7;4;6;5;12;4;8;6;6;3;6;4;4;3;7;3;6;4;5;3;2;3;2;0;3;2;2;2;3;3;1;1;0;0;0;0;1;2;0;0;0;0;0;0;0;1;0;0;0;0;1;0
280030805000356;1;610;610;164;84;100;76;7;5;35;3;34;4;39;4;53;0;0;0;2;0;0;9;0;0;1;0;2;0;1;0;1;2;0;2;17;10;14;10;9;6;15;11;10;14;10;7;11;11;16;9;7;12;7;13;11;21;12;17;11;12;6;16;15;15;8;11;7;11;4;9;17;12;12;5;4;6;5;7;6;7;10;4;8;8;6;7;4;5;5;1;4;2;3;2;2;3;2;4;4;0;4;4;0;3;3;4;0;1;2;0;0;3;2;1;1;1;0;0;1;0;1;0;0;0;0;0;0;0;0;0;0;0;0;0
280030805000357;1;588;588;157;90;104;134;9;10;5;1;53;4;8;0;5;0;8;0;0;0;0;9;0;2;0;0;2;1;1;2;0;1;0;0;11;17;9;15;7;9;10;11;14;9;10;12;14;10;14;20;10;8;12;12;13;20;7;9;12;9;12;15;9;11;7;15;6;9;9;7;4;10;7;3;9;8;15;5;9;7;3;7;6;4;6;1;12;4;6;2;6;8;3;3;1;3;0;4;1;1;2;0;1;3;2;0;1;1;2;0;0;1;1;0;0;2;0;0;0;1;0;0;0;0;0;0;0;0;0;0;0;0;0;0
280030805000358;1;710;710;195;122;136;102;17;14;12;2;62;1;23;0;21;2;1;0;0;0;0;8;2;1;1;1;1;2;0;0;0;0;0;0;14;8;7;12;8;12;9;14;14;6;13;18;9;16;13;13;11;12;7;13;9;14;15;24;16;20;21;20;15;15;8;10;14;9;12;11;13;5;5;14;8;10;4;11;6;8;10;9;8;6;10;6;10;3;10;6;6;4;3;8;6;7;3;6;2;3;4;3;1;4;2;0;1;3;1;1;0;0;1;0;2;1;0;1;0;0;0;1;0;2;0;1;0;0;1;0;0;0;0;0
280030805000359;1;981;980;272;161;208;166;0;11;37;1;56;3;38;0;24;2;2;0;0;0;0;17;1;0;2;3;2;2;0;2;1;1;2;1;15;16;17;18;17;16;19;19;21;25;29;16;15;20;20;21;18;18;20;23;21;20;18;24;16;25;23;10;21;25;18;13;12;22;17;14;7;11;14;21;16;14;10;12;9;13;15;7;8;13;7;3;10;6;10;8;7;7;5;6;1;5;3;4;4;1;0;1;2;7;2;3;0;0;0;1;0;1;0;4;0;1;1;0;0;0;0;0;0;1;0;0;1;0;0;0;0;0;0;0
280030805000360;1;1028;1028;286;173;213;191;18;14;12;1;57;0;29;0;29;0;5;0;0;0;0;19;4;0;0;0;2;2;1;0;1;5;2;2;13;13;14;17;9;13;19;13;20;25;19;17;28;30;13;20;26;17;23;25;33;13;30;22;25;19;23;21;15;14;13;17;15;10;17;17;14;21;20;14;14;22;17;20;19;14;12;10;8;12;6;10;7;6;5;11;8;9;6;5;3;4;0;4;6;3;1;3;1;2;1;0;2;2;1;0;1;3;2;0;0;1;0;0;0;0;0;0;1;0;0;0;0;0;0;0;0;0;0;0
280030805000361;1;1111;1111;296;182;209;166;21;15;34;6;70;2;47;3;45;6;9;0;0;0;0;12;2;1;3;0;0;1;0;1;1;1;1;1;18;17;26;17;21;23;24;26;25;20;24;16;22;19;16;25;24;15;13;25;18;36;23;23;22;29;24;18;23;29;24;19;15;9;26;21;6;16;16;19;15;11;17;21;11;10;12;4;13;6;13;11;8;11;12;5;7;4;7;4;2;4;3;5;3;7;3;2;4;5;4;4;2;3;1;1;1;3;2;2;1;1;0;0;0;2;0;0;0;0;0;0;0;0;0;0;0;0;0;0
280030805000362;1;712;712;224;130;141;110;23;3;6;3;41;1;18;0;9;0;3;0;0;0;0;12;2;0;1;0;1;0;1;0;3;1;2;1;9;10;16;7;7;11;12;14;15;11;13;15;10;11;14;11;5;10;16;14;10;10;10;22;18;16;9;24;12;11;15;14;11;15;10;16;17;9;12;9;9;11;6;9;14;11;12;3;5;3;10;8;4;7;3;4;10;3;4;1;4;4;4;3;4;5;5;1;3;7;1;2;2;0;3;0;0;5;1;3;2;0;0;0;1;0;0;0;0;0;0;0;0;0;1;0;0;0;0;1
280030805000363;1;868;868;237;127;150;100;2;10;78;5;37;2;78;4;37;1;0;0;0;0;0;20;1;4;3;4;1;0;0;0;3;1;3;0;17;21;22;22;13;14;20;11;17;21;12;12;21;8;15;18;11;14;22;17;20;19;24;15;16;18;20;16;11;21;15;15;16;17;10;12;16;9;17;16;6;12;11;17;10;9;6;9;2;2;4;8;5;3;6;4;9;3;8;3;7;0;4;1;8;3;3;5;3;7;4;2;1;5;0;1;0;1;0;0;0;0;1;0;0;1;0;0;0;0;0;3;0;0;0;0;0;0;0;0
280030805000364;1;791;791;239;134;159;121;11;16;5;1;64;9;10;0;17;5;0;0;0;0;0;12;1;2;1;0;0;0;1;1;2;1;0;3;13;18;25;11;13;13;14;9;9;9;16;9;14;9;8;27;8;14;20;14;14;20;12;23;20;19;18;19;20;15;13;9;12;8;15;12;12;7;7;12;12;12;8;9;13;11;10;10;4;5;9;6;4;6;2;8;11;7;3;1;2;7;7;4;4;4;4;5;1;7;3;1;3;2;0;0;1;1;1;2;1;1;2;2;2;0;0;0;0;0;0;0;0;0;0;1;0;0;0;0
280030805000365;1;1179;1179;328;194;242;200;38;22;5;6;100;4;9;0;20;8;1;2;0;0;0;18;0;1;3;2;2;4;1;1;0;2;2;0;25;24;25;18;28;22;26;25;18;27;29;30;29;21;21;26;5;24;14;20;23;24;17;16;26;34;15;26;26;21;21;24;15;25;26;20;20;16;13;13;16;11;15;13;9;12;9;14;14;12;8;11;5;9;17;8;11;8;7;8;6;4;2;2;4;12;3;3;4;2;1;6;2;1;1;1;1;4;0;0;1;0;3;0;0;2;0;0;0;0;0;0;0;0;0;1;0;0;0;0
280030805000366;1;974;973;297;185;231;109;31;12;5;3;54;2;17;0;28;0;0;0;0;0;0;14;2;0;2;2;1;1;1;2;1;0;2;0;15;14;22;16;17;12;14;17;24;14;13;22;22;18;22;14;12;14;16;22;14;29;26;22;20;17;14;25;21;15;18;25;22;13;17;17;17;5;8;9;13;8;18;8;11;22;17;9;14;11;7;8;5;9;9;4;6;4;6;5;7;3;3;4;6;9;5;2;3;2;3;1;2;3;0;0;2;3;0;0;0;2;1;2;3;0;1;3;0;1;0;0;1;0;0;0;0;0;0;0
280030805000367;1;1448;1448;416;302;415;150;19;11;16;4;36;0;29;1;39;1;9;0;0;0;0;30;2;2;3;4;2;3;0;3;7;2;0;2;39;20;28;31;31;35;38;37;34;25;31;33;22;35;33;20;25;20;29;22;19;23;28;23;22;33;22;28;30;36;22;32;37;29;26;27;13;24;29;29;23;17;17;24;27;14;17;17;16;10;11;8;17;9;7;7;3;3;11;5;2;6;4;2;3;4;2;0;0;0;1;3;1;1;1;0;0;1;0;0;1;1;0;0;0;0;0;0;0;0;0;1;0;0;0;0;0;0;0;1
280030805000368;1;1071;1071;302;192;252;88;2;7;67;3;33;0;80;5;33;0;6;0;1;0;0;6;1;1;0;0;1;0;0;1;0;0;1;1;18;28;18;16;13;18;20;12;23;26;22;21;18;25;26;26;26;24;20;19;23;24;9;25;22;10;19;14;25;14;20;24;18;28;28;24;16;15;25;27;27;10;14;12;16;14;23;16;8;10;10;6;4;4;3;5;7;3;5;9;1;3;1;1;1;2;2;2;2;1;1;0;0;1;3;1;0;5;0;1;0;0;0;0;0;0;0;1;0;1;0;0;0;0;0;0;0;0;0;0
280030805000369;1;770;770;234;136;146;111;10;8;5;3;61;3;17;0;32;0;4;0;0;0;0;13;2;1;1;0;1;1;1;1;1;2;2;0;9;7;11;14;17;9;12;12;12;15;19;21;14;13;15;8;11;14;7;14;13;20;11;12;23;8;19;12;13;16;13;18;12;16;16;16;13;12;11;17;6;10;9;9;8;10;5;2;5;9;8;3;6;5;5;13;6;3;7;8;15;5;4;6;4;3;7;2;2;3;2;2;4;1;1;2;1;0;3;1;1;1;2;1;0;0;0;0;0;0;0;1;0;0;0;0;0;0;1;0
280030805000370;1;709;709;210;120;144;110;8;17;2;4;50;1;22;0;16;4;0;0;1;0;0;11;2;0;0;0;1;0;2;2;1;0;1;2;13;7;10;9;11;8;15;12;13;8;12;16;14;15;11;13;11;15;13;16;13;11;14;12;10;18;13;12;14;13;13;9;21;14;17;13;10;9;11;14;9;15;9;11;4;7;6;8;6;7;8;3;9;4;7;9;6;7;3;7;5;7;4;4;3;4;4;2;7;0;1;0;1;0;0;2;1;0;0;0;0;0;0;1;0;0;0;1;1;0;2;0;0;0;0;0;0;0;0;0
280030805000371;1;883;883;262;152;182;147;28;16;10;2;55;2;12;0;12;0;3;0;0;0;0;13;1;1;1;1;1;1;1;0;2;3;0;1;17;13;7;15;11;14;17;18;20;12;15;11;15;24;14;18;18;18;19;16;18;19;28;20;21;24;22;16;15;19;10;10;15;22;14;18;14;15;10;10;14;12;8;13;14;16;14;9;7;11;7;5;4;8;10;8;7;2;0;4;6;1;2;8;3;2;1;2;6;2;1;0;0;1;3;1;1;1;1;0;0;1;1;0;0;0;0;0;0;1;0;0;0;0;0;0;0;0;0;0
280030805000372;1;623;622;191;114;140;82;24;12;4;2;40;0;7;0;7;0;0;0;0;0;0;6;0;1;1;2;0;0;0;1;0;0;0;1;10;8;7;7;7;5;17;8;14;9;15;12;15;13;6;18;9;6;14;7;9;16;13;10;8;12;15;10;14;11;8;12;11;5;15;7;9;14;6;10;8;17;11;9;9;7;7;10;5;4;6;5;6;10;4;3;2;4;5;7;4;2;6;2;5;1;2;5;3;4;1;1;1;0;2;1;1;2;2;3;0;1;2;0;1;0;0;1;0;0;1;1;0;0;0;0;0;0;1;0
280030805000373;1;700;700;191;112;140;101;14;22;7;1;71;2;12;0;17;2;7;0;1;0;0;6;0;0;1;1;0;1;0;1;0;0;1;1;16;12;14;12;10;9;7;11;9;18;12;6;9;13;10;7;8;19;5;9;13;11;15;20;10;13;12;13;19;17;12;11;7;10;13;3;8;8;10;13;9;4;6;9;10;7;5;9;4;8;12;4;4;11;11;7;9;6;13;7;2;8;5;4;5;1;8;7;3;3;6;1;5;5;1;3;0;2;0;2;1;0;1;0;1;2;1;3;2;1;1;0;0;0;0;0;0;1;0;0
280030805000374;1;396;396;113;70;88;60;10;12;3;0;29;0;5;0;4;2;0;0;0;0;0;7;3;0;0;0;1;0;1;0;1;0;0;1;8;5;6;4;8;8;5;4;3;7;12;5;6;4;4;8;8;10;5;7;6;9;7;13;10;10;3;9;13;5;10;10;9;5;5;5;6;8;3;4;5;7;4;5;5;5;4;3;5;2;4;6;5;2;8;6;1;2;5;6;1;4;2;4;1;2;1;0;0;1;1;1;1;0;0;0;0;1;0;0;0;0;0;0;1;1;0;0;0;0;0;0;0;0;0;0;0;0;0;0
280030805000375;1;284;284;98;56;64;33;3;1;3;1;8;0;9;0;7;0;1;0;0;0;0;3;0;1;0;0;1;1;0;0;0;0;0;0;3;6;2;5;2;5;3;2;5;5;7;5;1;4;2;3;6;8;7;5;6;4;9;5;5;9;6;8;4;10;4;14;4;6;4;5;6;2;4;2;5;5;4;2;3;9;5;4;7;5;1;4;1;2;1;1;0;2;5;0;1;0;0;1;1;0;1;0;2;0;0;1;2;0;0;0;0;1;1;0;0;0;0;0;0;0;0;0;0;1;0;0;0;0;0;0;0;0;0;0
280030805000376;1;728;728;200;109;154;108;4;17;3;1;69;6;28;0;28;0;0;0;1;0;0;5;2;0;1;0;0;0;0;0;1;1;0;0;15;6;13;11;11;14;12;5;11;11;14;16;14;7;7;11;8;14;13;7;10;20;9;9;11;16;14;13;14;17;14;15;8;12;9;10;11;11;13;16;17;9;10;12;15;14;12;0;11;5;10;7;4;9;12;5;5;5;5;7;6;5;5;1;2;2;4;1;6;4;6;0;6;3;4;4;1;3;3;1;2;2;1;3;0;0;0;1;1;0;0;0;0;0;0;0;0;0;0;0
280030805000377;1;1305;1305;350;225;323;167;9;26;8;3;138;8;17;0;24;4;1;0;2;0;0;22;3;0;4;4;2;1;0;1;0;1;2;4;9;16;15;17;14;15;15;20;17;20;28;14;21;18;22;29;22;24;14;24;21;22;19;28;16;18;22;22;35;29;23;28;19;21;26;24;14;18;24;28;27;19;21;11;18;11;11;15;4;18;15;10;7;18;21;12;12;12;14;18;9;9;10;14;14;9;8;6;12;12;5;9;4;7;4;4;4;2;3;3;1;4;2;0;1;0;0;1;0;0;0;0;0;0;0;1;0;0;0;0
280030805000378;1;733;733;196;121;193;99;4;18;9;3;66;0;10;0;13;0;0;0;1;0;0;4;1;1;0;0;0;0;0;1;1;0;0;0;9;7;4;10;8;4;11;7;19;17;12;7;8;11;13;10;8;14;6;10;16;15;14;12;17;13;18;18;16;20;15;19;4;7;11;11;11;14;16;6;11;7;9;11;10;11;10;9;7;8;7;12;4;10;5;10;6;9;6;7;5;5;4;11;4;8;9;9;6;6;3;3;1;2;0;2;4;1;1;0;1;1;3;1;0;0;0;0;0;0;0;1;0;0;0;0;0;0;1;0
280030805000379;1;728;728;201;115;166;121;5;16;9;3;68;3;8;0;13;0;0;0;0;0;0;9;0;0;0;1;1;1;0;1;1;2;0;2;9;9;7;10;4;7;13;8;12;4;6;10;10;8;15;11;10;10;5;15;9;17;14;15;18;18;17;15;15;21;17;17;10;12;12;11;11;11;10;17;9;10;16;5;4;8;4;7;7;2;11;10;6;8;3;11;6;4;8;12;8;7;7;10;6;7;11;5;5;7;3;0;3;1;3;2;1;1;1;1;2;0;3;1;1;1;0;0;0;0;0;1;0;0;0;0;0;0;0;0
280030805000380;1;1220;1127;364;250;313;171;33;6;7;0;21;0;28;0;19;2;6;0;0;0;0;24;2;2;3;1;0;1;2;5;2;2;3;1;20;22;20;27;30;23;27;21;24;26;30;21;34;25;27;32;24;23;18;27;23;26;22;31;19;24;20;25;24;28;20;24;20;16;24;26;23;19;24;20;19;23;19;16;17;9;10;10;7;9;7;8;7;3;6;7;6;2;5;9;3;1;4;4;2;3;3;4;4;3;0;1;0;0;1;1;1;0;0;0;0;1;0;0;1;1;0;0;0;0;0;0;0;0;0;0;0;0;0;0
280030805000381;1;1229;1229;330;232;341;167;14;18;13;3;63;0;13;0;21;9;4;0;1;0;0;18;1;0;2;0;2;2;2;3;2;2;0;2;28;18;22;20;20;15;11;18;20;23;25;22;29;25;21;28;36;16;19;23;29;20;21;29;17;24;25;28;17;22;22;20;16;15;20;16;27;23;22;23;16;23;17;11;13;20;26;11;17;11;12;21;13;12;10;10;9;5;5;6;4;4;7;5;8;5;2;1;3;1;3;1;4;3;2;0;3;1;0;1;1;0;1;2;0;1;0;1;0;1;1;0;2;0;0;0;0;0;0;0
280030805000382;1;1165;1165;342;205;224;139;9;11;82;2;33;1;75;0;39;0;3;0;0;0;0;26;1;0;1;3;2;5;2;3;4;3;0;2;20;23;23;26;28;16;9;25;22;24;22;20;19;24;31;20;17;26;15;21;27;25;17;18;27;16;24;29;24;27;18;19;23;17;23;20;16;27;13;28;14;26;12;11;12;17;17;7;10;15;5;8;12;10;10;8;4;7;6;6;8;4;3;5;6;2;4;3;1;4;1;1;1;0;0;3;1;1;2;0;0;2;1;0;0;0;0;0;0;0;0;0;0;0;0;0;0;0;0;0
280030805000383;1;752;752;225;130;131;134;6;17;4;1;68;1;17;0;17;1;0;0;0;0;0;8;0;0;1;1;3;0;1;0;0;1;1;0;6;10;10;13;7;11;10;9;7;7;12;11;10;15;6;12;13;11;6;8;10;12;13;20;16;18;13;7;18;21;8;11;15;15;16;10;11;19;9;14;11;9;5;3;11;6;13;4;6;9;8;7;7;7;11;7;7;12;9;9;8;12;8;7;9;5;6;6;7;7;4;4;5;2;3;4;2;3;0;1;0;1;0;2;2;0;1;0;1;0;0;2;1;0;0;0;0;0;0;0
280030805000384;1;1169;1169;305;177;254;179;14;27;13;6;122;6;19;1;44;0;2;0;0;0;0;11;1;2;3;0;0;1;0;0;2;1;0;1;17;15;14;14;5;12;18;12;16;16;23;24;23;18;23;20;19;17;18;22;15;20;22;18;20;16;37;17;26;21;26;25;21;19;25;14;13;19;23;24;11;23;18;10;8;13;14;13;7;17;14;12;6;11;13;10;10;8;15;10;10;5;5;15;15;9;5;4;4;9;3;9;6;9;8;5;2;3;3;2;4;1;2;1;0;1;2;1;2;0;0;0;1;1;1;0;0;0;0;0
280030805000385;1;1244;1244;328;188;246;216;15;32;12;7;139;6;25;0;26;1;1;0;2;0;0;11;0;0;3;1;0;0;0;2;0;3;0;2;15;6;9;13;21;14;13;16;11;19;12;21;20;28;28;29;20;17;22;15;18;21;22;22;18;21;29;24;18;28;19;26;28;17;34;12;17;24;25;18;20;15;18;15;19;19;18;23;24;15;10;11;11;13;6;6;9;6;4;12;7;8;10;9;8;4;9;8;7;9;14;9;9;5;6;10;6;5;5;3;3;1;2;4;1;1;1;0;2;0;1;0;1;1;0;0;0;0;0;0
280030805000386;1;1079;1079;303;193;246;154;23;12;10;6;73;2;15;1;23;18;0;0;0;0;0;16;1;0;2;2;2;2;0;2;1;2;1;1;15;9;12;10;17;16;21;18;14;13;18;19;27;18;19;21;20;12;22;13;12;16;21;18;23;22;21;21;21;23;20;16;16;10;15;21;20;17;13;29;10;13;15;19;12;20;9;5;9;15;5;10;11;7;7;13;7;11;8;10;10;10;4;12;10;6;9;4;8;4;5;11;5;3;7;3;4;2;3;3;3;1;2;3;1;0;2;0;0;1;0;0;0;0;0;1;0;0;0;1
280030805000387;1;1458;1458;440;338;393;126;47;14;8;8;31;0;15;0;31;4;3;0;0;0;0;20;1;2;1;1;3;2;0;6;0;1;2;1;36;23;29;32;24;24;25;26;31;42;31;27;26;24;31;23;23;20;17;16;19;19;31;23;22;32;26;34;34;30;38;40;32;28;28;40;34;39;36;25;27;32;24;20;18;18;14;15;9;7;17;11;4;10;9;9;7;5;4;5;6;7;2;3;1;0;2;6;1;1;0;0;0;0;0;0;1;0;0;0;0;1;1;0;0;0;0;0;0;0;0;0;1;0;0;0;0;0;0;0
280030805000388;1;1297;1292;370;239;311;195;53;15;6;1;53;2;22;0;17;9;3;1;0;0;0;37;2;3;1;4;2;2;4;6;1;2;4;6;23;26;22;29;28;18;25;26;22;41;26;31;29;35;40;18;36;24;17;30;24;29;27;28;25;19;22;20;21;23;23;32;19;19;22;17;22;18;24;26;13;23;12;22;11;18;9;9;12;18;4;11;8;11;7;5;7;4;1;5;1;3;4;1;5;2;2;4;4;5;1;2;4;0;0;0;2;2;0;0;0;1;0;0;0;1;0;0;0;0;0;0;0;0;0;0;0;0;0;0
280030805000389;1;1096;1096;324;195;224;182;27;8;10;0;59;1;19;1;21;12;13;0;0;0;0;31;1;3;5;0;0;5;3;3;1;3;5;2;22;18;12;20;20;19;11;23;24;21;27;26;25;23;24;20;27;16;21;28;30;17;24;25;16;29;12;15;24;15;21;16;14;25;22;25;17;18;18;14;15;15;21;11;9;10;7;10;12;13;11;4;3;9;8;5;7;10;8;5;1;6;2;4;10;4;3;2;2;3;0;0;3;1;2;0;0;0;0;0;0;0;0;1;1;1;0;0;1;0;0;0;0;1;0;0;0;0;0;0
280030805000390;1;1066;1052;313;207;266;137;33;12;4;9;49;0;11;0;9;10;6;0;0;0;0;20;2;0;1;2;0;4;1;1;1;4;1;3;25;19;15;22;20;20;19;10;24;21;23;19;29;19;18;18;14;18;19;21;32;20;20;21;13;14;22;27;24;37;22;22;24;20;27;13;12;13;12;13;17;15;14;9;7;13;8;6;10;7;7;8;4;7;7;9;8;5;11;10;4;8;7;7;0;1;3;4;1;7;1;3;2;3;1;1;0;0;2;2;0;2;1;0;0;1;0;1;0;0;0;0;1;0;0;0;0;0;0;0
280030805000391;1;606;606;181;117;115;57;5;3;40;1;17;1;35;2;30;2;0;0;0;0;0;12;1;0;2;2;3;1;0;0;0;1;0;2;7;8;13;8;18;6;12;16;8;10;10;12;18;8;13;8;9;11;7;13;7;20;7;9;12;9;17;12;8;13;12;13;13;8;16;7;16;12;8;17;17;11;9;5;8;9;9;8;4;5;6;5;6;1;4;6;4;3;2;3;3;1;0;1;0;1;1;0;0;1;1;0;2;0;1;1;1;0;0;1;0;0;2;0;0;0;0;0;0;0;1;0;0;0;0;0;0;0;0;0
280030805000392;1;821;821;226;144;185;137;22;19;4;1;45;0;14;0;20;1;3;0;0;0;0;24;0;1;1;5;2;3;0;0;1;4;3;4;20;15;14;13;19;21;20;18;14;17;13;21;21;18;15;13;23;10;24;15;13;13;11;15;21;14;21;19;18;13;11;17;14;18;13;11;18;9;11;11;13;15;13;12;11;5;7;9;8;4;6;6;4;3;7;5;5;1;3;1;0;3;3;4;2;2;0;0;1;1;1;1;1;1;0;2;1;0;0;1;0;0;0;0;0;0;0;0;0;0;0;0;0;0;0;0;0;0;0;0
280030805000393;1;1415;1415;425;269;317;228;27;16;10;2;72;3;25;0;12;4;5;0;0;0;0;26;5;2;4;3;3;0;1;3;0;1;3;1;32;33;21;24;33;24;31;20;40;32;29;24;17;41;25;23;20;25;17;27;32;26;24;21;24;26;36;31;31;33;24;42;30;17;29;17;31;25;27;21;17;20;13;18;13;8;15;12;14;14;24;12;7;10;8;8;6;7;6;7;8;5;5;2;4;2;3;5;3;2;3;4;3;3;2;0;0;0;2;1;0;0;1;0;1;2;0;1;1;1;0;1;0;0;0;0;0;0;0;0
280030805000394;1;941;941;245;183;286;110;13;24;5;4;37;0;26;0;8;0;0;0;0;0;0;19;4;4;0;0;0;3;1;1;0;1;4;1;18;7;9;17;16;9;14;7;10;15;15;12;18;9;16;23;27;23;28;22;16;19;15;23;23;20;19;22;12;25;21;21;13;19;13;7;10;15;18;11;11;10;13;12;16;11;17;17;13;19;6;10;9;5;12;5;7;6;6;9;4;5;2;8;3;0;2;0;2;4;1;1;8;1;1;2;2;2;1;1;0;0;0;0;1;0;0;0;0;0;0;0;0;0;0;0;0;0;0;0
280030805000395;1;1019;1019;289;188;237;176;13;11;11;3;48;1;19;2;21;0;0;0;0;0;0;16;1;1;3;2;3;2;2;0;2;0;0;0;17;19;19;25;15;23;14;29;21;25;22;18;21;21;28;19;17;19;16;16;16;26;22;21;20;22;18;11;29;28;18;18;14;17;20;13;13;21;17;18;6;23;10;13;13;9;8;14;6;19;8;6;11;5;1;3;3;8;3;1;3;2;5;3;3;3;3;3;1;0;2;2;1;3;2;1;1;2;3;1;0;0;1;0;1;0;0;0;0;0;0;0;0;0;0;1;0;0;0;0
280030805000396;1;673;673;179;130;179;113;2;6;5;1;38;0;10;0;8;2;0;0;0;0;0;12;1;0;2;2;0;0;1;0;0;4;2;0;12;12;13;10;15;16;9;14;20;19;18;17;9;12;18;13;17;15;9;13;11;14;9;11;9;11;17;26;15;23;15;20;5;5;12;8;7;14;8;15;8;12;4;7;14;7;2;6;4;5;3;5;3;3;0;6;0;1;0;8;1;2;3;1;1;1;2;3;2;2;1;1;2;1;0;0;2;0;0;0;1;0;0;0;0;1;0;0;0;0;0;0;0;0;0;0;0;0;0;0
280030805000397;1;757;757;200;110;143;134;28;20;7;2;84;1;16;0;12;0;0;0;0;0;0;18;1;1;4;0;0;3;0;1;1;2;3;2;10;21;9;14;13;12;18;22;7;11;21;14;13;21;17;14;14;15;23;16;13;16;14;17;19;12;16;11;10;15;12;14;15;6;10;10;10;10;18;9;9;10;6;9;11;6;6;14;11;7;13;5;3;1;10;10;4;3;3;2;5;4;3;2;0;7;0;3;1;0;0;1;2;0;0;0;0;0;2;1;0;0;2;0;0;0;1;0;0;0;0;0;0;0;0;0;0;0;0;0
280030805000398;1;903;903;244;144;178;159;8;14;13;1;83;4;19;1;30;5;0;0;0;0;0;14;1;0;1;0;2;1;2;2;2;0;0;3;21;17;21;17;9;17;15;15;16;24;22;11;20;21;23;17;22;13;17;15;13;24;11;13;13;12;18;17;16;22;11;13;21;20;19;14;15;10;15;15;21;10;11;6;17;7;9;8;8;6;3;5;3;7;7;3;6;5;2;5;5;4;4;5;3;5;5;2;5;6;3;7;2;1;3;4;2;0;0;0;3;1;1;1;1;0;0;1;0;0;0;0;0;0;0;0;0;0;0;1
280030805000399;1;838;838;236;159;223;113;11;14;4;2;31;0;18;0;24;3;0;0;0;0;0;7;1;2;0;1;0;0;0;0;0;1;1;1;15;13;11;14;10;15;13;16;19;14;16;21;12;22;15;19;15;16;13;14;14;14;20;20;22;13;21;33;20;25;20;25;15;10;19;7;10;8;4;18;12;11;8;9;7;9;6;8;8;11;7;9;4;3;5;8;7;3;6;3;1;4;5;4;2;5;3;2;1;4;1;3;2;1;1;2;0;1;0;3;0;0;0;0;0;0;0;0;0;0;0;0;0;0;1;0;0;0;0;0
280030805000400;1;1220;1220;356;204;246;193;10;20;13;6;105;2;31;2;23;7;2;0;0;0;0;12;0;0;2;1;4;1;0;0;0;0;1;3;15;19;19;22;13;24;19;9;7;14;13;16;16;18;28;21;16;17;16;25;31;21;21;19;27;30;26;43;16;26;25;24;22;22;26;14;27;17;11;18;17;16;15;11;18;17;20;13;9;16;12;7;10;7;9;13;5;9;10;14;13;6;10;9;10;10;5;7;12;9;6;3;6;6;5;7;7;5;0;1;1;2;0;3;1;0;1;0;0;1;0;1;0;0;0;0;0;0;0;0
280030805000401;1;717;717;207;108;150;105;7;16;8;1;72;0;23;1;17;0;1;0;1;0;0;7;0;1;1;0;2;1;0;0;0;1;0;1;7;6;9;6;14;8;13;9;7;11;16;8;8;9;10;18;10;13;6;8;11;17;11;18;14;15;16;7;15;7;16;9;13;17;12;9;11;13;7;7;5;13;8;13;13;8;12;7;11;4;6;9;7;6;9;10;8;10;7;8;12;6;8;5;6;3;6;4;3;5;2;3;0;5;3;2;2;1;3;4;1;1;1;3;0;2;0;0;1;1;0;1;0;0;0;0;1;0;0;0
280030805000402;1;886;886;235;128;148;193;14;26;9;0;96;1;17;0;17;1;0;0;1;0;0;13;3;0;0;1;0;1;0;1;3;1;1;2;13;12;15;10;12;8;13;13;21;16;10;18;17;14;20;19;16;20;16;8;18;17;15;12;12;11;23;16;14;17;16;11;12;15;14;16;20;14;8;22;17;12;8;14;13;19;12;14;13;11;4;6;7;11;13;5;9;4;10;6;5;3;4;3;6;6;1;7;0;2;4;2;1;5;3;3;1;3;1;4;0;3;1;0;0;0;1;0;2;0;0;0;0;0;0;0;0;0;0;0
280030805000403;1;928;928;255;191;275;108;17;11;6;1;38;0;11;0;6;8;0;0;1;0;0;16;3;1;2;2;0;2;1;2;1;1;1;0;12;19;20;19;17;17;25;18;21;24;19;19;15;17;22;19;16;14;24;11;23;17;19;15;20;17;18;21;20;24;13;18;17;17;8;15;15;15;12;17;15;14;15;14;13;11;10;8;6;5;8;9;9;3;8;6;5;4;1;3;3;4;4;1;2;2;2;1;0;1;2;3;1;3;0;1;0;2;2;0;0;0;0;1;0;0;0;0;0;1;0;0;0;0;0;0;0;0;0;0
280030805000404;1;708;708;230;140;147;96;16;6;15;1;16;1;18;0;12;4;5;0;1;0;0;9;0;0;1;0;0;0;1;0;3;0;2;2;11;8;9;9;9;8;8;12;14;10;11;8;14;14;9;16;10;9;14;12;18;20;14;11;18;15;13;14;19;13;12;21;13;15;10;8;18;7;17;15;13;4;15;14;11;14;8;16;7;8;10;7;6;8;5;3;2;7;4;4;5;0;3;1;2;1;0;2;0;0;2;1;1;3;1;2;0;0;1;1;0;0;0;0;0;1;0;0;0;0;0;0;0;0;0;0;0;0;0;0
280030805000405;1;588;588;215;122;121;75;8;2;2;0;13;1;8;0;16;3;2;0;0;0;0;9;0;0;0;0;1;1;2;1;2;0;1;1;9;8;6;7;5;8;11;7;5;8;8;13;7;13;17;7;7;11;9;15;11;11;17;11;12;7;18;7;17;15;15;10;14;15;12;12;14;13;5;12;10;6;6;11;14;12;10;8;7;5;7;5;7;3;4;3;2;1;1;3;1;6;3;1;2;1;1;0;2;0;0;1;1;1;0;1;1;0;1;0;0;1;1;0;0;0;0;0;0;0;0;0;0;0;0;0;0;0;0;0
280030805000406;1;1159;1159;329;208;225;168;34;13;24;9;78;5;31;1;31;1;2;0;0;0;0;20;4;1;2;1;1;3;0;2;1;2;2;1;17;11;19;21;14;11;20;19;22;30;27;27;23;13;26;22;22;22;15;15;20;21;16;12;24;10;19;21;16;27;24;22;26;17;30;25;14;15;23;21;17;20;13;13;24;10;8;14;9;15;12;6;10;10;10;7;9;4;5;9;9;16;8;1;7;6;13;3;1;7;4;1;4;3;3;1;6;1;3;3;1;2;3;4;2;0;0;1;0;0;2;0;0;0;0;0;0;0;0;0
280030805000407;1;1294;1294;349;224;333;128;17;26;0;1;114;8;29;0;42;23;0;0;0;0;0;19;0;0;0;3;1;1;1;1;4;1;5;2;12;16;33;24;22;19;19;17;17;24;35;19;25;18;22;17;16;29;18;25;20;18;35;23;26;29;29;26;27;20;24;28;22;29;32;24;23;15;17;27;17;21;14;17;30;10;15;8;12;13;7;8;8;11;6;8;11;7;10;15;10;16;8;9;2;8;7;5;3;3;6;3;1;3;1;8;1;0;2;1;1;2;2;2;0;0;0;0;0;0;0;0;1;0;1;0;0;0;0;0
280030805000408;1;657;657;178;122;155;106;3;15;7;2;43;0;8;0;18;0;0;0;0;0;0;21;1;1;3;2;0;3;2;1;2;3;2;1;20;11;13;18;10;11;4;13;13;12;9;14;17;10;12;10;8;11;10;13;17;12;19;24;10;9;11;19;16;6;17;13;9;9;11;5;12;9;9;7;11;9;5;6;5;6;5;8;4;6;7;11;5;8;5;4;2;2;5;3;1;3;4;2;0;2;2;1;2;4;2;1;0;0;1;1;0;1;1;1;0;0;1;2;2;1;0;0;0;0;1;0;0;0;0;0;0;0;0;0
280030805000409;1;892;891;259;182;228;104;23;17;9;2;28;1;12;0;24;0;3;0;0;0;0;14;2;0;1;1;0;1;1;1;4;2;1;0;12;10;15;23;19;18;22;15;15;18;13;13;19;16;16;17;14;16;9;16;16;17;23;22;23;20;29;25;12;30;21;16;17;18;16;14;13;16;11;13;12;16;8;12;19;7;7;6;13;10;8;5;5;5;8;6;6;8;1;5;1;0;1;1;3;1;1;0;1;4;1;1;1;0;0;1;3;0;2;0;0;0;0;0;0;0;0;0;0;1;0;0;0;0;0;0;0;0;0;0
280030805000410;1;1263;1263;344;260;342;151;27;27;3;1;68;1;15;0;10;14;0;0;0;0;0;28;4;1;0;2;0;1;6;5;1;1;5;2;32;20;26;29;31;22;21;22;24;35;24;24;23;23;33;28;18;17;13;28;20;29;25;23;24;25;26;31;32;29;32;33;26;24;23;24;17;19;19;21;17;17;15;12;11;12;14;10;11;12;9;11;1;5;8;2;10;4;7;8;2;2;1;1;1;3;2;1;4;6;3;1;0;3;2;3;1;0;2;2;0;0;0;0;1;0;1;0;2;0;0;0;0;0;0;0;0;0;0;0
280030805000411;1;1274;1274;350;235;341;176;30;20;8;7;64;4;20;0;15;4;0;0;0;0;0;32;1;4;4;2;2;2;2;5;2;2;2;4;31;30;21;24;24;26;24;25;23;32;26;24;29;38;31;22;37;23;26;24;24;25;27;30;28;22;31;12;33;22;14;20;18;20;20;20;30;19;22;16;17;12;17;26;7;10;13;9;5;8;12;5;5;9;10;9;10;6;5;2;6;3;7;4;7;5;1;3;0;1;1;3;2;2;2;0;0;0;2;0;0;0;1;1;0;0;1;0;0;0;0;0;0;0;0;0;0;0;0;0
280030805000412;1;1060;1055;258;184;281;150;28;33;5;2;63;2;16;0;30;2;0;5;1;0;0;22;3;0;2;2;3;0;3;4;1;2;2;0;21;19;19;14;16;25;12;20;28;22;22;18;18;28;15;13;26;18;20;29;16;25;28;25;31;15;14;23;26;14;17;23;17;15;20;13;12;20;22;17;7;14;10;10;8;9;8;15;16;7;10;8;9;6;7;11;9;8;2;9;6;8;6;6;4;4;1;3;1;3;4;0;1;1;0;0;1;1;0;4;0;0;3;1;0;0;0;0;0;0;0;0;0;0;0;0;1;0;0;0
280030805000413;1;1060;1060;279;167;239;139;4;15;29;6;88;5;50;1;33;5;0;0;0;0;0;15;2;2;2;0;0;2;0;3;0;3;0;1;17;21;19;20;21;15;19;19;20;20;13;17;16;18;22;18;10;23;12;21;12;31;22;21;34;16;18;21;12;26;18;18;25;21;19;14;19;13;19;20;11;14;16;11;9;9;10;13;11;16;9;5;6;11;13;10;5;6;6;14;8;8;4;3;9;6;3;3;5;5;2;5;1;3;1;2;2;2;0;0;2;0;2;1;0;0;0;1;0;1;0;0;0;0;0;0;0;0;1;0
280030805000414;1;1435;1435;382;195;261;176;7;12;101;3;67;0;103;10;105;9;4;0;0;0;0;26;1;3;4;2;2;2;0;2;3;1;2;4;17;22;17;27;25;28;32;20;27;27;25;23;24;34;30;30;29;23;17;19;26;33;24;17;38;30;22;28;17;29;24;19;21;34;20;32;30;26;20;25;29;23;13;21;16;12;13;23;11;18;7;14;4;11;14;7;7;7;14;11;7;9;8;10;10;10;11;7;5;5;7;4;4;3;4;3;2;0;2;0;1;1;2;2;1;1;2;0;0;2;0;0;0;0;0;0;0;0;0;0
280030805000415;1;1063;1063;282;194;261;155;18;12;5;0;75;0;19;0;35;7;0;0;0;0;0;19;1;6;0;1;2;1;3;0;1;1;3;0;17;18;27;19;28;17;28;21;20;31;24;17;13;18;21;20;19;18;9;18;15;18;27;23;22;28;15;24;25;27;22;24;17;8;26;25;15;22;17;15;9;14;17;7;16;10;15;8;14;7;8;10;1;8;5;10;7;2;5;4;6;5;4;5;2;2;1;2;3;2;3;5;0;2;2;1;1;0;0;1;0;0;0;0;1;0;0;1;0;0;0;0;0;0;0;0;0;0;0;0
280030805000416;1;680;680;179;109;173;121;10;14;9;1;50;2;6;0;5;1;0;0;0;0;0;12;0;2;1;2;1;2;1;1;1;0;1;0;11;10;17;18;14;12;9;12;12;10;14;19;19;12;15;17;20;16;16;13;12;14;9;15;12;10;10;11;10;13;15;12;6;9;10;8;15;12;14;7;8;10;11;9;14;8;7;4;5;7;4;6;10;4;5;2;3;3;3;5;6;5;2;1;2;0;1;1;2;2;0;0;0;0;1;2;0;1;0;0;0;0;0;1;1;0;0;0;0;1;0;0;0;0;0;0;0;0;0;1
280030805000417;1;731;731;187;133;183;113;4;4;32;1;22;0;38;0;13;1;0;0;0;0;0;19;2;2;1;1;1;3;2;1;0;3;1;2;17;26;18;26;13;18;13;22;22;18;16;25;27;16;23;11;14;7;12;17;7;13;6;15;15;10;14;12;10;16;18;14;21;15;15;10;7;9;12;9;6;8;2;9;5;9;1;5;4;3;5;5;3;3;4;4;1;4;0;3;4;1;0;1;1;1;0;2;1;1;1;3;0;1;0;0;0;0;0;1;0;0;0;0;0;0;0;1;0;0;0;0;0;0;0;0;0;0;0;0
280030805000418;1;1202;1175;319;203;255;220;59;16;4;2;60;1;22;0;34;4;1;2;0;0;0;25;2;1;5;2;4;2;2;0;2;1;4;0;26;20;22;20;24;31;29;22;25;23;37;42;31;33;21;26;22;22;20;25;23;25;22;30;19;30;16;25;16;26;27;18;18;13;16;23;20;16;13;15;15;14;21;18;13;10;14;13;12;13;7;12;4;6;5;7;6;6;5;7;0;4;5;4;3;6;1;1;1;2;1;1;2;1;1;1;0;0;0;1;0;0;1;1;0;0;0;0;0;0;0;0;0;0;0;0;0;0;0;0
280030805000419;1;525;295;154;96;132;78;18;4;2;1;15;1;6;0;16;2;0;0;0;0;0;15;0;0;1;2;3;2;2;1;3;0;1;0;11;11;18;10;12;15;17;10;10;13;15;13;13;11;8;12;8;8;11;14;6;8;14;11;10;8;7;9;7;12;9;6;8;15;9;5;7;3;7;9;4;4;5;7;7;5;4;0;5;4;5;4;5;3;3;3;2;3;6;1;3;3;0;1;2;2;0;0;1;0;0;0;1;0;0;0;3;2;0;0;0;1;0;1;0;0;0;0;0;0;0;0;0;0;0;0;0;0;0;0
280030805000420;1;230;230;76;40;53;27;12;2;2;0;11;0;1;0;0;5;1;0;0;0;0;7;0;0;1;1;0;1;1;0;0;2;1;0;4;4;3;6;3;4;6;5;4;3;7;12;7;6;8;1;4;4;1;9;6;3;6;2;3;2;5;2;1;2;4;7;2;6;1;3;2;3;4;5;0;3;3;2;7;1;4;3;6;1;0;0;3;1;2;3;1;2;0;1;0;0;2;2;0;1;1;0;0;2;0;0;1;0;0;0;1;0;0;0;0;0;0;0;0;0;0;0;0;0;0;0;0;0;0;0;0;0;0;0
280030805000421;1;824;824;227;152;216;93;3;15;15;2;64;0;18;0;19;0;0;0;0;0;0;18;2;2;2;4;1;0;0;1;1;1;1;3;13;16;19;18;11;18;18;16;14;16;12;9;11;10;16;20;12;10;16;27;16;22;16;18;12;14;14;18;11;15;18;11;12;17;11;13;12;23;18;10;9;7;13;9;10;8;7;13;5;8;6;8;7;7;5;8;6;3;2;5;1;6;2;4;4;4;1;3;5;3;3;0;2;5;0;1;3;0;1;0;1;1;0;0;1;0;1;3;0;0;1;0;0;1;0;0;0;0;0;0
280030805000422;1;1200;1198;336;224;305;169;35;17;9;4;58;4;14;0;22;1;1;0;1;0;0;26;1;1;3;3;6;2;0;0;2;2;2;4;13;25;18;14;25;21;22;26;22;31;25;21;26;22;29;28;20;22;23;13;13;13;26;24;18;28;31;27;20;25;25;17;25;19;11;18;24;15;18;22;21;24;20;16;15;19;10;12;14;16;15;11;4;9;10;6;13;2;6;7;4;5;5;4;6;6;4;4;4;2;0;0;0;1;0;1;3;0;3;4;0;0;0;0;0;0;1;0;0;0;0;1;0;0;0;0;0;0;0;1
280030805000423;1;1002;1002;281;177;300;146;7;13;5;1;40;0;5;0;27;0;0;0;0;0;0;35;3;2;3;2;5;3;2;0;7;1;4;3;17;19;30;25;20;33;22;26;27;28;26;23;23;22;26;28;14;23;17;12;18;14;13;21;9;14;25;13;19;14;17;20;25;22;14;12;17;18;12;20;12;16;8;14;7;13;2;9;10;9;6;7;7;4;3;8;3;5;1;3;1;5;1;1;0;3;1;0;1;1;0;1;0;0;0;2;2;1;1;0;0;0;0;0;0;0;0;0;0;0;0;0;0;0;1;0;0;0;0;0
280030805000424;1;869;869;241;167;231;109;44;6;4;1;32;0;14;0;15;5;0;0;0;0;0;21;1;2;4;1;1;1;2;3;1;1;3;1;22;25;32;16;19;23;16;16;24;28;22;25;18;19;18;15;16;12;13;12;19;11;13;20;12;14;11;24;25;14;11;18;17;14;13;15;15;24;9;16;5;12;7;4;9;8;8;7;6;3;11;4;8;6;4;4;4;4;2;6;3;3;2;2;2;3;0;0;0;0;1;0;0;0;0;0;0;0;3;1;0;0;0;0;0;0;0;0;0;0;0;0;0;0;0;0;0;0;0;0
280030805000425;1;871;871;260;146;172;146;9;14;9;0;59;0;27;0;24;5;0;0;0;0;0;11;2;2;1;0;1;0;0;2;1;1;1;0;13;17;12;16;11;8;10;8;18;14;11;16;13;11;11;12;14;14;15;18;11;21;22;14;14;18;22;24;16;25;19;26;14;11;11;11;11;24;12;17;6;11;10;13;18;14;11;12;10;10;11;6;6;7;12;11;5;6;2;3;5;10;3;6;7;3;2;3;2;7;1;2;3;0;3;2;1;2;1;2;0;0;2;1;0;1;0;1;0;0;1;0;0;0;0;0;0;0;0;0
280030805000426;1;1336;1336;363;207;283;203;19;23;18;6;116;3;31;0;51;0;13;0;0;0;0;17;0;0;2;0;3;1;0;1;4;0;5;1;17;10;15;14;21;17;19;14;23;32;14;29;22;25;19;18;17;27;23;20;27;29;17;29;23;23;33;28;24;28;16;19;29;19;19;25;18;17;21;30;16;15;17;18;21;20;17;16;11;26;16;13;9;11;9;11;16;12;8;19;14;13;6;6;12;3;6;8;6;5;4;6;6;7;11;5;0;5;1;2;1;5;5;2;0;0;2;0;0;1;0;0;1;1;0;2;1;0;1;0
280030805000427;1;864;864;264;155;221;119;2;9;4;4;48;1;9;0;22;6;0;0;0;0;0;13;1;1;4;1;0;2;0;1;0;2;1;0;9;18;9;6;14;8;13;9;13;21;11;11;15;19;15;18;19;18;10;10;15;19;24;17;19;14;28;10;21;17;17;11;16;14;9;16;15;15;13;15;15;11;9;11;18;16;9;5;12;10;3;6;8;10;7;5;7;9;13;10;2;3;4;7;0;1;4;4;2;2;2;0;1;1;1;5;2;4;1;3;3;2;0;0;2;1;2;1;0;2;1;1;0;1;0;0;1;0;0;0
280030805000428;1;588;588;164;84;107;124;5;7;6;0;46;3;16;0;17;9;0;0;0;0;0;6;1;2;1;0;1;0;0;1;0;0;0;0;7;10;10;7;8;12;8;9;11;19;9;8;8;14;8;14;12;12;10;12;14;10;8;12;15;5;14;14;10;6;11;12;10;11;10;5;14;4;9;12;12;8;8;9;5;7;8;6;3;9;8;0;5;1;4;4;3;3;0;2;5;7;4;5;5;7;2;1;2;5;2;0;3;2;2;2;0;0;3;4;1;0;0;0;0;0;0;0;0;0;0;0;0;0;0;0;0;0;0;1
280030805000429;1;1118;1118;317;186;250;180;6;19;12;1;71;1;31;0;41;3;0;0;0;0;0;14;2;2;0;0;3;0;0;2;0;3;2;0;18;15;14;22;18;19;13;29;15;21;31;23;14;32;22;14;17;11;18;19;21;21;25;21;24;23;21;15;24;21;18;22;22;27;21;18;19;22;17;16;25;10;8;24;13;11;10;8;11;15;7;12;7;11;7;13;11;4;3;1;8;6;6;7;9;2;4;9;8;3;3;0;1;6;2;0;2;2;0;2;2;2;0;0;1;0;1;0;0;0;1;1;0;0;1;0;0;0;0;1
280030805000430;1;807;807;225;156;191;119;12;14;4;1;50;3;8;1;9;12;2;0;0;0;0;19;1;2;2;0;3;3;2;2;0;1;0;3;21;16;7;8;17;12;12;9;11;16;20;16;11;18;14;20;19;10;19;19;24;10;13;21;15;11;23;9;18;20;24;20;14;12;14;9;13;10;15;17;10;8;13;4;6;11;3;13;10;9;6;9;4;7;3;13;7;3;2;4;3;2;8;2;1;2;1;1;0;1;2;2;3;2;0;0;0;0;1;1;0;0;0;0;0;1;0;0;0;0;0;0;0;0;1;0;1;0;1;0
280030805000431;1;1247;1247;331;223;328;166;4;24;15;5;79;0;23;1;45;1;2;0;0;0;0;11;0;0;2;2;0;1;0;2;0;1;0;3;13;13;13;26;22;25;28;17;31;32;31;21;18;20;23;31;30;22;20;25;22;27;36;20;25;28;27;26;24;22;29;31;18;12;22;14;13;30;18;25;19;18;12;13;18;17;16;17;14;18;14;9;9;7;4;9;8;12;7;6;8;5;6;3;4;6;5;2;3;2;1;1;1;0;1;3;0;1;2;0;1;2;0;1;0;0;0;1;0;0;0;0;0;0;0;0;0;0;0;0
280030805000432;1;1242;1242;356;234;294;204;31;17;9;3;51;1;14;1;20;1;6;0;0;0;0;23;2;1;2;3;3;1;2;0;4;2;0;3;24;22;24;27;25;27;23;22;20;26;23;25;19;31;25;26;15;28;19;19;35;32;14;20;22;30;27;25;19;27;18;28;21;16;34;21;15;18;24;22;18;24;13;16;20;12;10;8;15;10;11;10;11;7;4;11;8;5;6;12;4;4;4;2;4;4;6;4;0;1;1;2;1;2;2;3;1;1;0;0;1;0;0;0;1;0;0;0;0;1;0;0;0;0;0;1;0;0;0;0
280030805000433;1;1061;1043;297;171;213;164;17;16;7;2;71;2;19;0;32;21;0;0;10;1;9;16;2;1;2;3;2;1;0;1;1;0;1;2;16;22;18;12;10;22;13;14;19;18;12;20;21;30;13;21;23;23;28;16;26;27;12;20;25;16;17;17;18;16;15;16;6;12;22;15;19;19;15;9;9;13;20;13;14;17;12;15;17;8;5;10;11;7;14;4;8;5;5;8;3;9;4;4;8;2;5;5;2;6;4;6;3;6;6;4;3;2;3;3;3;6;7;2;1;0;2;1;0;1;1;2;1;1;0;0;1;0;0;0
280030805000434;1;986;986;310;148;178;147;11;15;25;3;62;1;31;0;45;3;4;0;3;0;0;9;0;0;0;0;3;0;2;2;0;1;1;0;9;10;10;6;12;10;10;7;11;9;9;15;11;10;17;13;16;20;17;22;16;20;18;14;18;14;16;17;19;14;10;14;11;13;12;10;21;13;20;8;7;10;11;14;11;17;20;13;10;13;12;7;19;14;13;10;22;8;8;10;9;12;13;7;7;1;5;11;7;8;12;9;3;5;10;5;4;12;7;6;4;5;3;1;5;0;4;1;5;0;1;1;1;0;0;1;0;0;1;0
280030805000435;1;712;712;202;97;124;110;10;12;19;5;59;3;28;3;30;3;4;0;3;0;0;8;1;0;1;1;0;2;0;0;1;2;0;0;8;8;6;8;6;9;3;8;5;10;10;11;6;7;9;10;10;16;9;8;19;17;10;18;14;13;16;11;14;13;9;15;7;9;7;2;8;15;10;12;7;9;9;10;7;9;12;9;16;10;9;10;5;9;8;5;5;7;8;9;2;8;5;4;4;5;6;4;4;8;8;4;7;4;13;5;4;4;1;1;1;3;2;3;2;0;2;0;2;1;3;2;1;1;0;1;0;0;0;0
280030805000436;1;641;641;216;86;100;97;9;10;13;0;38;1;20;0;20;9;2;0;18;2;0;3;0;1;0;0;1;0;0;1;0;0;0;0;4;2;2;2;6;7;5;5;9;7;8;7;15;5;9;9;9;11;3;12;14;5;12;16;7;8;14;10;10;16;11;10;13;15;8;7;6;5;8;13;8;10;8;12;13;12;8;6;10;11;9;8;5;6;8;6;3;7;5;8;11;7;5;9;6;7;2;3;7;1;2;2;5;0;3;4;1;2;4;11;3;3;2;2;3;3;4;4;2;1;2;3;1;1;1;0;0;0;1;2
280030805000437;1;576;576;180;89;117;72;9;9;5;3;36;3;15;0;17;11;0;5;4;1;0;5;1;0;0;0;1;0;1;1;1;0;0;0;6;6;4;3;2;6;7;5;4;5;4;6;10;8;14;6;12;10;8;9;18;7;18;16;7;12;15;11;6;5;11;3;8;7;7;8;4;17;9;5;9;10;9;13;4;6;12;11;6;10;6;1;5;6;8;5;6;4;3;8;0;6;7;1;4;6;5;4;7;5;4;5;4;5;3;6;2;1;0;7;1;3;4;1;1;0;1;1;0;0;2;0;2;0;0;0;1;0;0;1
280030805000438;1;486;486;151;70;75;77;2;8;7;0;48;0;19;0;21;2;5;0;1;0;0;3;0;0;1;1;1;0;0;0;0;0;0;0;4;4;3;6;2;7;1;4;5;5;5;6;7;7;7;8;4;7;11;14;7;9;7;15;11;5;5;8;6;8;7;6;8;4;5;3;9;8;9;7;8;12;7;6;7;13;10;5;4;12;7;4;3;4;9;6;6;7;5;3;3;4;3;2;2;3;3;3;1;4;3;3;6;5;3;4;3;4;1;4;1;2;3;1;3;1;1;1;0;1;1;0;1;0;0;0;1;0;0;0
280030805000439;1;455;455;135;68;85;71;4;7;5;0;37;0;13;2;19;3;2;0;3;1;0;4;0;0;0;1;0;0;1;0;0;1;1;0;3;4;5;4;1;2;7;2;4;8;5;11;5;9;8;8;6;7;11;10;7;9;14;8;12;6;9;5;10;7;5;6;6;6;5;4;7;3;5;7;8;6;9;9;11;11;6;6;3;10;5;5;5;7;5;6;8;2;3;4;3;5;3;2;1;3;1;3;1;2;1;2;3;3;2;4;2;3;1;3;1;3;2;2;2;0;1;1;0;0;0;0;0;1;0;0;0;0;0;0
280030805000440;1;743;743;219;118;152;113;3;7;9;5;38;4;21;1;40;11;1;0;1;0;0;8;0;1;1;0;3;1;0;0;0;1;1;0;6;6;8;9;3;10;10;4;10;8;6;12;5;11;12;11;12;6;14;12;14;10;18;12;19;15;20;20;15;15;18;9;15;13;11;10;6;7;10;8;7;15;8;9;7;7;6;9;7;11;18;16;8;10;11;7;7;5;5;6;5;8;3;3;7;6;5;2;1;5;1;4;4;3;8;6;1;3;3;9;2;3;3;3;5;4;1;2;2;0;1;1;0;1;1;0;0;0;0;0
280030805000441;1;906;900;258;133;178;112;6;17;22;5;66;3;30;0;45;3;7;1;12;2;6;8;0;0;0;0;0;1;0;2;0;2;1;2;16;5;8;9;5;7;11;12;6;15;6;13;19;11;9;15;13;18;14;13;16;21;13;20;16;15;16;16;17;12;19;9;13;17;16;7;7;11;19;14;9;6;14;9;12;10;12;21;12;20;7;13;7;15;9;6;12;9;10;6;11;9;5;4;7;7;3;4;8;12;4;4;7;9;5;1;4;7;4;9;4;2;4;2;6;2;5;1;2;2;1;2;0;0;1;1;0;0;1;0
280030805000442;1;756;756;209;105;132;127;5;17;6;3;92;9;16;0;19;1;10;0;5;0;0;4;0;0;0;1;0;0;0;0;0;2;1;0;11;10;9;8;13;5;11;8;8;5;11;12;12;10;13;12;12;17;12;10;14;17;7;21;13;9;14;14;12;12;14;10;11;12;8;11;13;9;14;12;12;14;7;8;11;11;8;8;16;10;13;8;4;3;10;7;9;5;8;9;4;8;6;3;4;8;5;3;6;11;6;5;5;3;2;2;6;6;7;1;1;1;1;2;2;1;0;1;2;1;1;0;1;0;0;0;0;0;0;0
280030805000443;1;723;723;206;128;146;125;8;18;6;1;48;1;10;0;14;12;0;0;0;0;0;9;0;0;2;2;2;0;1;1;1;0;0;0;6;7;5;7;6;11;14;8;9;9;9;14;7;14;11;8;11;13;20;9;11;9;17;11;11;20;18;11;18;10;13;12;5;6;11;14;10;9;7;16;16;12;9;13;16;12;13;8;8;8;8;3;14;8;8;8;5;4;5;5;3;2;7;6;6;6;6;3;3;3;7;3;5;2;4;2;2;0;4;2;3;2;1;1;2;2;0;0;2;1;2;1;1;0;0;0;0;0;0;0
280030805000444;1;665;665;223;100;111;110;1;8;12;2;37;1;27;0;24;1;6;0;2;0;0;9;2;0;0;2;3;1;0;0;0;0;0;1;4;11;2;5;8;9;8;6;11;6;7;10;2;8;11;9;11;12;10;16;13;13;17;12;16;13;15;3;11;11;11;7;10;4;11;9;16;9;9;10;11;10;14;6;14;16;11;9;15;10;9;5;9;7;6;8;5;5;2;10;8;1;3;2;5;5;3;4;2;3;2;5;4;8;6;2;2;3;3;3;2;3;2;0;2;0;0;2;2;0;0;1;0;0;0;0;0;0;0;0
280030805000445;1;745;739;217;109;123;143;3;20;11;0;66;1;22;0;18;4;0;1;2;0;5;8;0;0;0;1;0;0;0;1;0;1;1;4;7;8;6;9;12;4;8;5;14;8;10;11;10;10;12;15;9;11;14;12;11;17;16;11;10;20;7;15;10;10;11;7;13;12;9;10;7;7;6;17;10;13;13;9;14;15;11;8;11;9;11;10;9;6;9;9;7;4;6;9;6;5;9;4;8;7;2;5;6;2;1;7;3;4;6;2;3;5;3;9;3;4;3;3;1;3;2;0;0;2;1;0;1;1;2;0;0;0;0;0
280030805000446;1;1004;1004;277;152;182;157;5;12;39;3;62;2;55;4;52;2;0;0;0;0;0;20;3;1;3;2;2;1;0;0;2;2;1;3;10;14;18;17;7;13;14;16;19;20;16;13;10;15;18;11;24;19;16;14;24;20;17;18;24;19;18;19;22;15;17;13;13;17;18;12;22;21;13;19;17;18;18;9;19;13;16;14;9;10;7;13;4;5;6;6;8;2;8;8;3;9;7;5;4;10;9;9;6;2;6;2;5;1;4;4;5;2;2;2;2;1;0;0;1;2;0;1;2;0;0;0;1;0;2;0;0;0;0;0
280030805000447;1;936;936;242;149;157;163;7;10;30;2;77;2;28;1;67;1;0;0;0;0;0;12;1;1;1;0;3;1;2;0;1;2;0;0;23;20;13;16;15;12;18;11;8;17;18;20;20;15;17;12;11;16;19;13;28;23;21;16;16;23;14;10;13;16;21;17;16;18;13;14;11;14;15;9;13;19;12;8;13;12;10;10;23;10;11;7;4;12;1;8;10;2;4;8;5;10;6;2;2;6;8;3;3;3;3;2;2;1;0;3;2;3;3;1;2;1;1;4;2;2;1;1;0;0;1;1;0;1;0;0;0;0;0;0
280030805000448;1;931;931;133;108;544;27;0;8;14;1;59;0;17;0;20;0;0;0;0;0;0;21;0;0;2;1;1;2;5;4;1;2;0;3;21;18;11;29;37;26;31;41;42;61;43;27;26;22;23;20;14;13;19;16;18;11;23;14;19;9;13;5;12;8;10;13;4;5;13;17;5;8;7;7;6;12;2;7;11;6;12;4;7;6;11;17;6;8;1;5;3;3;6;4;1;2;0;3;0;0;2;0;2;1;1;0;0;0;0;0;0;0;0;0;0;0;0;0;0;0;0;0;0;0;0;0;0;0;0;0;0;0;0;0
280030805000449;1;834;824;230;127;157;138;14;20;12;2;66;5;12;1;34;2;0;2;2;0;10;11;1;0;0;2;2;2;1;1;2;0;0;0;10;12;14;5;6;16;9;11;12;15;10;6;12;17;15;11;8;12;7;15;17;17;25;15;15;15;19;19;13;14;18;15;15;15;12;9;13;20;13;13;10;13;12;17;14;9;8;9;4;13;13;11;9;5;10;8;7;5;0;9;3;4;10;7;6;6;4;4;5;7;2;5;2;2;2;3;2;3;1;4;2;1;6;3;0;1;2;0;1;1;0;0;1;0;0;0;0;0;1;1
280030805000450;1;1110;1110;299;164;251;207;9;22;7;1;80;1;21;0;43;1;4;0;0;0;0;13;1;1;1;2;2;0;0;1;2;1;0;2;13;12;16;11;18;14;13;16;25;21;21;16;21;16;24;20;20;26;24;28;23;27;16;20;15;14;19;22;14;15;24;20;14;21;17;18;18;16;15;24;13;23;12;18;21;8;19;10;15;9;4;9;16;8;14;6;11;10;11;9;5;5;7;3;6;6;4;4;3;5;2;5;10;3;2;3;1;5;3;3;1;5;1;4;1;4;1;0;0;2;0;0;0;0;0;0;0;0;0;0
280030805000451;1;434;434;155;88;83;48;7;3;3;0;25;0;4;0;12;6;0;0;0;0;0;6;0;0;0;1;0;0;0;1;1;2;0;1;10;11;8;6;4;4;8;3;6;3;4;3;4;4;4;8;7;6;11;9;10;9;12;13;17;12;9;15;6;10;13;8;10;15;5;3;6;4;3;7;9;2;1;6;5;10;5;6;6;2;10;5;4;7;4;1;2;5;0;3;2;1;2;4;1;1;1;1;0;1;0;1;2;2;0;0;0;0;2;1;1;1;0;0;0;0;0;0;0;0;0;0;0;0;0;1;0;0;0;0
280030805000452;1;862;862;251;192;240;95;10;2;6;0;28;0;10;0;27;0;1;0;0;0;0;14;1;2;0;1;0;4;0;4;1;0;1;0;29;15;23;11;15;12;12;16;19;22;9;12;14;21;19;9;19;11;13;13;19;22;16;23;17;22;22;18;26;14;15;19;16;21;19;11;8;13;16;13;10;17;18;11;8;18;8;9;6;3;8;9;4;5;6;5;6;3;2;6;2;2;2;3;1;2;2;1;0;2;0;2;0;0;0;1;0;0;0;0;0;0;0;0;1;1;0;0;0;0;0;0;0;0;0;0;0;0;0;0
280030805000453;1;976;976;283;185;195;185;22;15;7;3;42;0;17;0;19;0;3;0;0;0;0;13;0;2;2;0;1;0;0;2;2;0;3;1;13;15;21;13;14;19;29;19;15;11;21;19;20;24;23;32;20;19;4;13;19;20;20;13;24;21;17;16;3;20;19;24;16;23;20;14;19;21;7;17;14;14;19;19;12;9;11;4;16;17;15;19;4;7;5;9;4;2;3;1;4;5;3;4;0;2;3;3;2;2;1;4;2;1;0;2;0;2;1;1;0;0;0;0;0;0;0;0;0;0;0;0;0;0;0;0;0;0;0;0
280030805000454;1;703;691;187;82;92;158;13;12;3;1;83;1;14;1;27;4;13;0;0;0;2;7;0;1;1;0;1;1;0;1;1;1;0;0;14;14;7;5;12;9;12;10;11;11;12;13;12;13;19;12;14;16;14;11;16;14;15;22;11;17;12;15;4;16;7;12;10;25;10;12;8;14;6;7;9;3;5;12;11;8;8;2;6;8;5;6;11;4;12;8;3;4;4;8;2;7;3;4;4;6;2;4;6;5;4;1;2;0;1;2;2;0;2;2;1;1;1;1;0;1;0;0;1;0;0;0;0;0;0;0;0;0;0;0
280030805000455;1;833;778;230;128;170;101;20;12;12;4;45;0;21;1;32;1;6;1;3;0;46;7;1;1;0;1;0;0;1;0;1;1;1;0;6;10;13;9;8;16;20;14;11;13;14;12;10;16;19;15;15;10;15;9;14;12;16;14;12;13;12;13;14;9;12;19;15;14;10;17;15;14;12;13;13;19;13;11;12;10;8;9;10;7;9;8;7;10;6;6;6;7;6;8;2;1;3;2;3;4;1;2;7;3;6;2;1;9;6;5;0;6;2;5;2;4;8;7;5;3;2;2;1;1;2;1;2;4;1;1;0;0;0;0
280030805000456;1;923;923;286;144;179;157;15;21;14;3;48;1;22;0;25;1;4;0;3;0;0;9;1;1;1;0;1;1;0;1;1;1;1;0;9;12;11;9;14;13;13;18;11;14;12;18;12;18;11;20;15;13;20;13;20;20;23;23;16;17;17;24;15;17;19;15;12;10;19;17;21;11;16;9;16;21;12;14;14;10;12;13;14;6;11;12;9;8;12;7;8;6;3;9;7;7;4;4;5;3;4;3;6;2;0;2;3;5;5;3;2;0;2;0;0;2;0;2;2;0;3;1;0;0;1;1;1;0;0;0;0;0;0;0
280030805000457;1;703;703;214;129;148;95;0;1;7;2;46;5;18;2;35;0;1;0;0;0;0;10;0;1;3;2;0;0;0;0;0;1;2;1;15;11;10;8;11;10;14;10;11;14;11;9;12;9;15;5;10;10;10;12;10;9;13;14;11;7;12;13;21;12;13;15;21;15;13;12;25;12;17;11;8;11;5;10;10;9;1;6;5;7;6;5;5;4;6;7;3;4;5;7;2;4;5;4;3;3;5;2;4;3;5;2;4;4;5;1;1;1;2;5;0;1;2;2;1;1;0;0;1;1;0;0;0;1;0;0;0;1;0;0
280030805000458;1;820;820;246;127;159;152;9;14;6;2;62;1;14;1;24;3;0;0;0;0;0;8;0;3;0;3;1;0;0;0;1;0;0;0;9;14;16;9;8;14;9;13;12;10;14;14;17;14;16;16;12;17;11;21;11;17;12;17;18;14;13;11;19;18;11;11;14;14;11;15;17;12;7;17;11;11;9;13;12;6;15;8;9;7;12;11;5;5;6;7;4;6;6;12;3;11;3;9;5;5;1;5;7;4;2;2;2;3;4;2;1;5;3;2;2;1;1;1;2;2;0;0;0;2;0;0;2;0;0;0;0;0;0;0
280030805000459;1;936;924;250;154;208;139;5;11;5;5;85;2;24;3;22;9;1;0;1;0;12;16;1;0;3;0;2;1;2;2;0;2;2;1;8;16;14;11;13;7;13;19;10;18;9;18;17;17;17;15;21;14;21;12;22;15;10;18;23;12;20;18;13;18;11;16;12;11;17;14;11;6;11;16;18;20;15;24;8;17;16;12;16;15;9;6;3;8;5;7;5;8;7;4;6;11;7;8;6;8;8;5;6;2;4;2;2;2;1;6;7;2;5;2;2;1;1;2;2;1;1;1;0;0;0;1;0;0;0;1;0;0;0;0
280030805000460;1;650;645;176;91;143;89;3;13;5;1;72;0;19;0;27;3;2;0;1;0;5;6;3;0;0;0;0;1;0;0;1;1;0;0;14;11;5;2;8;5;6;8;4;10;13;11;5;14;12;13;9;11;9;9;15;9;19;14;10;9;16;11;12;13;8;7;10;9;9;5;9;11;9;11;4;10;12;11;6;7;11;14;9;7;9;7;9;10;8;7;7;7;4;9;3;2;7;6;6;4;1;2;1;7;0;2;2;0;5;5;3;2;4;3;4;1;3;0;1;1;1;1;0;0;0;0;0;0;0;1;1;0;0;2
280030805000461;1;197;197;63;45;48;12;1;2;2;4;6;0;3;0;7;0;1;0;2;1;0;5;0;0;1;0;0;0;1;1;1;1;0;0;1;3;0;1;2;2;4;1;4;1;4;2;0;3;3;2;2;1;1;1;3;2;4;0;4;4;7;4;2;11;3;2;3;1;2;5;2;2;1;2;2;2;3;6;2;2;3;4;2;5;1;1;2;4;4;2;2;4;5;7;3;1;4;0;3;1;2;2;2;1;0;1;0;1;0;1;0;0;1;0;0;0;1;0;0;0;1;0;0;0;1;0;1;0;0;0;0;0;0;0
280030805000462;2;852;852;259;166;210;105;11;16;2;2;47;1;14;1;9;7;2;0;0;0;0;19;5;1;2;1;0;1;2;2;2;0;2;1;13;13;18;10;11;15;12;19;19;21;14;18;14;13;19;21;19;11;16;18;19;22;19;17;20;12;17;21;18;16;15;21;9;19;16;10;13;13;9;15;16;13;7;12;9;10;11;5;8;10;6;3;7;4;2;5;7;4;7;5;2;4;2;2;6;2;1;2;2;0;2;3;1;0;2;2;1;3;0;4;1;1;1;0;2;0;0;0;0;0;1;0;0;0;0;0;0;0;0;0
280030805000463;1;572;571;159;115;161;64;13;14;2;0;30;0;5;0;3;1;1;1;3;0;0;10;1;1;0;1;1;0;2;2;0;1;1;0;7;12;9;12;7;12;10;10;8;5;8;14;11;6;13;9;8;11;12;15;6;7;15;8;17;11;6;13;21;8;12;9;12;13;9;11;6;8;4;1;6;6;12;4;12;13;4;7;3;6;4;4;2;7;2;6;8;6;2;5;3;6;6;3;1;5;2;2;2;1;1;3;3;1;1;0;1;0;0;0;1;1;0;1;0;1;1;0;0;1;0;0;0;0;0;0;0;0;0;0
280030805000464;1;299;299;96;72;91;5;6;5;5;0;4;0;3;0;3;0;0;0;9;0;0;7;2;1;1;0;0;1;0;1;0;1;0;0;0;6;3;3;3;5;3;6;2;2;8;6;6;2;4;5;1;5;4;0;2;3;3;6;5;3;8;7;3;5;7;5;4;4;7;9;7;4;1;7;6;8;5;2;3;3;7;6;3;3;6;2;6;2;8;5;5;6;3;1;2;0;2;3;1;2;0;3;1;2;2;3;0;0;0;1;0;2;0;2;1;0;0;1;0;0;0;0;0;0;0;0;0;0;0;0;0;0;0;0
280030805000465;1;330;330;105;81;101;20;4;0;3;4;2;0;1;0;4;0;0;0;5;0;0;0;0;0;0;0;0;0;0;0;0;0;0;0;5;6;8;4;3;8;3;4;3;11;7;1;5;5;6;6;6;1;3;6;4;7;10;8;8;2;8;2;12;6;5;8;6;9;6;5;7;6;5;7;5;4;1;3;5;4;2;7;2;8;3;5;3;4;3;1;4;5;3;2;1;1;2;2;0;1;1;0;0;0;1;2;2;1;1;0;2;1;0;1;1;2;0;0;0;0;0;1;0;0;0;1;0;0;0;0;0;0;0;0
280030805000466;1;841;841;264;173;210;111;12;10;4;0;27;1;10;0;16;2;1;0;0;0;0;14;0;2;0;1;1;2;0;1;2;3;0;2;6;12;14;13;13;10;11;16;17;18;21;9;19;20;16;19;15;9;8;13;16;16;18;17;14;15;15;18;22;23;18;25;9;15;21;19;12;15;8;13;10;21;9;10;12;8;8;4;6;5;3;11;7;7;3;8;5;5;3;13;7;5;2;4;1;4;4;1;3;5;2;2;3;3;4;1;3;1;2;0;1;0;0;2;1;0;0;0;0;0;0;0;0;0;0;0;0;0;0;0
280030805000467;1;584;584;159;119;180;64;10;8;2;2;30;0;3;0;6;0;0;0;1;0;0;5;0;0;0;2;1;0;0;0;0;2;0;0;12;11;11;16;14;17;9;7;14;15;15;11;9;10;14;7;17;8;8;12;9;10;8;9;13;17;11;5;10;11;13;8;11;7;12;6;19;9;8;11;6;6;9;4;10;8;6;5;6;7;7;5;6;3;7;5;1;1;2;3;2;2;2;2;1;2;1;1;4;1;0;1;1;0;0;0;3;1;0;0;0;1;0;1;0;0;0;0;1;0;0;0;1;0;0;0;0;0;0;0
280030805000468;1;655;655;174;110;174;99;2;0;18;1;35;0;11;0;31;0;0;0;0;0;0;15;2;0;1;2;2;0;2;0;2;2;1;1;7;11;14;8;10;10;13;8;14;15;13;10;8;11;11;14;14;9;12;9;12;18;16;14;13;18;11;18;10;12;11;23;11;9;9;8;3;11;12;9;9;8;9;10;4;2;6;4;5;10;9;6;5;4;2;3;4;1;8;5;6;4;4;3;5;1;2;3;6;0;1;2;2;0;3;0;4;1;2;1;1;0;1;1;2;1;0;0;0;0;0;0;0;0;0;0;1;0;0;0
280030805000469;2;553;553;163;106;162;68;11;6;1;0;26;0;3;1;4;0;1;0;1;0;0;6;0;0;0;1;1;0;1;1;1;1;0;0;8;7;3;13;15;7;10;8;11;11;14;12;14;13;13;8;12;10;9;14;10;16;10;12;11;6;7;12;12;14;9;14;13;9;10;13;11;6;10;10;5;2;7;4;8;5;5;5;4;4;1;2;3;3;6;2;6;4;6;5;2;3;5;3;1;0;2;3;0;2;0;2;1;0;0;2;1;1;1;1;0;0;1;0;0;1;0;1;0;0;0;0;0;0;0;0;0;0;0;0
280030805000470;1;647;647;204;125;153;77;16;8;2;0;38;4;7;0;13;0;0;0;0;0;0;7;2;1;0;0;1;0;0;1;0;0;1;1;9;13;15;12;15;12;14;16;11;23;13;11;10;13;10;10;9;9;6;14;11;14;16;19;13;8;9;19;8;15;8;10;12;8;9;11;7;9;6;10;6;7;5;13;10;12;5;5;2;7;9;4;5;5;8;11;2;6;0;4;4;3;4;1;4;5;1;2;4;2;0;1;5;2;2;0;1;1;1;2;0;1;1;0;0;0;0;0;0;0;0;0;0;0;0;0;0;0;0;0
280030805000471;1;978;978;288;209;261;96;36;9;6;0;31;1;7;0;22;5;2;0;5;0;0;11;1;1;3;0;0;0;0;2;1;1;2;0;12;12;15;20;12;13;18;20;19;11;14;16;14;24;18;15;13;19;14;26;13;21;19;15;24;23;19;29;17;21;20;20;19;18;17;14;10;27;17;19;5;17;6;9;9;13;8;10;11;9;5;7;9;10;10;9;6;9;6;7;8;8;12;2;6;7;2;2;4;6;3;5;4;2;0;1;2;3;0;2;1;0;0;0;1;2;0;1;0;0;0;0;0;0;1;0;0;0;0;0
280030805000472;1;729;729;207;158;188;55;18;10;5;2;29;3;5;0;46;2;1;0;0;0;0;6;0;2;0;0;0;0;1;0;0;1;1;1;14;11;13;19;10;12;21;11;18;15;11;13;12;12;14;9;5;8;13;7;10;11;11;15;16;10;21;20;14;18;17;20;16;12;13;14;11;9;6;13;14;12;6;4;7;5;6;7;4;7;7;3;8;4;6;10;8;3;8;3;3;2;4;2;6;3;4;3;3;2;2;3;2;2;3;3;3;3;0;2;2;2;2;0;0;1;0;1;0;2;0;1;0;0;0;0;0;0;0;0
280030805000473;1;934;934;266;201;267;87;24;4;13;3;27;0;10;0;15;5;3;0;9;0;0;15;3;1;2;1;1;0;1;1;1;2;2;0;19;16;15;14;17;15;23;15;16;14;23;25;11;22;17;16;19;9;17;16;16;18;16;22;16;22;21;18;23;25;15;20;12;17;12;14;15;5;27;13;12;15;10;12;7;5;15;7;13;8;9;12;7;9;10;9;6;5;8;7;4;4;2;1;3;0;7;2;0;2;2;3;0;3;1;0;3;2;2;0;0;0;1;0;0;0;1;1;1;0;0;0;1;0;0;0;0;0;0;1
280030805000474;1;1008;1002;289;198;276;136;18;0;12;1;34;0;8;0;28;2;0;0;0;0;0;22;2;2;4;1;1;1;1;4;1;1;2;2;20;14;17;21;17;22;23;28;27;19;19;30;21;16;14;15;20;20;14;18;16;19;23;14;22;26;24;24;15;13;24;22;24;15;13;21;12;10;12;12;14;8;11;12;17;12;7;9;9;12;12;4;5;6;4;6;7;4;6;9;2;7;2;9;4;4;4;2;4;2;2;2;0;1;2;0;0;0;0;0;1;1;0;0;2;2;0;0;0;0;0;0;0;0;0;1;1;1;0;0
280030805000475;1;873;762;253;174;211;121;29;12;3;0;41;1;10;0;13;0;3;0;2;0;0;21;1;0;4;3;5;1;1;0;2;2;1;1;27;20;23;21;27;14;19;21;29;15;18;18;16;18;15;19;20;18;14;13;15;19;16;19;20;25;25;14;21;16;15;17;13;11;12;15;7;13;6;12;10;14;6;7;8;14;5;6;4;7;8;4;3;6;2;7;2;4;3;2;0;1;0;3;1;3;3;3;2;3;4;0;1;1;1;1;0;0;0;0;1;0;1;0;4;0;0;1;0;0;0;0;0;0;0;0;0;0;0;0
280030805000476;1;1063;1063;281;192;271;157;47;13;3;0;62;2;11;0;12;6;6;0;0;0;0;25;0;5;2;2;4;1;2;1;1;4;0;3;34;31;39;27;26;20;33;21;26;24;20;25;21;17;41;25;24;21;29;22;19;24;20;26;27;14;22;25;28;24;14;7;10;18;11;8;8;11;8;15;17;6;15;11;7;7;13;8;4;5;10;5;5;1;1;5;7;5;4;8;1;3;4;1;1;1;3;0;2;2;1;0;2;1;1;2;0;0;0;1;0;0;0;1;2;0;0;0;0;0;0;0;0;0;0;0;0;0;0;0
280030805000477;1;1037;1037;299;201;253;151;18;13;10;4;48;1;19;0;17;1;2;0;0;0;0;27;3;4;1;3;2;4;0;1;5;4;0;0;19;20;21;12;15;19;17;15;20;20;24;22;23;20;24;24;25;19;23;18;30;26;22;23;21;19;17;20;11;9;16;19;19;17;13;13;8;11;17;19;15;21;20;16;11;11;14;11;18;9;12;10;8;6;8;9;7;2;4;6;3;2;2;1;4;2;1;1;0;0;6;3;4;2;0;1;0;0;1;1;0;0;0;1;0;1;1;0;1;1;1;0;1;0;0;0;1;0;0;0
280030805000478;1;843;843;238;163;216;125;26;4;3;4;37;3;5;1;11;7;0;0;0;0;0;19;2;1;1;0;3;0;5;1;1;2;1;2;13;19;10;20;19;14;16;15;15;16;21;12;22;35;19;20;15;21;14;24;19;24;11;27;9;15;13;14;11;18;9;13;14;7;10;13;17;8;10;14;6;9;16;6;10;13;15;10;11;5;6;9;7;11;11;1;3;5;1;3;0;1;4;6;0;3;2;4;3;2;0;0;0;1;0;0;2;0;1;1;0;0;0;0;0;0;0;0;0;0;0;0;0;0;0;0;0;0;0;0
280030805000479;1;794;788;225;157;229;81;29;4;4;1;27;1;12;1;18;3;2;0;0;0;0;16;1;1;2;2;2;2;2;2;0;0;2;0;8;22;10;11;17;14;13;13;21;26;16;19;17;20;17;19;18;14;17;19;18;14;20;16;11;6;21;10;11;22;11;15;10;10;17;8;8;18;14;14;9;11;13;21;18;2;12;12;9;5;6;6;4;4;2;1;0;3;1;2;1;2;4;0;4;2;1;1;2;0;1;3;3;1;2;1;1;1;0;1;0;0;0;0;0;0;0;0;0;0;0;0;0;0;1;0;0;0;0;0
280030805000480;1;1092;1092;323;210;297;149;25;14;6;6;32;1;6;0;15;0;8;0;0;0;0;26;1;3;3;4;3;1;3;3;1;3;1;0;26;16;33;28;23;28;25;29;24;28;27;22;24;25;27;27;18;20;17;12;18;22;23;22;20;17;22;28;17;25;20;21;12;22;25;16;15;19;13;23;12;21;13;7;15;10;9;10;7;5;8;7;8;5;0;2;7;4;4;3;1;1;1;1;6;0;1;1;1;2;0;4;1;1;1;1;1;1;1;0;1;2;0;0;0;0;0;0;0;0;0;0;0;0;1;0;0;0;0;0
280030805000481;1;482;481;144;92;107;67;20;2;2;1;34;0;6;0;7;0;0;0;0;0;0;10;0;0;1;2;1;2;0;0;1;1;2;0;7;14;8;10;8;10;14;11;7;9;10;11;14;12;15;10;8;6;7;7;11;9;11;12;7;7;10;8;12;8;12;8;9;11;10;11;6;10;4;16;6;3;7;7;4;2;3;3;4;6;2;2;1;4;6;1;2;1;2;1;2;2;1;1;1;0;1;2;0;2;1;0;0;0;0;0;0;1;0;0;0;0;0;0;0;0;0;0;0;1;0;0;0;0;0;0;0;0;0;0
280030805000482;1;320;320;95;72;93;15;6;3;2;1;5;1;0;0;11;0;3;0;13;0;0;8;0;0;2;0;2;1;0;0;3;0;0;0;7;5;4;5;1;6;6;3;2;8;9;4;6;6;0;9;4;4;5;2;10;6;7;5;4;4;2;2;7;8;5;3;3;8;10;8;8;5;10;9;3;6;7;4;8;5;5;1;3;2;3;2;3;2;4;4;2;3;1;2;3;1;2;1;0;0;1;1;2;0;1;0;2;1;0;3;0;0;1;0;1;0;0;0;1;1;0;0;0;0;0;0;0;0;0;0;0;0;0;0
280030805000483;1;873;862;259;162;199;154;21;9;5;2;25;0;11;0;16;8;2;0;0;0;0;17;1;0;0;1;3;1;1;0;2;1;4;3;16;21;8;11;24;17;21;14;24;31;18;22;36;28;16;18;23;12;12;14;14;16;14;17;19;15;14;19;11;13;13;14;18;18;15;12;16;14;12;22;16;13;20;7;7;6;9;9;4;6;4;6;2;3;3;2;3;3;5;2;1;3;0;2;4;1;6;0;3;0;4;1;1;1;2;0;0;1;0;0;0;0;0;0;1;1;1;0;0;0;0;0;0;0;0;0;1;0;0;0
280030805000484;1;1432;1431;405;258;343;231;36;13;8;1;94;0;15;0;23;4;1;0;0;0;0;27;0;3;0;1;1;4;4;2;4;3;3;2;33;25;28;17;30;24;34;37;29;42;29;24;35;32;34;34;25;33;29;31;35;31;26;26;31;19;22;29;20;25;18;20;19;23;22;19;23;17;20;19;23;28;16;17;14;26;21;16;17;13;8;19;11;5;12;7;5;6;4;15;6;8;3;2;3;2;3;5;4;4;2;0;1;2;1;1;0;1;2;1;1;0;0;0;0;0;0;0;0;0;0;1;0;0;0;0;0;0;0;0
280030805000485;1;1454;1454;379;226;294;272;35;30;6;3;165;6;11;0;22;4;1;0;0;0;0;23;1;3;4;3;0;1;3;0;3;2;1;2;30;21;25;23;25;29;30;34;23;34;27;31;31;33;29;23;36;24;29;31;31;39;45;39;48;32;34;33;27;26;25;32;25;20;15;16;14;15;16;17;8;15;10;14;15;8;15;15;8;14;13;15;25;9;15;9;8;8;10;9;8;9;4;6;9;7;2;2;2;4;2;0;1;2;1;0;1;1;0;2;0;0;0;2;0;1;0;0;1;1;0;0;1;0;1;0;0;0;0;1
280030805000486;1;1137;1136;297;187;246;178;17;23;12;2;107;1;30;1;32;3;1;0;0;0;0;10;0;0;1;1;1;0;1;1;1;0;2;2;23;20;21;18;20;18;29;18;21;26;14;21;24;22;22;12;38;33;18;24;26;29;30;26;19;23;32;27;23;22;20;23;14;18;16;18;15;15;12;10;14;9;6;9;7;13;11;11;16;7;10;17;12;18;10;5;11;10;10;3;5;7;5;5;6;3;0;2;5;4;2;1;2;1;1;1;1;0;2;0;2;1;0;0;1;0;0;0;0;0;0;0;0;0;0;0;0;0;0;1
280030805000487;1;1000;992;281;178;210;209;11;15;4;2;45;0;14;1;13;1;8;0;1;0;7;19;2;0;2;1;1;1;1;1;2;2;2;4;16;22;19;22;25;16;19;19;22;20;24;17;24;24;17;25;25;20;24;24;11;15;19;18;22;16;18;23;28;11;10;22;9;15;18;24;14;12;17;19;20;13;13;11;12;19;13;10;13;6;4;10;5;7;6;2;4;4;3;8;3;1;6;3;5;2;2;1;0;1;1;2;1;1;0;1;0;0;0;1;1;0;0;1;0;0;0;0;0;0;0;0;0;0;0;0;0;0;0;0
280030805000488;1;677;677;176;109;143;147;29;7;7;2;34;0;9;0;3;7;1;3;0;0;0;10;1;1;0;0;0;0;1;1;1;1;3;1;10;14;13;10;18;5;14;11;12;18;21;17;18;27;18;16;21;18;5;15;15;10;11;19;9;8;12;7;9;5;3;11;15;9;7;12;12;8;12;11;12;8;10;10;14;9;9;7;4;8;6;6;4;2;3;7;2;2;2;2;3;2;2;3;3;2;2;2;1;5;0;1;2;0;0;0;0;2;0;2;0;0;0;0;0;0;0;0;0;0;0;1;0;0;0;1;0;0;0;0
280030805000489;1;1004;1004;289;188;219;182;23;7;9;1;52;0;10;0;8;14;2;0;0;0;0;17;1;0;4;1;4;3;1;0;1;0;0;2;31;18;36;34;21;15;24;20;22;16;27;30;28;32;23;21;19;21;19;11;15;24;19;22;18;18;20;26;19;22;14;22;9;18;16;18;14;12;11;18;15;13;11;10;11;9;10;8;8;5;7;7;4;4;3;3;1;2;4;4;0;2;0;1;1;3;1;1;3;1;0;1;2;0;1;0;1;2;0;0;2;0;1;0;0;0;0;0;0;0;1;0;0;0;0;1;0;0;0;0
280030805000490;1;892;892;245;133;168;238;11;8;6;1;45;2;12;0;15;1;7;0;0;0;0;16;2;3;3;0;0;1;0;3;2;0;2;0;14;12;18;21;19;19;24;21;17;37;28;35;31;23;23;20;18;15;14;10;11;11;10;11;13;10;19;15;18;21;24;13;14;15;17;17;16;8;18;11;14;9;13;10;6;18;7;8;7;6;3;3;4;2;6;6;2;2;2;3;1;1;2;4;3;2;4;2;0;4;4;0;0;1;1;0;1;1;1;0;0;0;0;0;0;1;0;0;0;0;0;0;0;0;0;0;0;0;0;1
280030805000491;1;923;923;241;167;251;157;22;8;6;2;41;0;10;1;17;0;0;0;0;0;0;29;3;3;1;1;0;8;1;2;3;3;2;2;18;18;17;19;18;26;16;23;25;28;24;19;39;31;18;20;19;18;15;13;9;13;13;13;13;14;19;14;9;14;17;20;25;15;23;19;11;18;13;17;17;10;12;8;8;12;5;10;4;8;3;6;2;5;2;7;4;1;3;1;2;2;3;4;0;1;5;2;0;0;2;0;3;1;2;0;0;1;1;1;0;0;1;0;1;0;0;0;0;0;1;0;0;0;0;0;0;0;0;0
280030805000492;1;928;928;254;157;206;186;30;16;8;2;30;0;17;0;20;2;0;0;0;0;0;21;3;3;1;0;2;2;1;2;1;2;2;2;26;16;22;20;15;18;15;21;17;30;28;30;21;26;25;21;22;17;21;18;12;21;18;18;18;14;15;17;17;18;12;15;16;16;18;16;16;14;17;10;13;11;11;11;10;10;7;8;10;9;5;6;4;1;7;5;2;2;3;3;2;1;3;3;1;0;3;0;0;2;2;1;0;1;0;0;0;0;0;0;2;0;1;0;0;0;0;0;0;0;0;0;0;0;0;0;0;0;0;0
280030805000493;1;735;735;198;123;154;175;29;4;3;0;25;0;6;0;11;7;0;0;0;0;0;15;0;0;3;1;2;3;1;0;2;2;1;0;18;10;14;17;14;23;18;19;18;21;19;25;21;21;20;18;12;16;8;12;15;14;20;12;6;3;8;13;6;16;12;13;7;20;7;12;17;19;16;13;13;14;11;6;11;10;2;7;2;5;3;9;5;2;3;1;0;7;4;1;3;0;0;2;0;1;1;0;0;0;0;0;2;0;0;0;0;0;0;0;1;0;0;0;0;1;0;0;0;0;0;0;0;0;0;0;0;0;0;0
280030805000494;1;771;763;204;130;172;172;27;11;7;2;25;0;11;2;5;0;3;0;0;0;0;12;0;0;3;0;1;2;0;0;2;4;0;0;15;28;14;18;15;7;22;19;24;25;22;26;24;22;25;14;19;12;13;8;9;16;8;12;10;8;6;12;10;18;21;11;17;10;15;16;17;12;11;11;9;12;8;9;8;8;9;6;6;10;5;3;2;5;2;3;2;3;3;3;0;1;2;1;4;2;1;0;1;2;2;0;0;3;0;0;0;0;0;0;0;0;0;0;0;0;0;1;0;0;0;1;0;0;0;0;0;0;0;0
280030805000495;1;1043;1043;272;171;244;183;48;13;6;3;52;1;19;0;26;5;0;0;0;0;0;11;0;2;1;1;0;0;1;1;1;2;2;0;26;21;27;22;21;29;29;32;33;30;32;37;26;30;28;26;27;16;17;11;14;21;17;8;13;10;14;19;19;23;19;23;25;17;14;13;22;20;15;12;16;18;12;12;9;6;12;10;8;2;3;5;5;6;0;3;0;4;5;7;1;4;2;3;2;4;2;2;1;0;3;0;0;1;1;1;1;0;1;0;0;0;0;0;0;0;1;0;0;0;0;0;0;0;0;0;1;0;0;0
280030805000496;1;1017;1015;277;179;262;174;39;9;5;0;37;0;17;0;15;1;2;0;0;0;0;21;2;2;5;0;0;2;1;1;3;1;2;2;19;21;25;25;19;22;18;26;26;31;35;31;28;32;29;30;22;17;16;14;10;10;14;13;9;16;15;17;21;12;16;18;22;23;30;18;17;17;14;20;13;14;16;16;9;5;9;8;5;6;5;8;9;1;2;6;6;1;5;4;3;2;4;2;0;2;3;6;1;1;0;0;0;0;1;0;1;1;1;1;1;0;0;0;0;0;0;0;0;0;0;0;0;0;0;0;0;0;0;0
280030805000497;1;978;978;258;169;248;162;40;10;6;2;47;2;12;0;17;0;5;0;0;0;0;17;0;0;2;1;4;1;1;1;1;2;3;1;28;19;22;25;18;25;18;19;31;26;18;31;25;32;29;30;21;20;15;16;15;20;21;11;18;11;11;19;19;18;17;18;16;16;17;11;21;8;23;8;8;14;17;14;17;8;10;12;5;9;6;2;4;4;2;7;4;2;6;1;1;2;1;2;1;7;0;0;0;0;1;0;0;1;0;1;1;2;1;0;0;2;0;0;0;0;0;0;0;0;0;0;0;0;0;0;0;0;0;0
280030805000498;1;881;881;257;160;203;146;6;2;25;4;13;0;36;1;27;1;0;0;0;0;0;10;0;2;0;1;2;0;2;0;1;1;1;0;17;10;22;31;21;32;22;26;22;27;19;22;23;17;13;13;19;14;16;16;10;17;16;17;11;16;18;28;21;18;20;13;18;20;14;20;4;18;10;14;11;11;16;3;6;10;6;9;8;4;5;9;5;3;1;5;2;4;1;4;1;2;0;2;4;0;2;2;1;1;3;0;0;1;1;0;1;1;0;0;0;0;1;0;0;0;0;0;0;0;0;0;0;0;0;0;0;0;0;0
280030805000499;1;839;839;236;159;206;125;22;8;3;0;48;1;8;0;16;7;0;0;0;0;0;17;1;2;3;0;2;3;0;1;0;1;0;4;16;23;13;22;13;16;22;21;11;25;21;22;19;17;19;14;10;18;17;13;16;16;14;28;8;13;15;13;12;26;20;17;17;15;9;12;12;10;15;12;19;9;10;10;7;11;10;6;8;8;4;3;6;2;11;2;3;3;4;5;2;5;1;2;3;2;4;1;2;3;0;1;1;0;0;0;0;0;0;0;0;0;2;0;0;0;0;0;0;0;0;0;0;0;0;0;0;0;0;0
280030805000500;1;1006;1006;287;212;225;139;34;12;12;4;38;0;14;1;26;0;0;0;2;0;0;22;0;2;3;0;4;2;1;2;2;0;1;5;21;25;20;24;26;15;15;19;21;22;15;20;15;21;24;19;16;26;10;14;16;17;25;14;26;25;14;30;17;25;23;16;17;22;18;21;13;9;16;16;11;9;11;15;6;17;9;10;8;8;9;7;9;6;10;10;4;6;6;1;4;2;4;2;1;3;3;4;4;4;3;2;1;0;2;1;0;0;1;0;0;0;0;0;0;1;0;2;0;0;0;0;0;0;0;0;0;0;0;0
280030805000501;1;960;950;274;206;302;78;16;6;8;0;29;0;7;0;15;7;5;6;1;0;0;20;0;0;3;4;2;2;2;2;2;1;2;0;20;17;11;19;22;20;21;17;10;19;19;23;16;24;22;14;13;17;19;16;18;26;21;15;17;20;22;23;9;17;20;16;21;8;11;17;17;14;19;19;13;13;14;14;8;17;18;9;7;8;9;13;5;4;4;9;3;2;5;7;3;7;5;3;5;4;1;2;1;4;3;1;2;0;2;1;1;0;0;2;0;0;2;0;0;0;0;0;0;0;0;0;0;0;0;0;0;0;0;0
280030805000502;1;534;534;151;83;117;93;9;3;7;0;36;7;16;0;10;2;0;0;0;0;0;12;1;0;1;0;2;0;3;0;1;1;2;1;8;11;9;8;10;9;10;5;9;8;15;17;16;18;19;12;10;13;12;9;16;10;8;13;10;8;8;10;7;10;8;7;5;7;10;5;6;9;8;4;6;9;5;6;5;6;9;10;4;5;3;9;2;3;2;1;3;5;3;6;1;5;3;0;2;1;1;1;0;0;2;1;1;2;0;1;0;0;0;0;0;1;1;0;0;0;0;0;0;0;0;0;0;0;0;0;0;0;0;0
280030805000503;1;531;531;156;112;168;40;6;4;8;2;9;0;2;0;4;2;2;0;15;1;0;3;0;0;0;0;0;2;0;0;0;1;0;0;4;4;3;4;6;3;1;0;6;6;5;14;5;7;6;11;9;10;7;12;13;7;15;13;10;9;7;11;3;8;9;9;14;4;5;7;11;10;8;6;7;4;10;8;6;10;12;6;6;12;9;7;9;10;8;12;10;8;8;3;6;4;4;3;5;5;2;3;2;3;1;4;1;2;3;2;3;2;0;0;1;1;0;0;2;0;0;0;1;0;0;0;0;0;0;0;0;1;0;0
280030805000504;1;620;620;191;120;154;54;10;6;11;4;13;0;11;0;13;2;3;0;27;1;0;4;0;0;1;1;1;0;0;0;0;1;0;0;4;7;4;4;10;5;6;4;6;5;11;5;5;6;9;12;12;4;12;11;12;12;8;20;14;11;12;12;13;8;8;7;5;10;4;11;5;4;10;8;9;3;3;9;12;11;10;12;15;7;12;11;12;6;14;13;9;13;14;7;6;12;5;4;2;7;3;2;2;2;2;2;2;3;2;3;1;2;1;0;2;2;3;1;1;1;0;0;1;0;0;1;1;0;0;1;0;0;0;1
280030805000505;1;500;500;178;81;94;75;6;4;5;1;13;0;8;0;6;1;3;0;22;3;0;3;0;0;1;0;0;1;0;0;1;0;0;0;6;5;4;3;6;1;6;3;2;2;4;7;7;7;2;8;5;8;10;11;7;7;16;7;12;10;9;12;9;11;9;16;9;9;6;7;3;8;2;5;6;8;5;3;5;10;5;6;12;11;3;11;8;6;7;8;8;3;3;11;1;4;8;5;9;6;3;2;3;2;2;4;2;3;1;2;3;0;2;1;1;1;1;2;5;1;0;1;1;0;1;0;0;0;0;0;0;0;0;0
280030805000506;1;1087;1087;390;218;274;101;9;2;8;1;14;1;16;0;21;1;4;0;27;0;0;13;0;1;1;2;2;0;2;2;0;1;2;0;12;14;10;11;12;14;17;14;11;16;21;11;10;14;23;16;20;23;13;23;15;21;19;23;21;16;10;23;25;28;16;25;23;15;20;11;12;19;25;21;18;16;25;25;17;21;19;20;15;17;13;9;12;17;12;15;13;10;11;7;6;6;1;5;4;2;5;4;2;2;3;2;2;1;2;2;3;6;1;3;1;0;1;3;1;0;0;1;0;0;0;0;0;0;0;0;0;0;0;0
280030805000507;1;614;614;232;95;87;113;4;2;13;1;16;0;16;0;21;1;6;0;7;0;0;9;1;1;2;0;0;1;0;2;0;0;2;0;4;5;6;4;6;9;0;5;3;11;9;8;6;8;15;11;13;15;13;9;12;9;15;18;9;9;10;14;13;13;16;18;17;9;10;6;7;7;9;10;11;7;12;13;12;6;14;12;9;7;5;13;5;11;5;6;2;5;1;5;5;3;2;2;2;2;4;4;2;1;2;0;3;2;4;1;3;1;3;1;1;1;2;1;0;1;0;0;0;0;0;0;0;0;0;0;0;0;0;0
280030805000508;1;739;739;244;128;162;91;6;4;12;2;18;0;27;0;23;3;6;0;13;0;0;4;0;0;1;0;0;1;1;0;0;0;1;0;11;6;5;6;5;5;4;4;11;7;10;5;12;14;7;9;13;13;16;14;23;16;24;24;17;12;21;22;9;16;13;14;13;7;9;2;12;7;11;7;6;7;9;7;15;13;9;10;16;16;10;13;9;7;12;15;13;12;15;8;4;7;5;3;6;3;4;0;1;0;1;3;1;4;1;1;2;1;2;1;1;1;2;0;1;0;1;1;0;0;0;0;0;0;0;0;0;0;0;0
280030805000509;1;880;880;324;179;194;104;9;0;16;2;10;0;10;0;10;2;8;0;12;0;0;12;2;0;1;1;0;1;1;0;3;1;1;1;7;14;5;15;12;10;10;12;10;2;12;11;9;6;16;18;13;12;16;14;14;19;17;12;12;25;13;24;17;15;22;18;15;12;11;22;14;15;31;15;13;13;15;12;14;16;15;12;9;9;17;18;14;4;5;8;12;7;5;8;4;5;5;0;3;6;6;4;2;4;4;2;4;5;2;4;0;2;2;3;2;0;1;3;0;0;0;0;1;0;1;0;0;0;0;0;0;0;0;0
280030805000510;1;1031;1031;324;223;283;75;10;12;10;4;24;0;14;0;18;3;7;0;24;0;0;12;1;1;1;0;0;2;3;1;0;0;3;0;13;16;6;12;14;17;14;7;14;12;11;18;12;9;17;9;23;19;14;17;24;20;21;24;18;23;22;30;22;18;18;25;21;12;12;10;18;11;12;16;12;19;23;18;16;29;12;11;17;16;22;17;12;7;9;10;11;6;11;8;10;6;6;7;6;3;6;4;4;3;2;5;0;2;2;1;3;3;2;0;1;0;0;0;0;0;0;1;1;1;0;0;2;1;0;0;0;0;0;0
280030805000511;1;1155;1153;350;201;231;200;10;12;10;2;50;0;18;1;35;5;21;0;8;1;0;15;2;0;1;5;2;0;0;0;1;2;2;0;10;14;13;15;14;12;12;12;23;18;25;19;18;15;20;22;30;26;27;29;31;33;29;27;22;38;32;25;27;24;21;19;17;16;21;8;14;15;10;21;16;13;22;20;17;17;8;15;22;17;16;10;8;9;5;8;8;10;9;8;5;3;1;4;2;2;3;8;4;3;3;2;4;2;2;2;0;0;3;1;0;2;0;1;0;0;1;0;0;0;0;0;0;0;0;0;0;0;0;0
280030805000512;1;1058;1058;294;193;257;148;24;23;10;3;54;1;18;0;31;0;1;0;1;0;0;22;2;3;0;2;4;0;3;2;2;2;0;2;21;19;22;10;21;22;19;12;21;18;22;18;15;15;19;21;25;20;18;26;31;28;25;27;24;25;27;28;26;22;24;11;12;15;16;14;8;14;15;16;12;10;11;14;19;10;8;12;11;19;14;11;9;5;5;9;4;12;3;4;2;5;3;2;1;2;5;3;0;4;2;0;2;1;1;5;1;1;0;1;0;0;0;0;0;0;0;0;0;0;0;0;0;0;0;0;0;0;0;1
280030805000513;1;1160;1157;344;208;261;160;22;15;9;1;58;0;25;1;34;4;14;0;4;0;0;17;1;1;2;1;2;0;4;2;0;2;2;0;19;23;17;21;19;18;8;21;11;24;22;25;19;11;28;17;25;26;32;24;29;27;30;26;27;30;27;35;26;19;20;17;26;22;15;16;16;23;16;18;6;14;18;8;15;22;12;11;13;12;10;8;8;9;6;8;9;6;4;6;7;8;4;5;5;2;1;3;3;5;5;2;1;0;1;2;2;0;2;2;0;1;0;0;0;1;0;0;1;0;0;0;0;0;0;0;0;0;0;0
280030805000514;1;739;739;223;135;161;47;7;8;54;4;20;0;46;1;16;2;7;0;8;0;0;7;2;0;0;0;0;1;0;2;1;0;0;1;7;10;10;9;9;7;9;8;13;11;6;14;15;19;12;11;8;15;10;12;9;12;10;18;13;4;18;14;12;11;12;13;17;11;16;9;5;11;19;13;6;15;17;8;16;12;12;17;15;16;7;7;7;4;6;8;7;7;10;8;8;11;5;5;5;2;3;1;3;0;2;4;0;1;0;5;2;0;0;0;1;2;1;1;0;1;0;1;0;0;0;0;1;0;0;0;0;0;0;0
280030805000515;1;997;997;297;169;213;135;4;25;12;4;76;1;24;0;32;5;0;0;0;0;0;19;2;0;3;2;2;1;1;1;3;2;0;2;12;15;16;17;19;11;11;15;18;16;16;16;19;12;15;15;20;15;22;22;16;23;21;16;15;17;27;21;27;21;14;21;23;17;14;18;24;15;15;14;18;13;15;12;7;15;15;9;9;8;8;14;10;8;6;4;6;6;6;8;4;3;4;4;7;3;5;5;0;7;6;3;2;4;4;4;1;1;1;1;1;1;0;2;1;1;0;2;0;1;0;0;0;1;1;0;0;0;0;0
280030805000516;1;598;598;188;109;121;90;13;6;7;0;24;1;8;0;23;1;2;1;4;0;0;12;3;1;1;1;0;1;0;3;0;0;1;1;9;10;6;10;10;9;11;9;12;12;6;7;7;15;10;13;10;13;9;12;11;15;15;13;11;4;7;10;13;8;11;12;9;13;7;11;15;11;8;10;4;14;13;11;5;6;6;7;5;8;7;3;4;8;2;5;4;2;6;1;0;3;4;4;6;2;1;0;1;4;2;1;2;3;0;1;0;2;4;0;2;1;3;1;1;0;1;1;1;0;0;0;0;0;0;0;0;0;0;0
280030805000517;1;880;880;258;175;240;85;11;7;9;2;23;0;14;0;39;2;5;0;9;1;0;14;1;0;1;3;3;2;1;2;0;0;0;1;12;8;15;15;12;13;16;12;19;18;14;15;16;17;17;13;20;21;9;18;19;22;20;9;18;16;14;18;20;22;18;13;10;21;20;15;13;12;17;16;7;19;21;13;10;9;17;6;8;7;8;14;8;6;10;5;8;4;7;2;6;3;4;0;3;3;4;1;0;0;1;2;0;3;0;5;2;3;0;0;1;0;1;1;0;0;0;0;0;0;0;0;0;0;0;0;0;0;0;1
280030805000518;1;613;613;175;135;175;55;11;3;7;3;19;1;4;0;14;5;0;0;6;0;0;5;1;0;1;0;1;2;0;0;0;0;0;0;10;7;18;9;7;8;10;6;11;9;8;10;8;9;16;17;12;13;6;16;13;15;10;5;12;9;8;9;6;12;8;6;7;15;14;14;14;11;11;15;12;16;10;12;9;5;6;6;3;15;5;8;7;8;4;4;6;8;3;6;4;5;4;1;1;1;0;3;0;3;0;0;1;0;0;1;2;0;1;1;0;1;0;1;0;0;0;1;0;0;0;0;0;0;0;0;0;0;0;0
280030805000519;1;693;693;195;145;172;95;2;8;9;2;20;0;11;0;9;7;0;0;18;0;0;5;0;0;0;0;0;0;0;2;0;2;1;0;6;4;6;4;4;9;7;7;14;10;11;10;9;9;8;10;12;13;10;9;18;18;14;15;14;8;12;22;13;17;9;15;11;12;9;8;9;12;7;15;5;6;8;14;13;9;10;8;12;18;8;12;7;5;9;16;14;7;6;6;6;5;8;4;8;5;5;6;2;2;3;1;2;0;1;2;0;3;0;0;0;0;0;0;0;0;0;0;0;0;1;1;0;0;0;0;0;0;0;0
280030805000520;1;1174;1174;311;163;218;232;8;34;10;2;110;4;27;0;29;0;18;0;8;0;0;25;1;0;1;4;5;3;2;4;0;0;2;3;21;14;18;15;25;16;15;21;14;30;20;16;18;22;21;23;13;19;21;17;25;18;25;24;44;38;27;28;23;22;11;14;20;11;15;12;19;12;12;16;16;14;12;27;23;24;23;14;15;16;7;14;12;13;12;11;7;5;3;11;5;2;4;4;10;4;0;4;4;9;2;2;1;4;3;1;1;2;2;2;1;1;2;0;1;2;0;0;1;0;0;0;0;0;0;0;0;1;0;0
280030805000521;1;609;609;211;108;94;99;17;2;3;3;14;1;12;0;21;0;4;14;6;0;0;10;1;0;1;1;3;0;0;0;1;0;1;2;9;8;6;5;3;4;6;11;7;8;4;8;4;9;10;6;8;12;10;18;10;19;19;20;23;14;26;14;11;17;6;13;10;13;13;11;7;13;11;14;11;10;6;6;11;11;6;5;2;7;5;9;5;7;4;3;5;3;2;2;6;5;1;2;0;2;3;1;1;2;1;0;0;2;0;1;1;1;1;1;0;0;3;1;1;1;0;0;0;1;0;0;0;0;0;1;0;0;0;0
280030805000522;1;944;944;343;153;160;98;1;10;19;3;32;1;46;1;32;15;12;16;2;0;0;14;3;1;0;1;2;1;0;3;1;0;2;0;12;10;14;20;11;9;5;10;10;6;12;11;10;14;6;15;17;20;19;25;20;39;22;20;22;26;26;29;32;23;17;29;24;19;23;19;20;10;16;17;9;21;8;10;12;6;12;12;13;11;13;12;5;3;3;3;7;8;7;4;4;4;6;4;2;3;2;3;5;2;0;1;0;1;2;0;0;0;0;1;1;1;0;0;0;0;0;0;0;0;0;0;0;0;0;0;0;0;0;0
280030805000523;1;733;733;285;81;52;26;2;1;7;1;4;0;32;0;58;2;180;0;2;0;0;6;0;0;0;0;1;0;1;1;2;0;1;0;1;1;2;4;6;3;5;4;5;1;2;3;2;5;3;8;17;13;42;75;76;63;29;28;33;22;29;29;26;20;7;10;18;9;10;14;6;6;6;12;6;4;2;1;5;3;4;5;5;1;2;4;1;4;2;2;0;2;1;3;1;1;1;0;1;0;2;1;1;1;0;0;1;2;1;0;0;1;0;0;1;0;0;0;0;0;0;0;0;0;0;0;0;0;0;0;0;0;0;0
280030805000524;1;847;847;234;124;188;144;4;20;11;1;76;4;15;0;24;0;2;0;0;0;0;11;1;0;0;0;2;3;1;0;0;2;1;1;6;9;10;11;9;7;8;10;12;13;10;16;11;7;13;14;10;12;18;16;16;20;26;21;16;23;20;28;19;17;18;14;13;6;14;12;8;12;11;7;9;5;7;6;9;9;5;10;14;11;14;17;14;9;20;12;9;14;8;8;6;9;11;8;6;2;6;3;4;3;0;2;0;1;2;3;2;0;0;4;0;4;3;0;0;1;0;1;0;1;1;0;0;0;0;0;0;0;0;0
280030805000525;1;976;976;310;165;205;115;0;10;19;2;54;1;27;1;54;3;6;0;4;0;0;11;0;0;0;2;1;1;1;1;4;0;1;0;14;14;15;18;16;9;10;19;11;12;14;5;11;15;15;14;13;16;17;17;16;20;15;15;23;20;14;20;25;24;32;27;21;17;16;24;22;10;21;24;11;16;15;12;16;10;13;13;7;19;14;9;9;8;11;16;3;9;5;6;4;6;3;6;2;5;4;2;4;3;3;2;0;1;2;0;1;0;0;2;0;4;1;0;1;2;0;0;0;1;0;0;1;0;1;0;0;1;0;0
280030805000526;1;408;408;173;53;40;49;3;0;3;1;3;0;18;0;13;2;48;0;2;0;0;5;0;2;0;1;0;0;0;0;1;1;0;0;5;5;4;6;3;2;2;1;2;5;0;5;4;1;1;1;9;7;13;16;25;25;20;23;11;11;7;16;9;12;19;14;9;6;5;8;3;4;3;7;8;5;0;4;3;3;9;3;3;4;4;4;0;3;2;1;1;2;1;1;2;0;0;1;0;0;0;2;0;0;0;1;0;0;1;1;1;1;0;1;1;0;0;0;0;0;1;0;0;0;0;0;0;0;0;0;0;0;0;0
280030805000527;1;607;607;192;137;169;42;17;4;5;4;1;0;6;0;3;1;2;3;21;0;0;5;2;0;0;0;0;0;1;0;1;0;0;1;5;6;7;11;12;12;7;8;9;10;5;5;5;10;8;9;5;6;13;8;12;13;5;16;12;7;13;13;18;12;14;8;8;11;15;9;12;12;9;7;9;13;13;6;17;6;7;7;7;9;12;9;9;8;13;11;9;7;3;6;7;1;2;2;5;0;2;1;0;2;1;0;0;0;1;0;1;0;1;1;0;2;1;1;0;1;1;0;0;0;0;0;0;1;0;0;0;0;0;0
280030805000528;1;549;549;220;112;91;53;1;2;6;3;10;0;17;0;20;1;6;0;7;0;0;12;0;1;4;1;1;0;1;1;0;1;0;2;5;14;3;4;5;3;7;1;2;1;2;7;3;7;7;2;10;7;10;10;17;12;11;11;15;15;23;22;19;21;17;18;16;8;11;6;6;11;7;6;3;7;4;2;6;10;9;6;6;9;8;4;3;4;8;6;6;4;2;3;3;3;1;5;6;1;3;6;2;3;2;0;0;2;1;0;0;2;0;1;0;0;0;1;2;0;1;0;0;0;0;0;0;0;0;0;0;0;0;0
280030805000529;1;570;570;163;104;134;91;7;8;6;2;16;0;12;0;27;0;0;0;0;0;0;13;1;0;3;2;1;1;0;0;1;0;2;2;9;10;8;11;9;13;12;7;9;15;13;8;15;11;9;8;8;8;14;18;10;12;13;8;9;14;14;13;12;6;6;7;9;8;13;7;14;9;14;11;10;9;7;5;8;4;8;5;1;3;3;2;1;4;2;4;4;3;7;5;2;2;2;5;1;3;1;1;1;3;3;1;2;1;2;3;0;0;1;2;2;0;0;0;0;0;0;0;0;0;0;0;0;0;0;0;0;0;0;0
280030805000530;1;656;656;200;138;166;70;6;7;7;2;29;1;11;0;13;1;5;0;0;0;0;14;1;1;0;3;1;3;0;0;2;2;1;0;18;10;13;13;9;12;6;4;16;15;7;13;8;9;17;13;13;11;17;16;21;18;16;14;14;13;10;20;14;14;14;6;7;13;11;9;8;9;10;19;5;10;10;9;6;7;8;3;8;6;6;9;3;10;4;3;4;4;3;2;1;2;1;3;4;1;1;3;1;1;0;1;0;1;0;0;0;1;0;0;0;0;0;0;0;0;1;0;0;0;0;0;0;0;0;0;0;0;0;0
280030805000531;1;1238;1238;337;233;286;187;20;19;10;1;73;2;23;0;37;5;4;0;1;0;0;28;3;1;3;1;2;4;3;4;2;2;2;1;27;27;21;21;16;21;30;25;20;24;24;29;33;23;23;21;23;27;25;26;32;35;24;36;32;23;24;22;16;27;18;17;20;22;28;22;19;28;20;15;17;15;18;18;22;11;10;16;11;8;4;10;5;8;6;10;0;2;7;3;7;1;3;3;4;2;1;4;1;3;2;0;1;1;0;1;1;0;2;0;1;0;0;2;1;0;1;0;0;0;0;0;0;0;0;0;0;1;0;0
280030805000532;1;922;922;234;161;255;107;8;19;14;3;43;0;28;0;26;22;1;0;1;0;0;8;0;0;1;1;2;1;0;0;0;0;1;2;8;7;7;9;7;9;7;9;15;8;11;16;15;13;20;11;13;20;21;26;28;24;14;33;24;23;24;19;22;14;14;12;8;5;9;8;10;14;9;4;16;16;9;15;14;13;21;19;16;9;20;15;11;12;15;15;9;14;8;11;8;10;3;3;2;4;5;3;1;3;4;1;1;1;2;0;2;2;3;1;0;0;3;1;0;1;0;0;0;1;0;0;0;0;1;0;0;0;0;0
280030805000533;1;445;445;158;80;88;45;0;1;14;2;2;0;26;0;12;1;11;0;5;0;0;7;0;0;0;1;1;1;0;1;2;0;1;0;3;8;8;2;7;6;5;3;5;7;1;6;3;4;8;7;8;8;14;8;10;13;12;12;8;5;8;10;7;14;10;4;6;6;6;9;7;7;11;4;11;9;12;4;7;12;7;5;7;3;11;3;5;5;5;4;2;2;2;2;4;1;3;0;2;3;1;2;3;0;2;2;0;0;0;1;1;0;1;0;1;1;0;0;0;0;0;0;0;0;1;1;0;0;0;0;0;0;0;0
280030805000534;1;289;"X";"X";"X";"X";"X";"X";"X";"X";"X";"X";"X";"X";"X";"X";"X";"X";"X";"X";"X";"X";"X";"X";"X";"X";"X";"X";"X";"X";"X";"X";"X";"X";"X";"X";"X";"X";"X";"X";"X";"X";"X";"X";"X";"X";"X";"X";"X";"X";"X";"X";"X";"X";"X";"X";"X";"X";"X";"X";"X";"X";"X";"X";"X";"X";"X";"X";"X";"X";"X";"X";"X";"X";"X";"X";"X";"X";"X";"X";"X";"X";"X";"X";"X";"X";"X";"X";"X";"X";"X";"X";"X";"X";"X";"X";"X";"X";"X";"X";"X";"X";"X";"X";"X";"X";"X";"X";"X";"X";"X";"X";"X";"X";"X";"X";"X";"X";"X";"X";"X";"X";"X";"X";"X";"X";"X";"X";"X";"X";"X";"X";"X";"X";"X"
280030805000535;1;635;635;227;97;126;86;2;5;8;0;21;0;27;0;23;7;6;0;0;0;0;3;0;0;0;1;0;0;0;1;0;1;0;0;6;5;6;5;6;6;5;7;7;7;6;7;7;8;11;16;11;16;10;14;17;14;11;17;6;14;15;17;14;16;10;12;12;6;9;10;9;9;8;13;8;8;11;18;9;12;8;11;10;9;4;11;3;10;6;14;5;3;5;3;5;5;6;3;5;4;2;5;2;2;0;2;2;3;3;1;1;0;0;2;3;0;1;0;1;0;0;1;0;0;0;0;0;0;0;0;0;0;0;0
280030805000536;1;834;832;279;143;166;112;4;2;11;3;16;0;26;0;25;0;17;0;29;1;0;7;0;1;2;1;0;0;2;0;0;0;1;0;16;9;11;7;5;9;8;10;8;10;14;8;7;13;12;14;17;18;15;19;11;25;20;22;17;25;21;16;10;22;17;11;13;13;16;8;15;12;16;18;11;15;14;10;15;10;12;15;13;11;16;16;8;12;9;9;8;8;5;6;4;1;4;1;3;0;1;5;3;3;1;0;1;2;2;1;0;1;2;2;0;3;1;2;0;0;1;2;0;0;0;0;0;0;0;0;0;0;0;0
280030805000537;1;928;928;345;179;192;123;3;1;8;1;17;0;24;0;11;7;11;0;6;0;0;8;0;1;1;0;2;0;0;0;0;2;1;1;14;12;12;9;10;13;10;9;6;9;15;12;10;10;9;16;14;19;21;20;17;12;20;23;20;22;20;25;17;15;25;23;22;27;21;19;15;22;15;12;20;7;18;18;16;23;14;12;2;11;8;6;9;10;9;7;4;8;5;12;4;6;4;3;6;4;2;3;1;3;2;1;1;1;0;2;2;3;2;1;1;1;0;2;1;2;0;0;0;0;1;0;0;0;0;0;0;0;0;0
280030805000538;1;591;591;177;86;126;92;6;7;4;2;40;0;8;0;32;10;0;0;1;0;0;15;0;1;1;2;0;1;4;0;0;4;0;2;4;8;5;4;5;4;4;4;6;7;6;8;10;6;8;7;11;10;14;11;11;17;10;17;12;17;14;13;12;10;4;12;14;10;8;12;9;6;15;11;4;11;9;4;14;5;8;5;10;3;8;6;5;0;4;5;4;4;4;13;9;9;4;3;2;6;7;3;5;2;0;1;0;4;1;1;4;2;3;0;0;1;0;2;3;1;0;0;0;0;1;0;0;0;0;0;0;0;0;0
280030805000539;1;477;477;147;88;85;69;7;6;11;1;24;0;16;0;20;3;0;0;0;0;0;7;2;0;2;1;0;0;0;0;1;0;1;0;4;4;7;13;10;7;11;6;5;11;10;10;8;8;17;9;5;11;6;10;5;5;12;15;17;13;9;10;11;10;10;8;8;5;8;12;7;1;7;2;7;8;5;7;1;4;6;5;6;7;3;5;5;5;3;5;2;4;5;1;3;4;2;0;1;2;1;1;1;1;0;0;0;0;3;1;3;0;0;1;0;1;1;0;0;0;1;0;1;1;0;0;0;0;0;0;0;0;0;0
280030805000540;1;642;642;186;93;127;109;5;20;3;1;62;4;15;0;13;4;0;0;0;0;0;4;0;0;0;0;0;1;0;1;0;0;2;0;6;9;11;9;7;9;6;10;11;15;13;8;16;13;10;11;9;15;14;6;13;15;17;19;10;14;9;14;17;11;10;11;13;14;9;9;17;12;7;14;13;7;4;7;11;7;7;4;6;4;4;3;4;2;9;6;6;7;6;5;1;1;3;1;3;2;5;2;2;4;2;4;2;6;2;1;0;0;4;2;1;0;0;0;0;2;1;0;0;0;0;1;1;0;0;0;0;0;0;0
280030805000541;1;1084;1084;374;235;234;100;15;6;21;8;14;0;26;1;40;0;9;0;1;0;0;22;2;3;1;0;2;1;2;0;4;3;3;1;25;25;25;29;21;16;10;15;17;14;15;11;13;15;6;17;12;17;12;10;14;13;16;16;19;17;18;30;27;51;44;35;37;31;35;27;39;20;29;21;18;19;14;12;10;15;6;7;10;8;4;5;7;3;4;4;7;8;5;4;5;2;2;1;4;2;0;0;1;0;1;3;0;1;0;0;0;1;0;1;0;1;0;1;0;1;0;0;0;0;1;0;0;0;0;0;0;0;0;0
280030805000542;1;817;817;338;181;124;88;8;1;20;3;5;0;19;0;27;1;2;0;0;0;0;15;2;2;0;3;1;0;0;2;1;1;3;0;15;14;20;9;11;6;7;9;13;9;8;12;8;11;6;7;15;10;6;6;12;21;21;19;42;22;28;31;42;22;18;20;24;20;11;21;13;22;21;14;4;9;21;10;8;7;9;4;14;7;1;5;2;4;7;3;6;4;4;1;3;1;0;2;1;4;4;1;3;0;2;1;0;0;0;0;1;1;0;1;0;0;0;0;0;0;0;0;0;1;0;0;0;0;0;0;0;0;0;0
280030805000543;1;636;636;217;127;147;59;8;2;14;0;11;0;16;0;18;3;11;0;3;0;0;7;1;0;0;1;0;1;1;0;1;0;1;1;7;7;8;10;9;13;5;8;8;10;16;9;8;7;9;6;12;7;12;16;13;18;17;17;9;12;13;10;10;14;21;22;26;18;14;11;16;14;12;6;10;16;12;8;7;9;12;6;5;9;5;5;3;5;4;5;3;4;4;1;1;0;2;0;0;0;0;2;1;1;0;0;1;0;2;0;0;0;1;1;1;0;1;0;0;0;0;1;0;0;0;0;0;0;0;1;0;0;0;0
280030805000544;1;782;782;217;157;193;133;14;5;3;0;26;0;9;0;16;8;1;0;0;0;0;16;2;1;1;0;2;0;0;1;2;3;1;3;16;21;18;25;21;21;14;16;27;21;20;21;17;21;10;8;10;12;11;10;9;16;10;12;14;14;24;14;20;14;16;16;31;11;15;19;11;10;11;9;13;15;6;13;9;9;10;2;7;3;6;4;4;2;1;2;1;2;2;4;2;0;1;3;1;0;1;1;0;1;1;0;1;1;1;0;0;0;0;1;0;0;0;0;0;0;0;0;0;0;0;0;0;0;0;0;0;0;0;0
280030805000545;1;749;749;205;134;157;138;19;13;7;0;47;0;9;0;18;2;0;0;0;0;0;10;0;0;2;0;0;1;0;2;1;1;0;3;7;12;16;14;16;13;13;17;17;16;21;17;12;17;19;25;14;16;14;7;11;11;17;16;9;11;12;12;16;13;9;12;12;8;8;12;17;16;10;11;17;14;10;6;12;13;8;15;12;10;6;2;6;7;3;4;6;9;5;5;0;2;1;2;1;0;0;1;3;1;1;1;1;1;1;1;1;0;2;1;1;0;0;1;0;0;0;0;0;0;0;0;0;0;0;0;0;0;0;0
280030805000546;1;990;990;280;178;230;141;34;10;9;2;57;0;17;0;28;4;0;0;0;0;0;22;4;2;3;0;1;2;1;1;4;0;1;3;14;18;22;19;15;20;12;18;18;17;18;23;20;12;14;16;18;22;16;11;17;16;25;25;29;23;17;15;26;15;27;15;17;15;17;19;19;11;19;9;12;18;12;11;12;14;11;7;15;8;7;9;10;6;10;4;7;4;4;8;5;5;4;3;1;1;6;6;4;4;3;1;2;2;3;1;1;1;0;2;1;1;1;0;1;0;0;0;0;1;0;0;0;0;0;0;0;0;0;0
280030805000547;1;278;278;82;54;64;38;8;4;1;0;12;0;5;0;9;1;0;0;0;0;0;1;0;0;0;0;1;0;0;0;0;0;0;0;1;3;4;6;5;5;5;6;7;11;7;4;5;3;12;2;6;3;6;3;5;7;10;5;9;7;5;6;11;1;5;3;4;5;3;6;4;3;3;4;2;4;5;5;6;2;4;1;5;5;1;1;2;3;3;0;2;1;1;0;1;1;0;0;4;3;1;0;1;0;0;0;2;0;0;0;0;0;0;0;0;0;0;0;0;0;1;0;0;0;0;0;0;0;0;0;0;0;0;0
280030805000548;1;819;819;224;153;221;101;19;10;3;1;31;1;20;0;27;1;7;0;0;0;0;8;1;1;0;0;1;0;0;0;2;0;3;0;17;14;12;11;10;16;5;17;14;19;11;16;16;16;29;22;18;21;21;12;23;24;19;18;13;18;13;19;9;14;7;19;17;12;16;10;7;13;11;22;12;12;10;21;7;14;13;11;8;6;6;6;12;5;5;4;2;4;2;2;3;0;3;4;2;0;0;3;2;4;3;0;0;0;2;1;0;0;0;0;0;0;0;0;0;0;0;0;0;0;0;0;1;0;0;0;0;0;0;0
280030805000549;1;744;744;239;152;181;81;10;4;7;2;29;0;16;1;17;2;1;0;2;0;0;10;0;0;0;2;1;1;0;2;0;1;3;0;12;9;16;14;11;9;14;9;15;16;18;15;16;6;15;9;13;11;9;10;16;11;14;11;10;9;6;11;14;18;20;23;23;10;15;10;23;15;13;18;20;11;10;11;18;10;11;9;10;13;7;7;11;2;5;3;1;0;4;3;2;2;1;6;1;0;2;0;1;0;2;1;1;0;1;0;0;4;0;1;0;0;0;1;0;0;1;1;0;0;0;0;0;0;0;0;0;1;0;2
280030805000550;1;787;786;207;116;173;104;5;16;8;5;76;1;27;1;34;3;10;0;1;0;0;14;1;0;1;2;2;0;0;1;1;1;4;1;9;15;7;12;12;3;12;8;13;10;16;10;11;15;12;22;16;13;23;12;14;13;11;12;13;16;15;13;17;15;15;16;15;11;18;6;15;16;8;12;9;16;9;11;9;14;11;5;6;6;7;7;8;5;5;6;9;7;9;9;2;4;4;8;3;1;11;6;3;4;2;4;0;2;4;4;3;4;5;2;1;2;0;0;1;2;0;0;0;0;0;1;0;0;0;0;0;0;0;0
280030805000551;1;1020;1020;290;166;199;178;6;18;13;2;62;8;28;0;44;5;1;0;0;0;0;14;1;1;0;0;2;2;0;2;1;4;1;0;13;14;15;14;18;17;11;23;12;14;17;29;21;26;18;25;15;14;19;16;19;24;33;25;20;21;25;19;13;20;8;12;22;19;15;10;18;22;26;19;16;22;11;12;15;14;7;10;12;10;9;12;8;6;8;7;3;3;5;7;1;7;3;3;9;4;4;2;1;8;4;3;0;3;2;4;0;3;2;1;2;0;1;0;0;0;0;0;0;0;0;0;0;0;0;1;0;0;0;0
280030805000552;1;1162;1162;349;233;322;123;14;16;23;1;23;1;25;1;29;0;1;0;1;0;0;18;2;1;3;2;0;2;0;1;2;2;2;1;11;21;14;18;18;24;26;18;15;17;25;16;24;19;22;23;20;18;24;18;21;31;34;20;13;14;18;21;18;16;37;22;26;19;20;28;21;28;34;28;21;23;19;22;19;14;5;19;12;8;15;6;4;7;10;7;10;9;3;2;1;0;3;6;10;6;1;3;2;2;3;0;1;1;0;1;1;1;2;2;1;1;0;1;0;0;0;0;0;0;0;0;0;0;0;0;0;0;0;0
280030805000553;1;934;934;261;172;239;115;15;16;8;3;66;4;16;0;17;2;0;0;0;0;0;12;0;1;0;1;0;2;0;5;1;0;1;1;22;5;17;18;11;8;14;19;20;18;12;21;17;13;20;16;17;15;12;11;16;16;26;18;21;21;15;18;12;13;9;15;30;22;20;17;25;17;12;16;16;21;7;13;15;10;5;10;6;7;5;5;7;9;6;6;12;6;5;0;6;10;6;3;8;5;6;3;2;4;6;3;4;2;2;2;0;5;0;3;1;0;2;1;0;0;0;0;0;1;0;0;0;0;0;0;0;0;0;1
280030805000554;1;658;658;198;124;140;107;7;9;6;4;41;0;10;1;7;4;0;0;0;0;0;8;0;0;2;1;0;1;1;1;0;0;1;1;6;13;9;8;6;6;7;5;12;11;13;14;8;16;15;17;16;15;7;8;17;15;7;11;13;10;8;16;14;13;13;18;8;11;9;10;8;13;13;9;7;8;4;10;14;11;9;9;4;8;5;10;8;2;3;2;5;5;8;8;1;2;4;4;6;3;1;6;4;2;2;3;0;4;1;1;2;2;0;3;2;1;2;2;0;0;0;0;0;1;2;0;0;0;0;0;0;0;0;1
280030805000555;1;993;993;239;153;276;171;4;28;3;3;87;0;6;0;18;2;3;0;0;0;0;22;2;1;1;2;3;0;3;1;2;4;2;1;16;19;8;15;16;22;19;15;26;21;26;20;23;17;23;21;28;19;18;23;16;24;21;25;18;23;18;21;16;25;17;15;15;16;14;7;13;12;6;16;14;12;13;13;11;17;13;8;6;10;6;13;7;4;9;6;6;2;1;6;3;7;4;3;4;3;3;0;5;3;1;1;4;2;3;4;0;0;2;5;1;0;0;0;1;1;1;0;0;0;0;0;0;0;0;0;0;0;0;0
280030805000556;1;1132;1132;326;202;236;186;36;16;21;2;56;7;16;2;15;11;0;0;0;0;0;29;6;2;1;2;2;1;3;3;2;4;1;2;31;19;23;22;15;22;24;27;16;31;22;28;25;24;25;20;21;25;23;18;25;15;13;24;25;27;21;26;14;22;24;20;20;12;18;20;20;16;17;14;20;9;13;6;14;18;12;16;10;10;8;5;9;7;9;3;9;4;8;4;5;8;3;5;5;3;4;5;1;3;2;2;3;1;0;0;1;0;0;1;0;0;0;1;1;1;0;0;0;0;0;0;0;0;0;0;0;0;0;0
280030805000557;1;882;880;258;182;243;95;13;8;5;2;33;0;16;0;27;0;0;0;0;0;0;17;2;2;1;1;0;1;2;1;1;1;4;1;11;12;11;24;13;30;19;14;17;18;13;20;14;13;15;17;18;20;12;10;15;19;13;14;16;13;20;13;10;21;16;22;12;14;15;22;19;21;21;15;11;17;20;9;25;13;12;8;5;11;7;5;6;1;4;4;3;3;3;6;3;8;2;3;2;3;3;0;1;2;3;1;1;2;1;0;3;0;0;0;0;1;0;1;0;0;0;0;0;0;0;0;0;0;0;0;0;0;0;0
280030805000558;1;1058;1058;336;209;236;108;10;7;34;8;20;0;45;5;32;8;0;0;0;0;0;15;1;2;0;0;1;0;2;3;4;1;0;1;23;18;23;14;16;26;10;14;9;17;18;15;11;26;22;18;16;21;23;20;20;21;28;23;23;21;29;20;30;27;13;22;15;19;17;19;15;13;22;17;22;25;14;10;20;17;6;18;9;11;9;7;9;7;9;4;5;8;7;9;5;7;5;3;2;1;1;2;1;4;1;0;1;1;2;0;2;0;2;0;1;0;0;1;0;0;0;0;1;0;0;0;0;0;0;0;0;0;0;0
280030805000559;1;1135;1135;321;218;335;139;15;14;7;3;31;0;16;0;29;0;3;3;1;0;0;16;3;1;1;3;0;1;1;3;0;0;3;0;18;18;22;17;15;26;14;20;17;28;22;27;30;32;22;39;23;24;26;22;28;17;22;16;16;24;23;19;23;21;13;15;18;17;28;15;17;31;24;17;16;26;25;19;14;10;15;14;9;22;9;7;3;2;3;7;4;4;5;5;5;2;4;2;1;2;2;1;2;3;3;0;1;2;0;1;0;0;0;1;0;0;0;0;0;0;0;0;0;2;0;0;0;0;0;0;0;0;0;0
280030805000560;1;1157;1156;348;235;274;159;25;12;12;2;44;0;22;0;23;1;0;0;0;0;0;18;2;0;2;4;1;0;0;2;2;0;2;3;22;29;24;20;22;16;23;17;23;22;19;17;22;17;37;19;19;14;23;25;20;20;20;29;25;21;29;24;26;31;22;31;29;24;18;27;19;12;21;15;23;24;17;10;14;14;4;13;13;8;5;5;4;6;11;7;2;6;9;7;4;6;3;3;4;4;3;2;0;3;3;1;0;1;0;0;2;1;0;0;0;1;0;0;1;1;0;0;0;1;0;0;0;0;0;0;0;0;0;0
280030805000561;1;1227;1227;341;227;311;165;47;17;8;6;55;2;12;1;30;4;1;0;0;0;0;25;2;0;3;2;2;1;1;3;1;1;3;6;22;25;18;18;23;20;17;16;22;27;24;31;27;25;22;18;36;25;28;25;17;31;15;26;24;25;25;23;13;26;18;25;23;15;23;18;20;16;20;25;18;24;7;15;9;17;15;11;5;9;15;14;11;15;9;5;5;5;10;10;2;6;6;4;8;4;5;4;3;0;2;1;1;3;6;5;2;0;4;2;3;1;0;0;0;2;1;0;1;0;0;0;0;0;0;0;0;0;0;0
280030805000562;1;1543;1543;411;296;436;177;29;28;13;3;90;2;23;0;29;0;6;0;0;0;0;27;3;2;2;0;0;3;3;2;5;1;5;1;19;20;32;31;21;28;34;26;25;37;28;29;35;33;34;42;26;28;36;29;31;30;26;34;29;32;26;29;34;39;33;23;34;23;22;28;25;25;33;27;21;22;18;23;16;21;13;19;12;15;12;11;5;6;10;5;14;8;6;6;7;11;7;4;5;8;6;2;4;3;4;1;4;2;0;0;3;1;0;3;0;0;0;0;0;0;0;0;0;0;0;2;0;0;0;0;0;0;0;0
280030805000563;1;882;882;275;183;205;116;27;3;7;1;16;1;20;0;22;5;1;0;0;0;0;22;0;3;2;2;1;1;5;1;3;2;2;0;24;12;14;18;14;16;15;10;20;22;23;14;18;18;18;18;11;13;15;13;16;18;14;20;20;22;17;28;19;21;18;24;22;13;19;13;24;13;15;13;20;9;20;15;8;10;13;8;6;5;6;7;5;1;1;5;3;4;4;3;1;0;1;0;4;0;1;0;1;0;0;0;0;0;0;1;0;0;0;0;1;0;1;0;0;1;0;0;0;0;0;0;0;0;0;0;0;0;0;0
280030805000564;1;695;695;186;121;156;120;19;7;6;0;47;2;11;0;14;0;6;0;0;0;0;16;0;1;2;4;0;1;4;0;1;2;1;0;11;17;19;11;14;9;19;12;7;22;15;12;11;21;19;18;20;14;15;15;14;13;12;12;14;15;16;19;13;14;12;8;6;6;5;6;17;11;10;9;6;12;4;7;7;12;10;11;7;7;5;2;6;5;1;3;2;1;2;3;4;1;3;8;1;0;1;2;3;2;2;1;1;0;0;0;1;0;0;0;0;1;0;0;0;0;1;0;1;0;0;0;0;0;0;0;0;0;0;0
280030805000565;1;642;642;178;124;160;66;4;6;29;3;24;0;26;2;19;1;0;0;0;0;0;13;1;0;1;0;1;1;0;1;0;1;2;5;12;15;21;7;14;14;17;14;12;17;15;11;16;13;9;17;11;9;8;9;9;13;10;11;9;12;14;19;10;21;15;13;16;18;14;7;8;13;9;11;5;9;6;9;6;8;5;5;4;13;3;2;5;2;6;4;4;2;2;1;2;1;2;3;1;1;0;1;0;1;1;0;0;1;0;1;0;0;0;0;0;0;0;0;0;0;0;0;0;0;0;0;0;0;0;0;0;0;0;0
280030805000566;1;657;657;227;154;142;71;10;4;9;0;8;0;19;0;10;0;3;0;0;0;0;13;0;3;1;4;1;0;0;0;0;2;0;2;13;9;13;17;11;17;13;9;13;10;6;4;8;14;9;7;13;8;7;7;4;6;9;8;5;10;27;15;20;27;31;30;20;23;22;14;8;13;17;15;11;11;11;10;7;7;2;5;2;7;2;0;2;3;2;5;2;2;4;4;1;3;0;2;1;2;0;0;0;0;1;0;0;1;0;0;1;0;0;0;0;0;0;0;0;1;0;0;0;0;0;0;0;0;0;0;0;0;0;0
280030805000567;1;858;858;252;169;210;93;17;9;6;4;52;3;14;0;23;6;0;0;0;0;0;15;3;3;2;1;1;0;1;1;2;0;0;1;9;9;12;16;12;11;11;12;12;15;16;16;17;17;22;17;12;13;18;18;17;16;15;15;11;19;17;27;10;19;13;18;17;6;9;17;19;22;15;16;14;15;9;10;16;10;7;4;13;9;6;8;8;5;9;11;5;8;7;8;2;6;4;7;6;2;3;1;4;2;4;2;3;1;2;2;0;1;0;0;1;0;1;1;2;0;0;1;0;0;0;0;0;0;0;0;0;0;0;0
280030805000568;1;1211;1211;347;246;292;162;36;12;5;0;56;4;16;0;29;6;0;0;0;0;0;23;4;1;3;1;4;0;3;0;1;2;0;4;18;26;29;21;22;29;22;20;24;25;24;20;14;29;20;22;32;19;18;24;20;23;17;24;16;18;26;23;13;30;17;21;26;18;37;24;21;19;33;27;18;14;11;19;15;11;16;10;15;12;11;19;11;4;9;10;5;4;6;6;8;3;5;4;4;3;2;3;1;2;2;1;1;0;3;1;0;1;1;1;0;0;2;0;1;0;1;0;0;0;0;0;0;0;0;0;1;0;0;0
280030805000569;1;1184;1183;325;236;282;160;33;17;7;1;82;1;11;0;20;2;5;2;0;0;0;24;0;6;3;4;1;2;1;1;0;4;1;1;20;20;25;20;22;12;20;16;21;33;21;24;22;23;19;36;27;20;19;15;19;31;28;15;28;20;28;23;19;22;22;21;26;18;17;28;16;17;19;18;12;18;19;17;13;18;18;14;12;15;8;10;9;3;6;10;7;8;5;5;4;6;9;3;1;4;2;4;1;4;1;1;2;5;1;3;1;0;0;2;1;2;2;1;0;0;1;0;1;0;0;0;0;1;0;0;0;0;0;0
280030805000570;1;681;681;195;118;147;93;15;15;10;3;35;2;24;0;18;5;0;0;1;0;0;10;0;2;1;0;1;1;0;2;0;1;1;1;6;10;5;11;10;5;8;2;10;10;12;8;14;9;9;11;7;7;10;14;9;10;5;11;16;8;18;12;11;15;10;11;15;16;13;4;11;13;11;16;11;7;9;12;12;10;11;9;8;8;10;8;7;8;8;6;6;1;5;7;8;8;9;5;2;4;7;3;5;4;3;5;2;2;1;0;2;3;2;5;1;0;1;2;4;2;1;0;0;1;0;2;1;0;0;0;0;0;0;0
280030805000571;1;1150;1150;323;176;240;203;16;17;12;4;106;3;19;1;25;5;0;0;0;0;0;17;5;2;1;2;1;0;1;0;1;3;0;1;14;19;11;15;17;20;19;15;23;19;23;17;22;26;24;24;24;22;24;16;19;21;16;33;11;30;20;17;24;18;15;18;23;17;22;24;24;13;27;19;12;27;15;23;17;16;13;8;11;16;16;8;5;11;9;4;13;9;6;8;6;9;4;3;3;4;6;3;4;5;3;3;3;2;1;1;2;2;2;2;2;1;2;1;1;1;3;1;0;0;0;1;0;0;0;0;0;0;0;0
280030805000572;1;500;500;156;112;130;44;20;9;3;1;13;0;3;0;9;0;0;0;0;0;0;8;1;0;1;0;3;0;0;1;1;1;0;0;3;9;14;11;7;8;9;7;10;12;10;11;7;10;8;11;9;8;8;8;10;14;11;10;14;14;10;13;9;15;4;6;5;13;10;9;9;13;7;10;5;6;2;7;4;3;5;4;5;4;4;5;2;3;3;2;6;2;4;2;4;3;4;3;3;1;0;1;1;0;1;2;0;0;0;2;0;1;0;0;0;1;0;1;0;0;0;0;0;0;0;0;0;0;0;0;0;0;0;0
280030805000573;1;932;926;287;197;213;120;15;12;7;2;38;6;11;0;19;0;2;0;3;0;0;14;0;2;2;4;1;1;1;0;0;1;0;2;13;14;17;12;12;15;18;15;18;17;22;7;20;13;19;11;23;20;16;16;14;23;16;20;24;25;29;17;23;23;15;16;12;18;13;21;15;17;13;13;11;12;11;11;9;9;10;11;10;14;6;8;6;7;6;5;4;6;4;11;2;1;4;2;4;4;5;3;6;3;1;0;4;2;2;8;0;1;2;3;0;1;0;1;0;1;0;0;0;0;1;0;0;0;0;0;0;0;0;1
280030805000576;1;75;75;24;14;20;6;4;0;0;0;1;0;0;0;4;2;0;0;0;0;0;1;0;1;0;0;0;0;0;0;0;0;0;0;3;1;0;1;3;4;3;2;3;2;2;3;1;2;1;0;0;0;0;1;2;1;4;0;1;2;1;1;3;1;2;1;1;1;1;2;2;0;0;0;0;2;0;2;1;1;0;0;0;1;0;1;0;0;0;0;1;1;0;1;1;1;0;0;0;1;2;0;0;0;0;0;0;0;0;0;0;0;0;0;0;0;0;0;0;0;0;0;0;0;0;0;0;0;0;0;0;0;0;0
280030805000577;1;515;515;178;120;118;54;8;1;6;2;7;0;8;0;9;1;0;0;3;0;0;7;0;1;0;0;0;0;0;1;1;3;1;0;10;4;12;16;11;7;11;12;7;7;12;6;2;13;2;7;7;5;7;5;2;7;5;4;9;5;9;15;18;12;14;21;20;12;15;16;15;8;18;10;6;8;9;5;6;6;7;6;5;5;3;4;4;3;5;4;1;3;2;1;3;2;2;1;3;0;1;0;0;1;0;0;0;0;1;0;2;0;0;0;1;0;0;0;0;0;0;0;0;0;0;0;0;0;0;0;0;0;0;0
280030805000578;1;412;412;137;90;101;48;2;5;2;0;8;0;9;1;4;0;2;0;3;0;0;10;1;0;3;1;1;0;0;0;0;1;1;2;8;9;6;10;9;8;4;6;1;7;3;9;6;1;6;9;6;2;3;7;4;5;6;0;4;6;8;10;13;15;15;10;14;7;14;10;5;18;11;11;6;9;4;12;5;5;2;5;5;3;4;0;1;6;3;2;2;2;3;4;5;1;0;0;1;0;1;0;0;1;0;0;1;0;0;1;0;0;0;0;0;0;0;1;0;0;0;0;0;0;0;0;0;0;0;0;1;0;0;0
280030805000579;1;826;826;283;171;212;76;11;5;10;3;7;0;17;0;27;0;4;0;0;0;0;11;0;0;1;0;2;0;0;0;2;4;1;1;14;17;17;19;19;11;17;13;3;14;11;13;8;7;8;5;7;5;10;17;14;10;10;12;13;13;17;11;23;12;19;19;20;21;21;16;26;20;21;13;21;14;22;19;14;15;19;12;10;7;8;7;10;8;4;4;6;10;3;7;2;2;6;3;1;0;1;0;0;4;0;1;1;3;0;0;0;0;0;3;1;0;0;0;0;1;0;0;0;0;0;0;0;0;0;0;0;0;0;0
280030805000580;1;840;840;261;192;223;66;8;7;9;3;11;0;8;1;17;3;1;0;29;1;0;11;1;0;0;3;0;0;1;2;0;2;2;0;12;15;11;13;18;9;13;12;8;13;14;9;12;12;9;6;8;13;14;12;13;18;14;11;13;17;9;14;19;24;21;21;33;22;22;14;17;11;31;22;16;20;11;16;16;11;16;11;12;9;7;6;9;7;8;4;6;5;1;4;6;3;2;3;0;1;3;1;0;1;1;2;0;5;2;1;1;0;0;0;1;0;0;0;0;0;0;1;0;1;0;0;0;0;0;0;0;0;0;0
280030805000581;1;867;867;231;138;200;155;14;19;9;2;67;2;4;0;19;3;4;0;0;0;0;14;0;2;1;0;0;3;1;0;2;3;1;1;16;19;18;20;17;19;15;20;14;17;14;22;20;22;21;16;16;10;11;12;17;23;17;17;25;23;24;19;12;17;14;11;13;6;11;11;13;10;14;14;12;15;10;5;11;9;10;7;12;6;8;9;8;7;6;7;6;6;3;9;5;4;4;3;2;4;0;2;2;0;3;1;0;2;0;0;1;0;0;0;0;1;0;0;0;1;1;0;0;0;0;0;0;0;0;0;0;0;0;1
280030805000582;1;117;117;32;19;17;23;11;1;2;0;4;0;2;0;3;3;0;0;0;0;0;4;0;0;0;0;0;2;0;0;0;0;2;0;2;1;4;4;5;2;5;1;5;1;2;3;4;4;2;3;1;1;1;4;2;1;0;1;1;0;4;3;3;2;4;3;0;2;0;2;2;2;2;1;4;1;1;1;1;0;2;1;0;1;1;0;0;4;1;1;2;0;0;0;0;0;0;0;0;0;0;0;0;1;0;0;0;0;0;0;1;0;0;0;0;0;0;0;0;0;0;0;0;0;0;0;0;0;0;0;0;0;0;0
280030805000584;1;902;895;260;181;229;154;10;7;6;0;27;0;8;0;16;2;2;0;0;0;0;23;0;6;1;1;2;2;2;1;2;1;4;1;19;28;37;30;25;23;20;9;12;15;29;21;22;19;18;14;22;10;17;17;14;22;20;17;25;19;12;22;21;18;26;16;15;13;20;16;12;7;10;12;11;6;8;9;10;8;10;10;13;4;5;5;3;4;1;4;1;4;1;3;0;2;1;1;3;1;0;0;2;0;2;0;0;1;0;1;0;0;0;1;0;0;0;0;0;0;0;0;0;0;0;0;0;0;0;0;0;0;0;0
280030805000585;1;604;603;165;119;160;74;17;4;6;3;15;0;19;0;18;4;0;0;0;0;0;8;0;0;2;0;0;0;2;0;0;1;3;0;15;10;19;9;12;13;17;11;11;16;17;19;19;15;19;18;8;14;10;10;11;8;20;14;9;12;10;7;8;9;10;11;12;11;16;9;6;6;14;9;10;9;14;8;9;2;5;3;8;4;1;5;4;0;0;1;2;0;0;4;1;2;2;4;1;0;1;1;0;0;1;0;0;0;0;0;0;0;0;0;0;0;0;0;0;0;0;0;0;0;0;0;0;0;0;0;0;0;0;0
280030805000586;1;772;772;237;167;195;95;20;3;5;3;21;1;7;0;7;11;0;0;0;0;0;12;2;1;1;1;2;2;0;0;0;2;1;0;29;12;19;15;9;20;18;22;12;21;17;15;20;22;13;13;10;16;7;8;14;15;25;14;13;9;24;18;14;13;16;12;16;13;17;14;13;9;14;13;3;21;9;9;12;7;6;6;4;8;6;6;5;5;2;4;1;1;4;0;2;3;5;1;1;1;1;1;1;1;3;2;0;1;0;0;3;1;0;0;0;0;0;0;0;0;0;0;0;0;0;0;0;0;0;0;0;0;0;0
280030805000587;1;412;412;120;84;136;42;12;1;3;1;5;0;2;0;5;1;0;0;0;0;0;9;1;1;1;1;1;0;1;1;0;1;0;1;9;14;8;9;10;7;9;11;10;8;15;10;9;11;7;5;4;11;7;14;14;5;8;17;12;3;10;4;5;10;6;7;4;5;7;9;5;2;8;10;6;8;2;5;3;1;4;2;3;1;3;0;1;1;3;1;3;3;1;1;0;1;0;0;2;1;2;0;1;2;0;1;0;0;0;0;0;0;0;0;0;0;0;1;1;0;0;0;0;0;0;0;0;0;0;0;0;0;0;0
280030805000588;1;242;225;57;36;55;38;2;2;3;0;16;0;3;0;9;0;4;0;0;0;17;9;0;1;0;0;0;1;2;0;2;2;1;0;8;4;2;6;6;2;7;4;3;8;4;10;2;6;4;5;4;6;1;5;8;3;3;4;5;6;2;5;1;3;7;2;7;3;7;2;9;7;2;1;4;7;1;2;2;1;3;6;0;3;2;2;0;0;2;1;3;0;1;1;1;0;0;2;0;0;1;1;0;0;1;0;1;0;0;0;0;0;0;0;0;0;0;0;0;0;0;0;0;0;0;0;0;1;0;0;0;0;0;0
280030805000589;1;798;797;230;158;203;114;33;9;7;0;24;0;7;0;7;5;1;0;0;0;0;24;2;3;2;4;2;0;2;4;2;2;1;0;20;21;23;16;17;15;19;14;20;16;19;24;21;18;12;9;19;24;13;17;20;14;19;17;12;10;11;13;4;17;14;15;10;19;13;15;12;15;15;7;9;12;10;8;4;9;12;10;8;11;0;7;3;4;3;5;4;0;1;2;3;1;2;2;2;2;2;1;1;1;0;1;0;1;0;0;0;2;1;0;0;0;1;0;0;0;0;0;0;0;0;0;0;0;0;0;0;0;0;0
280030805000590;1;251;251;65;32;48;61;3;7;2;1;13;1;10;1;6;0;1;0;0;0;0;3;1;0;0;0;0;0;1;0;0;0;0;1;10;6;2;9;3;4;6;1;4;2;9;2;11;5;8;8;8;6;9;4;5;7;5;5;7;5;5;3;5;1;2;5;1;2;3;2;3;5;2;5;2;7;0;3;4;2;3;3;2;6;1;1;0;3;1;1;1;2;1;0;2;1;0;0;0;1;0;0;1;0;1;0;1;1;0;0;0;1;0;0;0;0;1;0;0;0;0;0;0;0;0;0;0;0;0;0;0;0;0;0
280030805000591;1;683;683;238;161;161;58;13;2;8;1;18;0;4;0;16;3;0;0;0;0;0;11;0;0;0;0;0;1;1;2;0;2;2;3;17;11;12;14;12;8;11;7;8;10;8;14;9;8;11;7;6;8;6;6;14;7;7;10;17;8;17;14;24;17;18;17;16;19;24;16;20;13;18;19;10;12;14;13;12;11;3;5;8;3;5;6;4;5;7;4;6;9;3;1;4;1;0;6;2;1;1;1;2;1;1;0;0;0;0;0;0;0;0;1;1;0;0;0;0;0;0;0;0;0;0;0;0;0;0;0;1;0;0;0
280030805000592;1;699;699;235;167;182;56;8;1;8;2;6;0;6;0;4;2;4;0;18;0;0;11;2;1;1;0;1;0;1;1;1;0;1;2;18;9;12;12;7;10;9;11;8;8;3;4;10;13;5;11;11;11;10;10;12;16;18;9;10;4;15;19;18;20;20;22;16;21;16;16;10;19;16;15;10;11;8;4;9;9;10;5;13;11;9;5;7;8;5;5;2;7;5;4;8;3;0;3;2;1;2;1;2;1;2;3;0;2;0;0;0;1;0;2;1;0;0;1;0;1;0;1;0;0;0;0;0;0;0;0;0;0;0;0
280030805000593;1;585;585;192;88;104;69;3;2;38;0;9;0;27;0;13;0;17;0;22;1;0;3;0;0;0;2;0;1;0;0;0;0;0;0;10;2;5;6;3;0;2;5;6;8;2;9;6;9;6;8;12;8;10;15;19;20;13;14;19;9;12;9;15;7;12;2;9;12;8;11;3;6;8;8;10;7;9;8;5;4;15;7;3;11;14;8;9;12;9;8;9;3;9;10;4;3;4;5;8;1;3;3;3;3;0;3;3;1;3;2;1;1;1;2;1;1;2;1;2;2;0;0;0;1;0;0;0;0;0;0;0;0;0;0
280030805000594;1;321;321;87;62;78;30;8;2;3;1;22;0;11;1;10;5;1;0;0;0;0;2;1;0;0;0;0;0;0;0;1;0;0;0;4;5;2;6;5;7;7;8;7;9;6;8;8;6;7;5;8;7;4;4;3;10;5;6;9;5;10;4;7;3;4;7;6;5;4;1;4;7;3;5;7;7;2;4;3;2;3;3;7;4;6;1;2;1;3;4;1;5;3;6;2;3;0;1;1;0;0;1;2;0;0;0;1;0;0;0;0;0;0;0;0;0;0;0;1;0;0;1;0;0;0;0;0;0;0;0;0;0;1;0
280030805000595;1;318;318;127;67;45;45;2;0;1;0;9;0;5;0;16;1;0;0;0;0;0;9;3;1;0;0;0;1;1;1;0;0;0;2;8;2;3;3;3;2;4;4;1;3;4;4;4;5;7;1;3;1;5;2;4;1;5;6;4;5;9;6;14;7;16;9;12;16;8;6;10;6;11;11;6;8;13;5;3;2;7;2;1;6;1;1;2;0;1;2;1;2;1;1;2;1;1;1;0;0;2;0;0;0;0;0;0;0;0;0;0;0;0;0;0;0;1;0;0;0;0;0;1;0;0;0;0;0;0;0;0;0;0;0
280030805000596;1;892;892;238;162;228;134;7;7;7;0;35;0;24;0;33;2;15;0;0;0;0;15;1;0;3;2;4;0;1;2;1;1;0;0;21;26;29;18;13;19;14;18;20;14;21;19;18;21;16;19;14;17;14;14;17;22;25;15;21;16;20;24;23;18;20;13;17;15;24;17;22;16;11;9;14;9;14;13;14;11;7;5;8;5;2;4;5;2;5;1;3;3;2;3;4;2;0;3;1;0;1;0;0;0;1;0;1;0;1;0;0;0;0;0;0;0;0;0;0;1;0;0;0;0;0;2;0;0;0;0;0;0;0;0
280030805000597;1;952;952;294;198;234;140;5;15;4;0;39;0;9;0;11;3;0;0;0;0;0;19;1;2;1;2;1;1;1;3;5;0;2;0;19;27;20;16;19;15;14;8;14;21;19;23;19;20;19;14;19;17;8;13;19;21;18;21;25;16;18;21;22;14;19;27;10;17;28;17;18;20;19;17;20;14;13;17;14;15;15;11;8;10;7;6;0;4;1;10;2;7;2;4;3;1;1;2;2;0;4;3;0;0;0;1;2;1;0;0;0;1;0;1;0;0;0;0;0;0;0;0;0;0;0;0;0;0;0;0;0;0;0;0
280030805000598;1;372;372;109;58;79;63;1;3;4;2;41;1;2;0;9;0;0;0;0;0;0;1;0;0;0;0;0;0;0;1;0;0;0;0;3;4;6;2;4;3;5;6;6;10;8;7;6;9;7;8;9;6;4;7;7;2;3;5;7;4;4;6;5;6;7;9;9;6;3;6;6;8;5;7;3;1;3;6;6;5;9;5;3;5;5;0;1;4;5;5;5;5;2;3;7;4;3;5;0;3;4;2;2;1;2;0;1;2;1;2;1;1;1;0;0;3;2;1;0;1;2;0;0;0;1;0;0;1;0;0;2;0;0;0
280030805000599;1;60;60;18;9;8;15;0;1;0;0;3;0;1;0;5;0;0;0;0;0;0;0;0;0;0;0;0;0;0;0;0;0;0;0;0;2;2;0;2;2;0;1;3;2;2;1;1;1;0;1;0;2;2;1;2;0;4;0;2;1;0;0;0;2;0;1;0;2;1;0;0;2;0;1;1;0;1;3;1;2;0;0;1;0;0;1;0;2;0;0;0;1;0;0;0;0;0;2;0;0;0;0;0;0;0;0;1;0;0;0;0;0;1;0;0;0;0;0;0;0;0;0;0;0;0;0;0;0;0;0;0;0;0;0
280030805000600;1;952;952;244;167;385;78;1;1;17;0;23;0;31;0;5;0;0;0;0;0;0;36;1;0;0;1;0;1;0;17;2;2;2;10;35;16;26;40;32;24;28;33;38;33;36;18;19;14;20;10;4;7;9;13;11;14;32;23;33;22;11;16;16;12;14;26;3;8;19;21;5;6;7;8;13;9;1;6;9;3;5;1;3;6;13;20;7;10;9;10;5;5;0;3;3;4;1;2;1;1;0;1;1;2;0;0;0;0;0;0;0;0;0;0;0;0;0;0;0;0;0;0;0;0;0;0;0;0;0;0;0;0;0;0
280030805000601;1;348;348;106;58;56;72;5;8;5;0;21;3;6;0;5;2;0;0;1;0;0;5;0;1;2;0;1;0;0;0;1;0;0;0;6;3;6;5;3;4;6;5;12;2;6;4;7;6;7;6;6;6;3;5;5;5;7;7;10;5;8;11;7;9;6;4;6;6;6;5;4;7;6;7;10;3;3;6;5;2;6;3;3;4;2;3;3;3;1;2;2;6;2;4;2;3;4;0;2;2;3;0;2;0;1;1;2;1;1;1;0;2;0;1;1;0;0;0;0;0;0;0;0;0;0;1;0;0;0;0;1;0;0;0
280030805000602;1;653;627;187;119;140;84;27;6;4;4;32;0;9;0;2;13;0;0;0;0;1;16;0;0;1;0;1;3;2;3;1;3;0;2;15;12;12;14;19;12;12;15;18;13;14;12;6;14;6;11;7;12;7;7;8;16;12;11;16;16;16;12;15;9;9;15;13;9;12;9;15;9;9;12;5;11;8;16;9;8;4;5;7;6;7;7;2;2;5;8;4;3;5;2;2;3;2;1;2;2;0;5;1;2;2;0;2;2;0;0;1;1;1;0;1;1;0;0;0;0;0;0;1;0;0;0;0;0;0;0;0;0;0;0
280030805000603;1;692;692;290;157;115;61;5;1;14;0;7;0;17;0;15;1;5;4;0;0;0;17;1;2;2;0;1;0;1;1;2;2;5;0;12;10;15;13;4;8;4;12;7;8;16;8;8;2;10;9;8;5;5;7;10;9;9;14;14;19;18;28;37;36;21;24;26;25;17;29;25;9;12;14;14;10;5;6;12;7;5;9;2;4;6;4;1;0;2;1;2;3;3;1;1;0;0;1;0;2;0;0;1;0;0;0;0;2;1;1;0;0;0;0;1;0;0;0;0;1;0;0;0;0;0;0;0;0;0;0;0;0;0;0
280030805000604;1;495;495;147;91;113;90;20;0;0;1;8;1;11;0;9;4;0;0;0;0;0;15;3;2;1;2;2;0;0;1;1;1;1;1;11;13;14;11;14;23;13;15;12;12;9;15;19;9;11;15;6;11;7;6;8;9;20;14;8;6;12;16;9;6;10;6;6;8;8;15;8;4;7;6;3;2;6;2;5;4;3;1;3;2;1;2;3;0;3;1;0;1;0;2;0;0;0;0;1;0;0;0;1;0;0;0;1;0;0;0;0;0;0;0;0;0;1;0;0;0;0;0;0;0;0;0;0;0;0;0;0;0;0;0
280030805000605;1;596;596;171;139;180;31;5;7;10;0;10;0;2;1;11;1;2;0;26;0;0;7;0;0;1;0;1;0;2;1;2;0;0;0;8;11;7;5;5;6;13;10;9;9;12;11;14;14;6;10;14;5;8;9;8;12;8;9;7;9;5;8;7;9;9;11;11;12;11;8;17;15;14;8;16;11;10;9;8;13;8;10;11;13;10;7;6;6;7;4;9;5;4;8;4;0;2;2;0;2;3;2;3;1;1;3;1;0;0;0;0;0;1;0;1;0;1;0;0;0;0;0;0;0;0;1;0;2;0;0;0;0;0;0
280030805000606;1;192;192;56;49;60;11;2;1;1;2;1;0;0;0;3;0;0;0;6;0;0;3;0;0;0;1;1;0;0;0;0;1;0;0;7;4;2;3;4;1;3;3;3;2;1;4;3;2;4;3;2;0;2;6;3;0;2;2;2;3;2;0;1;2;4;4;4;4;4;4;5;2;3;5;5;7;3;1;7;6;3;4;3;2;0;4;3;2;3;4;1;0;1;1;1;1;1;0;1;1;2;0;1;0;1;1;0;2;2;0;0;0;0;0;0;0;0;0;0;0;0;0;0;0;0;0;0;0;0;0;0;0;0;0
280030805000607;1;1066;1066;383;249;205;109;8;7;16;2;23;0;27;1;30;0;5;0;1;0;0;23;2;0;1;2;2;3;3;3;3;1;3;0;17;17;20;22;20;17;19;17;18;15;8;13;12;14;13;8;7;17;6;8;15;18;15;13;29;21;48;45;37;31;38;25;34;26;30;27;19;22;18;18;21;12;17;16;19;9;9;8;11;12;10;9;3;5;5;11;5;4;3;6;4;3;4;4;1;3;1;2;0;1;2;1;1;0;0;0;0;1;1;0;0;0;0;1;0;0;0;0;0;0;0;0;0;0;0;0;1;0;0;0
280030805000608;1;1112;1112;319;241;340;92;10;3;18;2;23;0;11;0;29;1;3;0;19;1;0;17;2;0;1;2;1;1;1;1;0;4;2;2;24;23;18;21;18;18;17;20;18;13;17;11;20;17;21;16;17;19;17;15;24;20;12;12;13;12;13;23;17;25;16;28;31;25;20;26;31;19;33;20;14;27;14;15;17;20;12;19;13;14;11;8;10;15;8;12;6;3;5;4;4;9;4;9;2;2;3;0;2;3;4;0;0;1;4;2;2;0;3;2;3;1;1;1;0;0;2;1;0;0;0;1;2;0;0;0;0;0;0;0
280030805000609;1;168;168;54;30;34;28;2;3;1;0;12;0;0;0;2;2;0;0;0;0;0;3;1;0;0;0;1;0;1;0;0;0;0;0;3;4;2;4;1;2;5;5;4;7;2;4;0;4;3;2;5;1;8;3;2;5;4;3;3;2;3;6;2;2;5;3;3;8;1;4;2;1;5;2;3;3;0;1;2;1;1;1;1;0;2;1;2;2;1;2;0;0;1;0;0;0;0;0;0;0;0;0;1;0;2;0;0;0;1;0;0;0;0;0;0;0;0;1;0;1;0;0;0;0;0;0;0;0;0;0;0;0;0;0
280030805000612;1;386;386;125;89;90;36;5;5;1;2;8;0;11;0;9;5;0;0;0;0;0;5;0;0;1;0;0;0;0;1;2;0;1;0;7;5;11;3;5;4;4;3;5;6;4;5;4;6;9;5;3;8;2;3;8;10;6;8;16;9;6;13;10;11;15;11;7;8;6;13;6;4;8;4;5;5;5;4;7;5;5;4;4;10;4;4;6;1;3;3;4;2;3;5;0;1;1;2;1;1;0;1;1;0;1;0;0;0;0;0;1;0;0;1;0;0;0;0;0;0;0;0;0;0;0;0;0;0;0;0;0;0;0;0
280030805000613;1;990;990;290;221;287;67;9;8;10;5;18;0;5;0;12;4;0;0;53;1;0;10;0;1;0;1;1;1;0;1;0;1;3;1;10;13;10;5;13;12;10;11;8;13;10;5;14;13;13;13;12;15;19;21;18;23;18;22;14;14;23;16;11;20;8;14;22;17;19;12;24;13;10;13;12;13;14;11;19;18;13;17;16;17;15;24;12;18;18;13;13;10;7;12;10;10;3;6;9;5;4;4;4;6;6;9;2;1;3;3;2;2;1;3;2;4;2;0;0;2;3;4;2;0;0;0;2;0;0;1;1;1;0;0
280030805000614;1;1144;1144;355;257;319;87;14;10;10;1;25;0;9;0;11;4;2;0;38;2;0;9;0;1;0;1;1;0;3;1;0;0;1;1;9;11;13;10;9;7;8;12;11;19;21;17;17;23;14;16;21;17;15;20;11;19;20;18;18;21;16;17;23;22;21;23;23;12;23;22;22;14;18;17;13;17;13;12;13;21;13;20;23;13;14;12;23;17;14;18;17;11;9;17;17;5;14;2;8;6;11;10;8;10;3;6;6;2;4;6;3;3;3;6;2;3;4;5;1;1;2;0;1;0;0;0;2;0;1;0;0;0;0;0
280030805000615;1;624;624;166;107;189;33;2;3;45;1;18;0;33;1;10;2;1;0;13;0;0;4;0;0;1;0;1;1;0;0;0;0;1;0;6;5;5;6;11;8;8;4;13;10;17;12;6;11;11;13;10;15;9;13;12;5;10;10;8;9;10;9;11;9;5;12;5;8;8;11;7;8;9;10;8;15;8;15;17;15;14;8;10;16;6;10;7;13;6;9;7;4;5;4;3;3;4;8;5;5;1;4;3;2;3;2;1;0;2;1;0;1;0;1;1;1;2;0;0;0;0;0;0;0;0;0;0;0;0;1;0;0;0;0
280030805000616;1;400;400;161;52;46;60;0;3;9;0;9;1;26;0;11;2;18;0;2;0;0;1;0;0;0;1;0;0;0;0;0;0;0;0;1;7;2;2;2;3;4;5;3;3;2;8;5;10;3;7;5;12;9;16;11;11;10;9;7;8;9;7;11;3;5;5;6;5;10;8;8;2;3;9;6;9;3;4;8;13;7;7;8;5;3;6;5;7;1;3;4;2;1;5;1;3;2;2;5;2;0;1;2;0;3;1;2;2;1;2;2;0;2;1;1;0;0;0;1;0;0;0;0;0;0;0;0;0;0;0;0;0;0;0
280030805000617;1;632;631;193;124;157;55;11;1;7;0;15;3;12;1;14;6;4;0;26;3;0;3;1;0;0;0;0;0;0;0;0;1;0;1;11;3;7;7;8;2;7;6;4;6;5;4;11;6;9;8;12;6;13;14;11;11;15;11;15;7;13;15;17;18;9;10;8;12;14;6;10;9;10;5;12;14;8;4;14;2;9;8;9;8;11;6;10;14;12;8;13;5;13;4;6;5;12;5;4;2;2;1;2;3;3;4;2;2;1;4;2;2;0;1;0;1;2;1;1;0;0;0;0;0;0;0;0;0;1;0;0;0;0;1
280030805000618;1;779;758;210;155;222;70;3;3;14;1;15;0;11;2;9;4;0;0;39;0;21;3;0;0;0;2;1;0;0;0;0;0;0;0;3;7;5;9;14;7;11;10;16;10;16;9;11;15;10;19;11;12;15;14;9;19;12;14;21;8;17;17;11;7;22;16;12;16;18;14;12;19;14;26;11;12;12;15;12;11;15;11;7;6;14;13;11;4;9;13;7;10;3;7;3;3;3;1;5;4;3;2;1;2;2;2;2;0;1;1;1;2;0;1;3;1;0;1;1;0;0;0;0;0;0;0;0;0;0;0;0;0;0;0
280030805000619;1;741;741;210;122;193;103;5;9;11;3;41;0;16;0;27;1;0;0;0;0;0;15;1;0;1;2;1;1;1;1;2;1;3;1;16;12;13;18;20;18;16;7;15;15;16;13;13;19;20;13;8;19;14;13;21;12;12;13;19;17;13;16;17;15;14;18;17;14;20;10;16;10;12;9;6;19;11;6;6;7;8;3;9;5;3;1;6;2;6;3;2;1;5;1;2;1;2;2;0;1;2;1;2;0;0;1;1;3;1;0;0;0;1;0;0;0;0;0;0;1;1;0;0;0;1;0;0;0;0;0;0;0;0;0
280030805000620;1;738;737;212;122;181;113;5;8;11;4;29;1;15;0;19;2;6;1;8;1;0;7;0;1;0;0;0;0;0;2;0;1;2;1;17;14;10;5;12;13;13;19;13;12;13;16;7;14;23;11;14;9;16;11;10;21;11;22;12;15;9;14;21;17;13;11;15;16;12;10;9;9;10;11;10;10;7;9;6;7;4;12;10;11;11;13;9;5;10;1;5;5;2;5;8;7;2;1;2;0;2;3;3;1;1;1;2;1;3;0;2;1;2;0;1;2;2;1;0;0;0;0;1;0;0;0;0;0;0;0;0;0;0;0
280030805000621;1;592;590;193;114;137;57;7;2;12;3;14;0;10;0;15;4;12;0;12;0;0;10;1;2;0;2;1;1;1;0;0;2;0;0;10;5;5;9;4;11;6;11;5;15;11;9;8;9;8;12;12;14;8;12;14;9;13;8;9;14;11;13;9;8;17;8;8;12;10;5;13;10;10;8;10;8;5;5;15;10;7;9;5;8;2;8;9;6;10;10;1;5;4;2;1;2;5;5;2;0;1;3;6;4;4;1;2;1;1;1;0;0;0;0;0;1;3;0;0;3;2;0;0;0;1;1;0;0;0;0;0;0;0;0
280030805000622;1;527;523;180;109;93;54;14;3;10;1;18;1;7;0;8;0;12;0;16;1;0;9;0;1;4;1;1;0;0;1;1;0;0;0;10;5;3;6;3;3;7;5;1;6;3;7;12;6;7;11;4;8;8;10;7;7;7;6;12;15;10;17;14;12;11;11;7;11;15;12;10;10;8;9;12;7;4;8;4;9;5;7;4;7;8;8;4;7;10;3;3;5;5;5;5;4;4;5;4;3;0;1;2;2;2;4;1;1;0;1;2;2;0;1;0;2;4;1;1;1;1;1;1;0;0;0;1;0;0;0;0;0;0;0
280030805000623;1;945;945;331;199;205;78;12;5;10;9;25;3;10;1;13;1;14;0;27;2;0;12;1;1;0;0;1;3;0;0;0;2;2;2;14;8;11;7;13;9;11;10;6;17;14;13;9;10;8;12;14;13;12;6;24;19;14;18;9;21;14;21;19;19;20;23;21;16;15;23;18;14;14;15;17;15;21;14;22;12;15;11;16;9;15;10;17;13;15;11;8;8;7;9;6;9;5;12;4;6;4;5;1;3;1;3;2;9;2;1;1;4;4;2;0;1;1;1;1;1;1;0;1;1;0;0;0;0;0;1;0;0;0;1
280030805000624;1;432;432;159;74;66;55;9;4;7;1;8;0;9;1;17;2;14;1;5;0;0;7;1;0;0;1;1;0;0;0;2;2;0;0;3;8;6;6;6;4;4;3;6;6;2;2;6;2;2;5;8;8;4;10;7;11;19;16;13;10;11;4;10;9;10;6;7;7;11;13;5;4;7;5;8;9;2;9;6;4;2;4;3;7;5;5;9;7;5;3;2;3;3;5;5;3;1;4;3;4;1;5;3;1;1;2;1;0;0;0;1;1;0;0;0;0;0;2;0;0;0;0;0;0;0;0;0;0;0;0;0;0;0;0
280030805000625;1;407;407;179;63;50;60;0;1;6;0;11;0;9;0;11;1;13;0;3;0;0;2;0;1;0;0;0;1;0;0;0;0;0;0;9;4;2;5;4;6;3;1;2;1;2;5;4;3;4;4;6;10;7;7;11;8;10;12;13;12;14;11;10;10;9;8;3;8;8;3;8;5;0;6;6;10;7;4;4;6;10;4;7;8;4;4;3;6;3;4;7;5;3;3;3;3;2;4;2;5;3;2;2;2;2;0;0;0;0;0;3;1;1;2;1;0;0;0;0;1;0;0;0;0;0;0;0;0;0;0;0;0;0;0
280030805000626;1;76;76;22;18;24;8;1;0;0;0;0;0;0;0;0;1;0;0;2;0;0;1;0;0;0;1;0;0;0;0;0;0;0;0;3;0;1;4;3;0;1;1;0;1;0;0;3;1;0;1;1;2;1;2;2;2;0;0;2;1;2;1;2;2;2;2;1;2;1;4;1;1;2;2;3;1;0;5;0;2;0;0;1;1;1;1;0;1;0;0;1;1;0;0;0;0;0;0;0;0;0;0;0;0;0;0;0;0;0;0;0;0;0;0;0;0;0;0;0;0;0;0;0;0;0;0;0;0;0;0;0;0;0;0
280030805000627;1;1205;1205;340;234;312;119;40;17;11;4;41;1;20;2;39;20;1;0;4;0;0;25;4;2;2;0;3;0;2;2;1;2;5;2;25;21;27;23;23;24;17;27;18;31;21;24;30;24;24;22;20;16;20;24;29;22;19;26;28;26;28;25;21;15;20;25;26;27;19;22;17;33;11;27;13;15;20;12;15;11;16;5;8;14;5;12;12;11;10;5;3;2;3;9;4;3;4;2;2;4;4;5;4;1;1;2;3;1;0;3;2;1;0;0;0;1;0;1;0;2;0;1;0;0;0;0;0;0;0;0;0;1;0;0
280030805000628;1;851;851;257;185;190;113;23;6;9;1;17;0;20;2;19;1;8;0;0;0;0;24;2;1;6;1;2;0;0;6;1;1;2;2;16;26;27;15;18;13;9;15;9;18;27;15;20;14;14;12;12;16;12;17;14;18;21;16;28;33;9;30;22;22;31;18;19;16;18;15;11;14;12;11;12;11;10;4;5;3;8;2;5;7;3;6;4;5;7;2;5;0;2;1;0;3;2;0;2;0;1;0;0;4;1;0;2;0;2;0;0;0;0;1;0;2;0;0;0;0;0;1;0;0;0;0;0;0;0;0;0;0;0;1
280030805000629;1;756;756;219;131;177;102;6;12;6;1;68;3;8;0;20;2;0;0;1;0;0;6;0;1;1;0;0;1;0;0;1;1;0;1;8;12;5;8;13;7;5;12;7;12;16;11;10;8;13;6;8;7;8;13;16;11;12;17;16;23;15;15;10;22;15;9;10;17;10;16;9;10;14;12;18;12;13;10;12;6;5;5;14;9;6;16;10;7;14;11;11;9;12;4;9;8;6;4;5;4;3;2;3;2;2;5;2;2;1;2;3;1;2;3;0;0;0;1;3;1;0;1;0;0;0;2;1;0;0;0;0;0;0;0
280030805000630;1;692;692;212;126;181;81;15;3;5;0;28;3;18;0;14;5;1;0;0;0;0;16;0;1;2;1;1;1;0;2;3;1;2;2;9;10;12;10;11;14;11;10;11;11;6;17;10;11;10;12;13;11;13;15;21;11;19;18;13;12;12;18;19;19;13;17;13;8;12;6;11;7;11;13;13;14;7;9;9;11;6;9;7;7;7;9;6;3;5;6;6;2;3;5;3;2;3;3;0;2;3;2;1;1;2;0;1;0;1;2;2;0;0;1;0;1;0;0;0;0;1;0;0;0;0;0;0;0;0;0;0;0;1;0
280030805000631;1;952;952;285;205;270;93;14;10;6;3;22;0;16;0;16;2;1;0;9;0;0;7;0;0;0;0;0;1;0;2;1;0;2;1;18;9;10;10;17;8;14;18;10;15;11;17;21;19;14;14;20;22;16;7;23;18;13;17;17;14;15;19;10;23;15;23;19;18;19;15;18;29;17;22;9;16;12;24;22;18;18;14;8;8;19;9;15;14;7;8;4;10;4;8;5;4;3;6;2;2;2;1;1;1;3;1;1;1;1;0;0;1;1;1;1;0;0;0;2;0;0;1;1;1;0;0;1;0;0;0;0;0;0;0
280030805000632;1;440;440;137;79;89;71;7;6;5;4;10;2;12;0;4;1;6;0;7;0;0;7;0;0;1;0;3;0;0;2;0;0;0;1;3;10;5;6;7;3;9;5;5;4;3;3;8;3;9;4;4;10;5;10;9;8;10;15;10;11;8;7;10;9;14;6;13;7;5;12;6;5;7;6;4;6;2;9;5;6;3;0;3;6;2;6;3;4;2;10;6;5;7;5;4;3;3;7;3;1;4;2;2;3;0;0;0;1;0;0;0;2;1;1;0;0;1;1;1;1;1;2;1;0;0;0;0;0;0;0;0;0;0;0
280030805000633;1;721;721;232;131;146;118;10;10;6;1;34;0;11;0;10;1;10;0;1;0;0;14;0;2;3;1;2;0;1;0;0;1;3;1;7;12;9;13;2;3;6;5;10;9;12;3;12;8;6;12;18;10;17;15;21;16;18;18;22;24;17;15;18;15;13;17;15;12;12;12;13;16;8;12;13;13;7;8;12;5;11;7;9;10;11;5;6;9;12;7;8;5;5;6;1;2;4;1;4;2;1;1;1;3;4;2;1;0;2;1;0;3;0;0;0;1;0;0;0;0;0;0;1;0;0;0;0;0;0;0;0;0;0;0
280030805000634;1;646;646;179;108;167;74;9;15;7;2;49;0;9;0;17;0;7;0;3;0;0;8;1;0;1;1;0;0;0;0;1;0;1;3;7;8;8;8;6;2;11;7;6;10;5;9;13;6;7;11;7;12;4;13;16;20;15;20;16;19;18;22;10;12;11;8;13;8;10;4;9;7;7;6;9;7;5;1;4;11;9;10;6;5;9;9;10;12;14;17;11;5;4;5;3;9;6;8;8;6;0;5;3;2;1;1;2;0;0;1;1;3;1;3;0;0;0;0;0;0;0;1;0;0;0;0;0;0;0;0;0;0;0;0
280030805000635;1;643;643;225;103;116;103;9;4;9;1;21;0;17;0;15;2;13;1;4;0;0;8;0;1;0;2;0;2;0;3;0;0;0;0;2;13;7;4;9;9;7;5;4;6;9;10;2;11;14;11;13;12;19;19;20;23;13;15;11;16;9;11;16;14;9;9;11;11;11;9;8;14;6;3;15;7;12;8;13;7;15;9;7;9;3;12;6;7;6;10;7;2;5;5;3;4;5;2;0;1;3;4;0;2;3;1;1;3;2;2;2;0;0;2;0;2;0;1;1;0;0;0;0;0;0;0;0;0;1;0;0;0;0;0
280030805000636;1;508;508;194;106;81;51;2;1;10;0;7;1;18;0;19;0;15;2;1;0;0;1;0;0;0;0;0;0;0;0;0;1;0;0;12;9;6;3;4;4;3;5;7;6;9;3;6;8;13;7;4;5;8;7;13;12;14;7;8;14;10;27;17;21;12;20;7;14;12;10;10;13;6;8;7;9;2;7;13;1;5;5;7;8;2;3;2;6;1;3;3;3;5;4;3;1;2;1;2;3;3;3;0;0;1;2;0;3;0;1;0;0;1;0;0;1;0;0;0;0;0;0;0;0;0;0;0;0;0;0;0;0;0;0
280030805000637;1;660;660;244;149;104;81;7;6;15;3;15;0;18;0;12;0;5;0;1;0;0;13;2;1;1;3;2;0;0;0;1;1;2;0;22;9;11;11;10;10;7;8;9;4;11;7;7;6;7;4;7;11;8;6;11;8;16;23;26;27;19;30;30;25;23;13;19;13;13;11;10;5;10;6;10;8;7;12;5;10;6;5;2;7;6;2;5;3;4;0;2;6;2;6;2;0;1;1;3;0;2;4;1;1;0;0;0;1;2;1;1;3;0;0;1;0;0;0;0;0;0;0;1;0;0;1;0;0;0;0;0;0;0;0
280030805000638;1;750;750;293;120;80;82;6;2;15;2;13;0;35;0;34;2;51;1;14;0;0;12;2;1;0;3;3;0;0;2;0;0;1;0;11;4;8;8;6;4;6;6;4;9;7;4;7;7;10;9;10;26;37;33;29;30;35;22;26;21;24;32;25;26;18;14;13;16;13;11;11;7;10;15;7;8;5;5;12;7;5;6;3;3;5;4;2;4;6;5;4;1;2;3;2;2;1;2;4;2;1;3;1;0;3;1;1;1;1;1;0;0;1;0;0;0;0;0;0;0;0;0;0;0;0;0;0;0;0;0;0;0;0;0
280030805000639;1;818;818;252;190;242;43;5;7;15;4;8;0;15;0;13;1;3;0;20;0;0;16;5;1;0;1;1;1;2;1;0;3;0;1;11;21;12;9;11;10;12;14;9;12;8;14;7;9;10;7;12;15;12;12;8;8;15;13;6;16;15;16;15;22;17;16;25;13;23;19;15;30;14;16;11;9;17;12;14;12;17;10;14;9;9;2;5;9;5;6;12;10;4;10;5;7;3;1;4;4;2;2;3;3;2;4;1;1;1;0;0;2;0;3;0;2;1;3;0;0;0;0;0;0;0;0;0;1;0;1;0;0;0;0
280030805000640;1;667;667;199;123;148;118;15;5;4;1;34;0;5;0;7;0;4;4;0;0;0;14;1;2;2;1;1;3;0;0;1;1;0;2;14;13;19;9;11;8;10;10;13;12;16;11;16;12;14;12;21;16;12;17;12;16;14;15;15;11;23;11;19;9;15;12;18;10;7;6;13;7;7;11;6;8;7;9;5;9;8;1;7;7;6;7;3;6;3;3;4;3;2;3;1;4;4;2;1;2;3;0;2;1;1;1;0;1;0;0;0;0;2;2;0;0;1;0;0;0;0;0;0;1;0;0;0;0;0;0;0;0;0;0
280030805000641;1;1488;1488;417;274;384;240;22;11;13;2;59;0;33;2;23;1;7;0;0;0;0;38;4;1;6;2;5;0;4;1;4;3;6;2;27;33;45;30;33;38;29;22;28;38;41;32;27;30;27;31;25;29;23;24;21;39;34;37;30;22;27;46;36;38;28;27;30;28;24;19;25;29;18;21;16;32;18;22;14;13;13;10;8;7;6;9;10;8;5;10;5;6;3;4;3;5;1;4;4;2;1;1;2;1;0;1;1;2;1;1;2;0;1;2;0;1;0;0;1;0;0;0;0;1;0;0;0;0;2;0;0;0;0;0
280030805000642;1;614;614;168;104;140;78;4;8;22;2;39;1;26;2;12;8;0;0;0;0;0;6;0;0;0;1;0;0;1;2;2;0;0;0;7;1;6;5;8;3;7;7;10;7;10;12;7;10;9;15;16;15;9;16;23;14;11;12;12;12;11;16;11;9;7;8;5;8;1;8;4;7;10;5;3;10;14;9;7;13;18;13;14;10;10;7;16;8;7;8;4;7;10;2;2;1;2;3;6;3;0;2;1;1;1;4;2;4;1;1;0;1;0;0;0;2;1;2;0;1;1;1;0;0;0;0;0;0;0;1;0;0;0;0
280030805000643;1;705;702;196;125;193;98;2;9;12;0;31;0;15;0;18;1;4;0;1;0;0;8;0;2;0;1;1;1;2;1;0;0;0;0;6;7;8;9;6;7;9;11;8;7;13;14;14;8;13;12;14;11;17;14;24;16;13;17;16;19;18;20;13;13;19;7;9;6;10;10;9;14;6;9;7;4;10;8;14;10;16;15;9;17;9;12;5;5;10;5;13;6;5;4;5;3;4;0;1;4;4;0;1;2;1;0;1;4;0;1;0;0;0;1;0;0;0;1;1;0;0;1;0;1;0;0;0;1;0;0;0;0;0;0
280030805000644;1;633;633;181;109;162;97;4;9;4;3;34;1;15;0;11;0;3;0;0;0;0;7;0;1;0;0;2;0;0;0;1;1;1;1;4;6;7;8;12;9;8;9;9;3;6;2;4;15;5;13;11;11;11;17;16;14;17;26;18;11;17;15;9;11;4;9;10;6;6;9;10;7;6;12;7;8;11;14;8;12;9;14;13;14;5;10;4;8;6;7;13;4;3;3;2;5;3;1;3;4;1;4;2;3;3;1;1;2;0;1;2;3;0;1;1;0;0;1;0;1;1;1;0;0;1;0;0;0;1;0;1;0;0;0
280030805000645;1;855;855;313;194;174;77;15;2;8;3;11;0;20;1;24;2;8;0;3;0;0;17;3;1;2;1;0;2;1;1;1;2;2;1;19;18;10;10;12;13;15;13;9;13;14;9;7;16;6;8;8;10;14;10;14;19;17;19;23;25;27;37;28;37;24;30;35;36;25;8;15;18;15;11;13;10;13;9;10;7;7;8;3;5;2;9;4;2;2;2;5;5;1;4;1;6;3;1;1;1;0;0;0;2;0;0;1;0;0;0;1;0;0;1;0;0;0;0;0;0;0;0;0;0;0;0;0;0;0;1;0;0;1;0
280030805000646;1;823;823;308;183;159;78;9;4;5;1;12;0;14;0;31;19;0;0;0;0;0;17;3;3;3;3;2;0;1;0;0;2;0;0;8;12;10;13;14;9;9;8;10;12;15;12;1;11;17;14;12;15;11;20;13;16;15;11;22;28;28;29;30;33;25;25;32;16;22;21;13;16;9;6;20;10;15;6;10;7;9;6;6;4;8;5;4;3;4;5;6;2;3;3;2;3;1;4;2;1;2;2;0;3;0;2;2;1;0;1;0;0;1;0;0;0;0;0;0;0;0;0;0;0;0;0;0;0;0;0;0;0;0;0
280030805000647;1;1229;1229;367;211;258;125;4;11;66;4;53;0;68;6;44;9;3;0;0;0;0;20;1;2;2;0;2;1;0;2;5;1;2;2;22;20;21;23;22;24;20;24;20;30;20;25;21;24;21;24;23;27;29;20;15;27;26;30;31;24;26;26;24;29;22;18;29;15;31;24;15;17;14;25;14;16;10;18;15;14;13;12;11;13;8;5;10;6;4;8;3;10;7;7;6;10;4;7;2;4;2;7;2;5;3;1;3;4;3;2;1;2;2;3;0;0;0;0;2;0;0;0;0;1;0;1;0;0;0;0;0;0;0;0
280030805000648;1;638;638;193;118;145;85;14;9;0;1;46;1;12;0;7;7;0;0;0;0;0;11;0;0;2;0;2;0;1;0;0;3;2;1;13;11;9;13;2;8;8;7;6;9;12;10;15;22;8;11;9;16;14;13;25;13;17;15;21;15;15;12;6;11;13;10;13;4;12;7;11;7;10;7;8;8;8;9;10;9;9;12;6;8;4;8;5;2;2;6;4;2;3;3;4;2;2;4;2;1;2;2;2;1;4;3;0;2;1;0;2;2;0;1;0;0;0;0;1;2;0;0;0;0;0;0;1;0;0;0;0;0;0;0
280030805000649;1;367;367;136;64;73;46;6;0;5;0;6;0;8;1;22;0;0;0;0;0;0;11;2;0;1;1;1;1;0;1;0;2;1;1;7;6;2;6;1;5;7;4;3;7;5;6;8;5;6;6;3;5;4;7;5;6;6;6;9;5;7;8;8;10;9;14;10;11;13;5;7;2;9;5;12;8;11;8;6;5;2;3;5;10;3;1;1;1;2;4;4;2;1;0;1;0;1;2;1;1;0;0;1;1;0;0;0;0;1;0;0;0;0;0;0;0;0;0;0;0;0;0;0;0;0;0;0;0;0;0;0;0;0;0
280030805000650;1;366;366;139;71;69;42;2;0;5;0;10;0;11;0;7;2;0;8;0;0;0;7;2;0;0;2;1;0;0;0;1;0;0;1;5;5;7;5;3;8;4;5;4;3;2;2;5;9;5;6;6;8;6;11;8;14;11;7;4;7;9;12;16;15;8;10;8;13;4;10;6;6;6;5;7;5;5;9;4;6;5;4;2;2;3;0;3;1;1;4;3;1;0;1;0;2;0;0;0;0;0;0;1;1;0;0;0;0;0;0;0;0;1;0;0;0;0;0;0;0;0;0;0;0;0;0;0;0;0;0;0;0;0;0
280030805000651;1;867;867;262;179;239;78;13;8;7;1;16;0;16;0;12;19;9;0;8;0;0;9;2;0;1;2;1;0;0;2;0;0;1;0;10;8;5;9;8;8;11;8;18;13;7;14;15;11;16;11;16;9;20;18;28;13;31;14;12;16;21;22;18;18;20;18;18;13;8;15;12;13;10;8;12;20;15;11;12;10;13;16;7;11;12;17;9;7;16;8;8;12;6;12;8;7;7;7;7;0;2;4;1;3;2;3;1;1;2;0;1;1;1;0;1;0;0;0;1;0;0;0;0;0;0;0;0;0;0;1;0;0;0;0
280030805000652;1;298;298;105;69;64;22;6;1;1;1;2;0;8;0;8;2;8;0;1;0;0;8;1;0;3;0;0;1;0;0;1;0;0;2;4;4;5;3;2;5;3;1;1;3;4;3;7;0;2;5;9;4;6;7;3;8;6;8;6;8;10;17;11;8;9;8;9;1;9;9;4;7;5;4;4;3;2;6;2;3;0;7;5;4;2;3;2;2;3;2;0;0;0;0;1;3;0;1;0;1;1;1;0;0;0;1;1;1;0;0;0;0;0;0;0;0;1;0;0;0;0;0;0;0;0;0;0;0;0;0;0;0;0;0
280030805000653;1;403;403;167;92;60;35;0;1;3;0;4;0;18;0;11;8;2;0;2;0;0;5;0;0;0;0;0;0;0;1;1;2;0;1;7;4;8;8;3;1;4;7;2;7;3;3;5;6;4;6;4;8;6;10;6;11;11;18;19;13;16;16;11;19;15;11;12;13;6;4;12;8;3;7;8;3;2;2;9;4;3;3;3;3;5;2;1;0;2;1;3;1;0;0;0;0;1;0;1;0;0;1;0;0;0;1;0;0;2;0;0;0;0;0;0;0;0;0;0;0;0;0;0;0;0;0;0;0;0;0;0;0;0;0
280030805000654;1;309;309;115;68;51;39;4;1;5;0;4;0;9;0;6;0;5;0;2;0;0;7;1;0;1;1;1;1;0;0;1;1;0;0;5;6;5;5;1;5;1;1;4;5;4;3;3;2;4;1;8;2;1;6;6;9;9;15;7;9;8;11;11;11;12;9;8;6;12;9;4;3;5;8;2;6;3;7;3;2;5;3;2;7;2;2;0;2;2;1;0;2;3;0;0;1;0;0;1;0;0;0;0;0;0;0;0;0;0;0;0;1;0;0;0;0;0;0;0;1;0;0;0;0;0;0;0;0;0;0;0;0;0;0
280030805000655;1;380;380;158;89;51;34;6;2;4;1;3;0;9;0;6;0;17;0;0;0;0;9;0;0;1;3;0;1;1;1;0;0;1;1;5;10;3;3;4;0;1;6;4;0;7;1;2;2;3;2;5;10;11;2;3;4;10;17;20;18;23;15;22;14;17;10;12;10;10;6;6;7;10;4;3;2;4;2;1;3;2;2;2;3;3;3;4;4;1;0;2;3;1;0;2;1;0;2;0;1;1;0;0;0;0;0;0;0;0;0;0;0;0;0;0;0;0;0;0;0;0;0;0;0;0;0;0;0;0;0;0;0;0;0
280030805000656;1;442;442;179;89;66;55;4;0;7;0;5;0;17;0;7;0;13;0;0;0;0;7;3;0;0;0;1;0;1;0;0;2;0;0;10;6;9;5;6;6;4;9;8;2;5;6;7;8;2;1;5;3;8;6;7;14;15;15;17;13;19;17;20;21;24;13;13;10;9;7;9;4;3;7;5;4;4;1;3;5;4;3;3;3;1;1;2;1;1;1;3;1;2;0;2;0;0;2;3;0;0;4;1;1;0;0;0;0;1;0;0;0;0;0;0;0;0;0;0;0;0;0;0;0;0;0;0;0;0;0;0;0;0;0
280030805000657;1;572;572;190;80;82;85;10;6;12;1;15;0;25;0;16;1;46;0;3;0;0;7;0;3;0;0;1;0;0;0;2;1;0;0;3;5;7;7;4;6;7;3;3;7;8;4;6;9;4;7;16;16;12;13;15;25;19;18;19;16;21;13;13;11;8;15;12;11;11;5;7;8;4;6;8;9;3;12;6;5;7;4;3;10;7;4;2;6;8;3;6;10;8;6;2;4;2;3;1;3;2;2;2;4;1;0;0;0;1;1;2;0;0;0;0;1;1;0;1;0;0;0;0;0;0;0;0;0;0;0;0;1;0;0
280030805000658;1;829;829;310;162;146;102;11;0;11;1;17;0;22;0;15;0;15;0;17;0;0;13;0;0;1;1;0;3;2;1;0;0;2;3;12;12;14;4;9;12;7;8;10;11;6;11;11;14;10;10;13;14;16;21;14;19;20;13;14;16;21;19;35;28;25;23;17;21;20;20;22;11;13;21;13;8;8;17;11;10;16;6;7;11;6;6;3;5;7;8;3;5;5;3;7;7;0;4;0;1;2;3;3;2;3;0;0;0;0;0;1;1;1;1;0;0;1;0;0;0;1;1;0;1;0;0;0;0;1;0;0;0;0;0
280030805000659;1;562;562;174;91;130;86;4;3;4;2;12;0;23;0;21;1;1;0;10;0;0;3;0;0;0;3;0;0;0;0;0;0;0;0;3;4;5;4;3;6;8;7;6;7;8;2;14;13;3;13;20;17;13;19;10;15;10;8;11;11;8;9;6;5;9;9;3;5;3;6;7;4;12;12;10;11;4;9;10;7;9;8;8;19;9;13;8;16;5;9;1;5;5;4;5;2;8;2;3;0;3;5;1;1;1;2;1;0;1;3;1;0;0;2;1;2;0;2;2;0;1;0;1;0;0;0;0;0;0;0;0;1;0;0
280030805000660;1;462;462;184;83;82;53;2;2;5;1;8;0;13;0;8;1;14;1;5;0;0;6;0;1;0;0;1;0;0;2;0;0;2;0;6;7;6;2;2;7;6;4;4;6;6;8;6;11;5;9;10;8;5;7;7;5;8;6;9;8;16;15;17;18;13;7;12;11;13;8;16;9;11;6;9;9;13;5;4;8;5;5;3;9;4;4;6;2;2;4;1;2;1;0;2;1;1;2;1;3;1;0;0;1;0;1;0;0;0;0;1;1;2;1;1;1;0;0;0;0;0;0;0;0;0;0;0;0;0;0;0;0;0;0
280030805000661;1;151;151;57;35;31;16;1;0;1;0;3;0;3;0;2;0;0;0;2;0;0;2;0;0;0;0;2;0;0;0;0;0;0;0;2;0;2;1;2;1;3;3;1;2;2;6;1;0;4;0;2;4;1;1;3;3;1;4;1;2;2;3;3;3;6;6;9;4;4;4;4;0;5;2;1;3;3;3;2;2;2;2;1;1;2;1;3;1;1;0;1;2;2;1;1;1;2;1;0;1;0;0;0;0;0;0;0;0;0;0;0;0;0;0;1;0;0;0;0;0;0;1;0;0;0;0;0;0;0;0;0;0;0;0
280030805000662;1;254;254;98;60;53;25;0;0;4;0;1;0;4;0;2;0;3;0;4;0;0;9;0;1;0;1;3;1;0;2;0;0;0;1;3;5;4;2;1;3;2;2;4;2;1;2;2;2;1;5;3;4;4;4;3;1;3;3;5;3;8;11;8;5;10;4;10;5;7;6;7;5;6;7;2;6;4;4;5;5;2;5;3;4;3;2;2;0;3;1;1;3;2;3;1;1;0;3;1;1;0;0;0;1;0;0;0;0;0;0;0;0;1;1;1;1;0;0;0;0;0;0;0;0;0;0;0;0;0;0;0;0;0;0
280030805000663;1;442;442;212;73;53;60;2;1;1;0;5;0;19;0;10;0;2;0;4;0;0;5;1;0;0;0;0;0;0;1;0;1;1;1;4;6;6;4;3;1;8;3;5;1;5;6;4;7;7;3;4;9;12;9;10;8;9;7;8;14;9;9;16;10;11;8;15;4;5;6;10;4;9;9;13;9;6;6;8;9;10;11;11;6;6;5;4;4;5;1;2;5;1;1;1;2;1;2;1;5;2;1;2;0;1;2;0;1;1;0;0;0;0;2;0;1;0;0;0;0;0;0;1;0;0;0;0;0;0;0;0;0;0;0
280030805000664;1;551;551;183;91;86;85;13;5;5;0;32;3;15;0;14;0;17;0;1;1;0;15;0;0;2;2;0;1;0;1;2;2;3;2;11;4;5;8;9;7;6;13;8;9;11;4;6;12;2;6;14;9;10;13;14;16;9;17;13;11;16;17;18;13;12;12;11;14;7;6;8;8;6;7;8;11;4;8;7;6;5;10;1;6;6;8;6;3;3;1;3;3;2;1;0;0;4;2;2;1;1;3;3;1;0;1;2;2;4;0;0;1;0;2;0;0;0;1;1;0;0;0;0;1;0;0;0;0;0;0;0;0;0;0
280030805000665;1;440;440;154;69;76;55;1;5;3;1;38;0;16;0;13;7;1;0;1;0;0;8;2;1;0;0;0;0;2;3;0;0;0;0;6;7;3;9;5;7;8;6;4;8;3;3;6;5;6;7;8;5;9;8;7;8;10;20;9;10;14;10;8;15;11;5;5;8;9;12;9;6;5;9;6;8;3;5;3;7;4;3;2;4;6;5;2;8;3;5;1;4;1;6;2;2;5;1;4;1;0;3;3;0;1;0;0;3;0;2;1;0;1;1;0;1;0;0;1;0;1;0;0;0;0;0;0;0;0;0;0;0;0;0
280030805000666;1;782;782;311;145;108;109;14;2;13;2;9;0;21;0;22;0;19;0;7;0;0;20;2;1;2;1;4;0;2;1;0;2;4;1;6;13;7;10;10;10;7;5;14;7;8;6;16;17;12;9;10;13;14;15;15;17;17;13;21;21;22;15;21;23;20;25;18;25;18;16;13;18;19;19;18;8;16;10;11;7;13;8;3;6;2;4;6;0;2;5;7;3;4;5;1;4;4;4;2;2;2;0;2;1;2;2;1;3;0;2;1;1;0;2;1;1;0;0;0;1;0;0;0;0;0;0;0;0;0;0;0;0;0;0
280030805000668;1;625;625;173;82;118;121;3;9;3;1;74;7;14;0;15;0;3;0;2;0;0;6;0;1;0;1;2;1;0;0;0;1;0;0;9;6;7;6;7;9;6;5;9;10;8;11;7;10;10;7;16;10;12;9;16;12;9;15;7;8;14;10;11;17;8;14;14;16;13;15;14;11;7;10;7;7;10;7;7;5;6;5;2;6;7;2;4;3;9;9;8;3;8;3;8;3;9;8;3;2;6;0;5;6;3;1;2;2;3;3;0;5;3;1;3;0;2;2;1;1;0;2;0;1;0;0;0;0;0;0;0;0;0;1
280030805000669;1;585;585;152;72;91;106;5;12;3;0;87;3;16;1;34;1;2;0;0;0;0;8;1;2;0;0;1;0;1;1;1;0;0;1;8;4;6;6;6;7;8;6;15;9;7;10;11;12;10;8;15;6;10;15;8;7;7;8;8;11;10;10;12;14;9;12;9;12;18;9;11;9;9;9;8;9;7;6;9;5;9;3;4;6;5;5;3;2;3;9;4;2;4;5;5;4;4;3;6;7;3;2;5;5;3;5;7;3;3;8;1;4;1;2;1;1;2;1;1;0;0;0;0;0;0;1;0;0;0;0;0;0;0;0
280030805000670;1;707;707;263;154;150;62;5;1;4;1;11;0;12;0;28;0;11;0;5;0;0;15;2;0;3;1;1;4;0;1;1;2;0;0;13;15;12;7;11;3;5;3;9;8;7;8;5;9;10;13;10;8;9;13;11;19;15;9;21;18;25;26;26;30;24;20;23;16;22;10;16;10;13;16;9;10;9;11;9;7;4;5;6;9;6;4;5;1;3;2;1;6;4;2;7;1;5;3;1;2;0;2;1;3;0;1;1;1;0;1;1;0;0;0;0;0;0;0;0;0;0;0;1;0;0;0;0;0;0;0;0;0;0;0
280030805000671;1;644;644;207;116;122;106;6;2;9;1;14;0;9;1;12;0;13;0;23;3;0;6;1;1;1;0;0;1;0;0;0;0;2;0;2;2;8;6;3;7;8;5;6;11;11;8;6;7;8;14;14;13;18;13;17;14;14;13;19;13;12;13;9;15;12;8;11;3;17;9;12;8;9;12;18;13;7;6;8;10;13;12;10;10;7;4;7;7;2;7;2;5;3;7;9;3;6;5;3;2;6;2;1;0;5;1;0;3;2;0;4;5;1;1;1;3;2;1;0;0;0;1;0;1;0;0;1;1;0;0;0;0;0;0
280030805000672;1;796;796;231;158;244;83;0;3;6;5;13;0;8;0;23;8;0;0;13;1;0;11;1;0;0;0;2;1;0;4;0;0;2;1;9;13;11;11;16;14;10;12;6;15;9;16;14;10;14;16;14;11;16;5;16;15;12;8;11;13;14;12;8;11;12;11;13;15;10;13;19;14;17;28;16;12;10;15;12;18;7;6;6;15;18;16;9;9;4;10;6;10;7;2;4;2;0;3;2;1;2;3;3;1;3;0;4;4;4;1;5;4;0;4;2;1;1;2;3;0;0;1;0;0;0;0;0;1;0;0;1;1;0;0
280030805000673;1;660;660;198;120;139;96;11;10;10;1;36;3;15;0;21;0;0;0;0;0;0;4;0;0;1;1;0;1;1;0;0;0;0;0;9;10;13;6;5;8;7;7;9;12;8;14;10;9;9;12;10;9;13;11;12;13;11;13;11;22;12;13;11;15;9;11;11;13;10;11;9;6;16;3;8;11;9;13;12;6;14;6;9;8;1;9;8;8;9;6;6;7;1;6;4;6;4;6;3;4;3;3;4;2;4;7;2;3;3;3;1;0;1;1;2;0;3;1;0;2;0;0;1;1;1;0;1;0;0;0;0;0;0;0
280030805000674;1;476;476;126;70;90;83;0;13;4;0;68;0;6;0;13;1;2;0;0;0;0;12;1;1;1;1;1;0;3;1;1;2;0;0;8;6;6;4;5;3;7;7;4;4;10;7;7;7;6;9;4;14;12;4;12;7;13;15;12;13;15;9;2;3;8;4;7;12;7;2;6;5;10;3;6;4;6;7;8;12;3;5;5;7;7;11;8;4;4;5;4;3;4;5;3;3;0;4;2;3;4;1;1;3;2;1;2;1;2;1;1;3;1;1;0;0;0;1;2;1;0;1;1;0;0;0;0;0;1;0;0;1;0;0
280030805000675;1;278;278;79;49;60;51;4;5;3;2;17;3;0;1;4;0;0;0;0;0;0;6;1;0;3;0;0;0;1;0;1;0;0;0;5;5;5;7;1;5;3;7;5;6;5;1;4;5;8;8;7;8;4;7;6;5;7;9;5;5;3;5;3;7;2;2;4;4;3;4;0;3;6;7;3;4;2;5;4;4;4;2;4;4;3;5;1;1;3;0;4;2;1;2;1;1;0;0;2;0;2;2;0;0;1;2;2;1;0;0;0;0;1;0;0;0;0;2;0;1;0;0;0;0;0;0;0;0;0;0;0;0;0;0
280030805000676;1;761;745;226;138;168;107;10;10;6;0;44;1;17;0;13;2;7;0;0;0;12;12;0;1;1;0;1;1;1;1;0;0;2;4;14;9;10;14;15;10;14;13;9;14;10;10;10;11;18;14;10;14;12;14;15;25;23;10;17;15;20;27;17;17;16;19;9;17;16;13;10;12;14;10;8;12;7;8;9;5;6;9;6;14;4;4;5;4;6;7;4;2;3;6;7;7;4;4;2;2;2;1;4;1;3;1;1;3;1;1;1;3;1;0;0;0;0;1;1;1;0;0;0;0;0;1;0;0;0;0;0;0;0;0
280030805000677;1;434;434;165;78;77;65;6;1;6;0;1;0;16;0;13;1;4;0;1;0;0;6;0;0;1;0;2;0;0;0;2;1;0;0;6;5;5;5;7;6;8;3;9;9;5;4;4;4;4;8;4;11;9;8;12;16;8;15;8;9;11;8;6;16;11;12;13;11;9;8;10;9;10;5;3;7;10;8;7;2;2;5;9;4;6;4;0;3;3;3;3;1;3;1;2;1;0;0;0;0;0;0;2;2;0;0;1;0;0;1;0;0;0;0;0;0;1;0;1;0;0;0;0;0;0;0;1;1;0;0;0;0;0;0
280030805000678;1;603;603;214;115;115;87;3;2;7;1;19;0;11;1;18;0;5;0;5;0;0;10;1;0;1;1;1;0;1;1;1;0;1;2;12;13;8;9;7;12;4;4;8;6;9;10;8;3;12;11;5;14;15;8;13;9;7;9;11;10;14;13;16;12;19;8;13;13;6;16;14;14;17;16;13;7;8;7;8;12;6;9;9;9;2;5;7;8;5;2;5;6;0;6;5;5;3;2;0;1;1;1;0;1;1;1;0;2;3;0;2;0;0;0;0;0;0;0;0;0;2;0;1;0;0;0;0;0;0;0;0;0;0;0
280030805000679;1;607;607;228;130;94;52;6;5;9;3;11;0;19;0;22;2;23;0;3;0;0;15;0;3;1;1;3;0;2;0;1;3;0;1;14;8;12;6;2;8;7;7;4;5;6;4;4;6;6;6;5;23;13;15;16;20;18;14;12;21;15;24;26;34;17;13;7;13;13;7;13;7;9;3;6;7;4;6;4;4;10;4;3;4;4;6;5;5;4;6;3;4;7;5;5;2;4;1;1;0;1;1;0;4;1;0;3;0;2;0;1;1;0;0;0;0;0;0;0;0;1;0;0;0;0;0;0;0;0;0;0;0;0;0
280030805000680;1;17;17;7;4;2;0;0;0;2;0;0;0;1;0;0;0;0;0;1;0;0;0;0;0;0;0;0;0;0;0;0;0;0;0;0;1;0;1;0;0;0;0;1;0;0;0;0;0;0;0;1;0;0;0;1;0;1;0;0;1;1;0;2;1;1;3;0;1;1;0;0;0;0;0;0;0;0;0;0;0;0;0;0;0;0;0;0;0;0;0;0;0;0;0;0;0;0;0;0;0;0;0;0;0;0;0;0;0;0;0;0;0;0;0;0;0;0;0;0;0;0;0;0;0;0;0;0;0;0;0;0;0;0;0
280030805000681;1;437;437;130;100;124;33;4;3;6;2;3;0;3;0;6;0;5;0;17;1;0;8;0;1;0;0;1;0;2;1;1;1;1;0;8;4;7;5;5;5;6;7;11;1;5;5;4;6;4;6;11;6;5;10;6;8;7;7;9;7;6;11;5;7;13;9;7;5;5;6;15;8;14;6;6;10;2;4;6;10;10;6;6;9;6;7;6;8;5;5;5;2;11;2;2;4;0;2;1;0;2;0;1;0;0;1;0;1;0;0;1;1;1;1;1;1;0;1;0;0;0;0;0;0;0;0;0;0;0;0;0;0;0;0
280030805000682;1;507;507;203;92;89;58;4;0;5;3;7;1;15;0;15;0;9;0;6;0;0;4;1;0;0;0;0;0;1;1;0;0;1;0;8;6;7;11;4;6;10;2;5;8;4;5;3;4;8;8;4;9;12;16;14;8;10;8;14;7;7;8;11;11;10;13;17;13;9;18;12;12;6;9;6;9;14;6;11;7;7;4;2;5;7;1;6;5;4;7;4;4;2;0;4;6;3;2;2;4;2;0;1;1;1;1;0;1;2;1;0;1;1;0;0;0;1;0;0;0;0;1;0;0;0;0;0;0;0;0;0;0;0;0
280030805000684;1;786;786;304;183;159;47;3;0;14;4;4;0;29;0;13;0;23;0;3;0;0;20;0;1;2;2;3;1;0;4;2;2;2;1;15;10;18;5;10;11;7;6;12;7;6;8;8;11;13;7;11;11;13;12;15;19;21;25;26;39;32;37;40;31;29;29;29;21;14;12;9;8;14;15;6;6;11;7;6;4;6;3;3;6;5;5;3;3;2;1;1;5;3;1;2;0;0;0;2;1;0;3;1;1;0;1;1;0;0;0;0;0;0;0;0;0;1;0;0;0;0;0;0;0;0;0;0;0;0;0;0;0;0;0
280030805000685;1;442;442;164;109;72;38;7;1;11;1;6;0;10;0;11;3;7;0;2;0;0;10;1;1;0;2;1;1;0;0;1;0;3;0;11;7;5;2;4;6;6;5;5;6;5;7;6;5;3;5;4;7;6;11;2;5;5;12;9;19;16;18;32;19;23;17;15;13;8;15;7;11;4;8;6;5;6;2;2;3;3;2;3;2;1;3;2;0;1;1;3;1;2;1;1;0;1;0;3;0;0;1;0;0;0;1;0;0;0;1;0;1;0;0;0;0;0;0;0;0;0;0;0;0;0;0;0;0;0;0;0;0;0;0
280030805000686;1;631;631;248;146;108;35;0;3;33;1;2;0;24;0;12;9;4;0;6;0;0;11;0;0;4;1;1;0;1;1;0;3;0;0;11;8;13;13;11;9;4;5;9;7;4;10;9;7;2;4;7;6;4;8;14;17;11;11;19;24;32;29;36;19;26;24;19;15;15;18;8;7;9;11;5;5;10;4;9;7;2;10;6;4;4;4;1;1;4;2;4;1;4;2;2;0;1;2;0;1;3;0;1;0;0;1;1;0;1;0;0;1;0;0;0;0;0;0;0;0;1;0;0;0;0;0;0;0;0;0;0;0;0;1
280030805000687;1;359;359;133;87;68;35;0;1;4;1;8;0;5;0;6;0;7;0;3;1;0;8;3;0;0;0;0;0;2;0;1;1;0;1;11;4;8;4;2;2;3;2;9;3;4;3;4;5;1;3;1;9;3;5;5;7;14;4;7;12;14;20;16;19;16;12;6;11;5;6;7;6;7;7;5;8;6;3;3;3;3;4;1;0;2;2;0;2;3;2;3;0;3;1;3;1;0;0;1;0;1;1;0;0;0;0;0;0;0;0;0;2;0;1;0;0;0;0;0;0;0;0;0;0;0;0;0;0;0;0;0;0;0;0
280030805000688;1;980;980;352;215;193;102;8;2;11;4;13;0;28;0;29;6;12;3;2;0;0;24;1;2;3;1;0;2;2;2;2;4;2;3;23;11;16;16;16;10;18;13;10;14;9;8;12;11;12;11;13;10;16;21;12;15;15;16;23;17;35;36;30;49;37;32;27;21;23;24;26;25;19;24;15;11;10;15;16;7;7;9;7;7;13;6;5;5;6;7;3;4;4;2;3;4;1;2;1;2;1;0;0;2;0;0;1;1;0;0;1;0;0;1;0;0;0;0;0;0;0;0;1;0;0;0;0;0;0;0;0;0;0;0
280030805000689;1;819;819;260;162;182;99;10;7;4;1;29;0;12;0;19;4;28;0;2;0;0;10;0;0;2;1;0;1;0;3;2;0;1;0;11;12;15;8;10;10;16;16;15;20;15;14;20;17;12;12;16;19;8;16;17;18;14;12;17;14;18;19;16;13;18;22;31;21;20;23;18;12;21;16;16;16;14;12;10;6;7;6;6;8;5;4;5;4;2;6;1;5;2;5;5;1;4;0;3;3;0;2;0;2;4;0;1;0;0;0;1;0;0;1;0;0;0;0;0;0;0;0;0;0;0;0;0;0;0;0;0;0;0;0
280030805000690;1;756;756;214;159;230;57;9;6;14;4;15;0;11;0;14;5;5;0;13;0;0;9;2;1;0;0;0;0;0;0;0;3;1;2;10;4;13;10;13;6;5;15;8;15;20;6;9;11;12;12;9;10;13;12;8;13;16;13;13;11;19;12;10;11;9;17;15;8;11;18;16;8;9;16;18;16;13;28;18;12;19;10;15;13;5;13;16;7;7;6;9;2;5;2;3;5;1;3;5;1;4;0;2;4;2;1;0;0;3;3;1;2;0;0;0;1;0;4;1;0;0;0;0;1;0;0;0;0;0;0;0;0;0;0
280030805000691;1;764;764;199;132;180;137;11;11;8;1;46;5;11;0;21;1;1;0;0;0;0;13;3;1;2;2;1;0;0;0;1;1;1;1;9;15;13;18;16;8;7;12;16;11;19;21;20;11;19;22;17;16;23;18;22;16;10;14;17;12;15;9;12;13;8;15;10;16;14;10;8;7;9;16;10;16;5;7;12;9;8;6;12;7;13;10;8;2;9;6;4;2;4;0;4;1;1;6;1;3;1;1;0;0;2;2;1;2;2;1;1;1;1;1;1;0;1;0;0;0;0;1;0;1;0;0;0;0;1;0;0;0;0;0
280030805000692;1;520;520;184;118;100;59;13;2;5;4;4;0;14;1;14;2;0;0;0;0;0;10;0;0;2;1;2;2;0;0;1;0;1;1;7;8;5;5;5;5;11;8;6;6;11;16;11;10;6;14;6;5;4;7;6;10;11;11;14;16;14;21;11;10;20;16;8;17;13;14;15;8;12;13;10;8;15;4;5;4;4;3;4;5;6;4;2;2;3;1;2;2;0;1;0;1;0;1;0;0;1;0;1;0;0;0;1;0;0;0;0;0;0;0;0;0;1;0;0;0;0;0;0;1;0;0;1;0;0;0;0;0;0;1
280030805000693;1;392;392;141;104;0;109;5;2;4;0;2;0;5;0;5;1;14;0;0;0;0;10;2;0;1;2;0;0;0;0;0;2;1;2;7;5;9;8;6;9;4;1;3;9;5;6;2;7;3;3;2;2;3;5;5;5;4;11;13;11;16;17;15;17;7;16;12;11;12;13;9;8;6;10;4;7;8;3;2;4;2;3;1;2;2;5;3;1;1;2;3;1;0;4;0;1;1;0;2;0;0;0;0;0;0;0;0;0;0;0;0;0;0;0;1;1;0;1;0;0;0;0;0;0;0;0;0;0;0;0;0;0;0;0
280030805000694;1;550;550;166;85;81;108;7;17;8;0;51;0;12;0;7;1;7;0;0;0;0;4;0;1;1;1;0;0;0;1;0;0;0;0;4;8;12;4;8;8;3;8;4;6;7;6;6;8;11;5;6;16;8;9;9;14;10;8;14;15;16;10;21;13;16;14;9;7;9;3;8;10;4;8;7;4;4;7;10;4;7;4;6;10;2;13;2;10;5;5;3;3;3;6;8;6;3;7;4;3;3;2;2;1;1;4;3;4;2;2;1;1;1;2;0;2;3;0;0;0;1;0;0;0;0;0;0;0;0;0;0;0;0;0
280030805000695;1;582;582;168;92;109;95;2;14;7;2;32;1;22;1;20;6;8;0;2;1;0;12;1;1;1;2;0;3;1;1;1;1;0;0;2;12;11;8;9;3;8;1;8;8;9;9;10;13;6;9;5;9;7;14;9;16;5;13;11;7;13;15;8;15;7;14;14;15;9;6;15;10;7;11;9;9;8;11;6;6;9;7;5;6;8;5;3;4;5;5;8;4;3;1;4;2;2;4;5;3;3;3;0;2;6;4;3;4;2;2;3;2;4;1;0;1;0;0;0;1;2;0;2;1;0;0;0;1;0;0;0;0;0;0
280030805000696;1;652;652;156;95;177;104;0;21;3;0;75;0;6;0;11;2;2;0;0;0;0;11;2;2;0;0;1;1;0;1;1;0;1;2;12;11;13;12;5;19;20;13;17;15;15;16;9;19;15;15;13;11;8;8;13;13;9;13;15;12;11;8;15;14;11;7;10;8;11;12;8;12;13;5;11;7;7;11;10;10;6;4;3;4;5;1;4;6;4;3;5;4;5;2;4;1;6;8;3;5;0;2;3;1;2;1;0;0;1;1;0;1;2;0;0;1;0;0;0;0;0;0;0;0;0;0;0;0;1;0;0;0;0;0
280030805000697;1;848;848;232;157;177;134;8;12;10;2;40;8;24;2;38;4;0;0;0;0;0;12;1;1;0;2;0;1;0;1;1;2;1;2;17;20;25;12;14;12;14;17;13;17;18;19;14;14;18;15;14;18;10;17;11;17;17;18;15;15;15;11;14;11;15;14;13;25;19;33;16;8;9;25;17;17;11;11;18;14;7;5;3;6;0;3;3;4;6;4;8;4;1;4;8;5;2;0;4;3;1;2;1;2;4;2;1;2;3;1;2;2;0;2;0;0;0;1;0;0;1;0;0;0;1;0;0;0;0;1;0;0;0;0
280030805000698;1;644;638;189;122;145;79;13;7;10;3;37;5;12;0;10;6;0;0;0;0;4;12;0;1;3;0;1;1;1;1;1;2;1;0;7;17;9;11;6;9;9;14;9;14;13;15;9;13;7;4;9;11;10;11;10;15;20;14;13;9;7;12;14;19;9;9;10;15;13;10;15;11;5;10;5;14;8;9;12;9;8;5;7;8;5;5;2;8;4;3;5;4;6;6;1;3;1;3;3;2;4;3;3;3;2;5;1;3;2;1;0;2;1;4;1;0;0;1;0;1;0;1;0;0;1;0;0;0;0;0;0;0;0;0
280030805000699;1;602;601;169;113;138;87;16;13;4;0;49;3;1;0;6;1;1;0;1;0;0;19;1;2;5;1;2;2;1;2;1;1;0;1;18;11;17;11;10;7;9;12;9;15;9;7;9;8;13;7;6;7;13;16;9;14;15;12;14;16;16;12;14;25;6;11;6;9;5;11;7;5;7;9;8;6;8;10;9;4;3;6;6;8;7;5;5;5;7;14;4;2;0;3;0;1;3;1;1;0;1;1;0;2;1;0;2;2;1;1;1;1;3;0;0;1;0;0;0;0;2;0;0;0;0;0;0;0;0;0;0;0;1;0
280030805000700;1;700;700;204;120;158;97;14;15;9;0;47;0;14;0;15;4;3;0;0;0;0;12;1;0;0;1;2;1;0;2;2;1;2;0;8;10;11;8;14;8;10;5;12;12;18;17;18;18;19;10;10;7;14;13;13;19;12;18;21;10;14;11;13;8;10;15;17;8;14;10;12;7;6;9;18;8;6;10;15;10;10;13;8;7;4;9;4;9;2;3;1;4;3;8;1;3;4;4;1;4;2;6;1;1;0;2;4;3;3;2;2;0;1;0;0;0;0;2;0;0;0;0;0;0;0;0;0;0;0;0;1;0;0;0
280030805000701;1;672;672;191;118;156;80;9;3;26;2;32;0;32;3;13;2;1;4;0;0;0;11;2;1;0;1;0;0;1;0;0;3;3;0;10;7;12;15;10;14;9;9;13;9;12;13;14;11;11;16;16;10;12;11;10;20;12;16;15;10;12;17;9;10;12;9;11;12;13;11;7;10;6;10;19;6;15;7;8;5;8;8;8;3;11;6;3;7;6;5;2;3;3;3;3;4;7;2;4;5;5;0;2;1;2;0;3;1;3;0;2;2;2;1;2;2;1;0;0;1;0;1;2;0;0;1;0;0;0;0;0;0;0;0
280030805000702;1;659;659;184;128;148;104;10;12;5;0;40;0;8;0;11;2;7;0;0;0;0;14;1;1;3;1;1;1;2;1;1;1;0;1;16;12;20;16;11;16;8;16;11;16;12;17;7;13;8;10;11;8;9;14;16;13;11;15;25;14;18;18;11;17;13;12;13;11;6;9;9;7;6;7;6;9;5;17;6;10;5;8;5;5;4;1;7;3;4;2;3;6;0;5;5;5;2;3;1;2;2;1;2;0;1;0;0;1;2;0;0;2;0;1;0;0;0;0;0;0;0;0;0;0;0;0;2;0;0;0;0;0;0;0
280030805000703;1;603;601;184;111;139;84;9;3;6;1;30;0;15;0;10;0;11;0;0;0;0;11;2;3;0;1;1;0;0;1;1;1;1;0;14;8;13;11;9;11;7;7;6;15;11;8;9;17;7;14;12;11;15;12;9;15;10;13;15;12;14;13;15;14;7;12;9;10;11;6;10;9;7;5;10;12;5;10;9;7;5;5;6;9;11;2;4;4;5;5;4;1;4;5;4;2;2;4;4;4;1;1;2;3;1;0;1;1;1;2;1;1;0;0;0;1;0;0;0;0;0;0;0;0;0;0;0;0;0;0;0;0;0;0
280030805000704;1;833;833;221;152;220;126;47;7;1;1;35;0;4;0;15;4;0;0;0;0;0;25;4;3;2;1;0;0;4;0;4;1;3;3;11;18;10;17;13;13;24;16;19;33;33;27;19;23;16;20;15;16;11;19;18;20;13;10;18;18;17;9;17;15;13;12;20;21;18;8;16;10;16;18;13;8;11;16;3;11;9;8;6;6;1;4;3;1;4;1;4;2;2;3;1;2;2;3;0;0;1;0;1;0;1;0;0;0;0;0;0;0;0;1;0;0;0;0;0;0;0;0;0;0;0;0;0;0;0;0;0;0;0;0
280030805000705;1;1247;1247;363;236;296;169;42;16;12;3;52;0;22;1;30;2;3;0;0;0;0;20;0;3;1;1;2;3;2;3;0;2;1;2;23;27;21;15;20;20;21;20;32;29;24;28;27;26;17;32;20;27;28;24;17;29;32;33;31;18;25;28;23;21;19;25;20;18;26;21;21;20;27;22;20;20;22;13;13;12;14;10;13;11;8;11;9;6;9;7;3;5;4;9;6;6;3;2;3;2;3;5;1;2;4;0;2;4;0;1;1;0;0;1;0;0;0;1;1;0;1;0;0;0;0;0;0;0;1;0;0;0;0;1
280030805000706;1;804;804;212;141;208;106;6;20;4;3;63;0;17;1;20;1;2;0;0;0;0;14;2;2;0;0;2;3;1;0;1;0;1;2;17;10;11;10;9;16;10;10;13;14;17;10;14;15;11;10;16;8;4;9;6;10;13;16;16;11;16;22;19;10;25;19;14;14;17;21;16;12;20;15;12;16;10;8;9;10;7;8;3;10;7;3;7;6;10;8;8;15;3;10;10;5;3;5;3;4;4;4;3;9;0;7;0;3;2;3;2;1;0;0;1;0;1;1;0;0;1;0;0;0;0;0;0;2;0;0;0;0;0;0
280030805000707;1;395;395;107;78;103;61;9;4;0;3;22;1;3;0;4;0;0;0;0;0;0;11;1;2;1;0;1;1;0;2;1;0;0;2;12;6;7;8;10;9;6;4;5;9;5;8;6;13;10;13;2;9;3;13;4;7;8;10;7;9;8;9;11;10;4;6;7;11;9;8;5;10;4;10;4;5;3;4;4;6;3;2;4;6;1;0;3;4;1;2;2;2;2;1;0;3;0;0;0;3;0;0;0;1;0;0;0;1;0;0;0;0;1;1;0;0;0;0;0;0;0;0;0;0;0;0;0;0;0;0;0;0;0;0
280030805000708;1;796;796;223;137;211;123;5;9;8;3;47;2;13;3;9;0;3;0;0;0;0;10;0;0;1;2;0;2;0;0;0;2;1;2;16;8;13;12;10;20;13;10;18;16;28;18;16;22;15;23;16;13;10;21;17;19;20;18;13;12;14;13;13;19;13;14;6;19;7;14;12;9;13;10;12;14;10;9;10;10;8;10;8;10;9;11;4;4;4;3;3;5;5;1;6;3;0;8;1;2;0;1;5;2;3;0;1;2;1;1;2;3;0;1;0;0;0;0;0;0;0;0;0;1;0;0;0;0;0;0;0;0;0;0
280030805000709;1;704;704;203;128;176;96;21;8;4;3;39;1;12;1;6;6;0;0;0;0;0;21;1;2;1;1;1;2;0;1;4;4;3;1;8;21;21;16;10;9;8;9;14;16;9;13;17;10;18;14;17;11;16;18;16;13;14;17;24;14;8;10;14;7;14;13;15;11;14;7;8;10;8;9;7;9;8;12;12;12;8;5;5;10;14;7;6;4;7;2;2;6;2;2;1;1;2;3;0;1;1;2;3;1;0;0;2;0;2;0;0;2;0;0;0;0;0;0;0;1;0;0;0;0;0;0;0;0;0;0;0;0;0;0
280030805000710;1;671;671;159;103;197;89;4;15;17;1;34;1;21;0;7;23;0;0;0;0;0;9;0;0;3;1;0;1;1;0;1;0;1;1;5;9;10;10;11;6;7;11;7;18;14;16;10;29;16;15;13;12;10;17;24;13;20;18;14;13;25;13;14;16;11;8;5;17;13;7;5;13;15;25;21;8;7;7;10;7;8;7;2;5;4;4;2;2;3;0;2;3;4;6;2;0;0;0;0;1;0;0;0;1;1;0;4;1;1;1;0;0;0;3;0;0;0;0;0;0;0;0;0;0;0;0;0;0;0;0;0;0;0;0
280030805000711;1;732;732;202;120;166;98;14;13;3;1;62;4;19;0;26;2;2;0;0;0;0;16;1;3;1;0;1;2;2;2;1;0;1;2;11;14;14;15;8;13;15;15;17;9;21;17;13;13;12;14;19;17;14;13;19;7;17;10;12;16;10;14;16;13;12;22;16;12;15;10;14;9;12;6;7;7;3;9;9;8;10;12;7;7;7;7;7;1;8;4;4;3;6;6;6;3;2;3;4;1;2;1;3;2;1;2;1;1;0;3;0;0;0;1;0;0;0;0;0;1;0;1;0;0;0;0;0;0;0;0;0;0;0;0
280030805000712;1;846;846;242;148;172;122;9;13;35;1;38;0;39;0;27;0;0;0;0;0;0;10;1;0;0;1;1;0;1;1;1;0;2;2;16;14;17;14;13;12;21;5;20;10;15;18;16;19;18;14;14;14;10;11;25;22;19;23;19;16;16;22;26;25;21;21;10;14;12;9;13;9;9;9;12;9;7;6;13;19;3;5;15;11;7;8;6;6;10;8;9;1;4;4;1;2;4;1;4;2;1;2;2;4;3;1;1;3;0;2;0;2;1;1;0;1;0;0;1;1;0;1;0;0;1;0;0;0;0;0;0;0;0;0
280030805000713;1;613;613;165;98;119;137;14;13;1;2;48;0;8;0;7;0;1;0;0;0;0;13;2;1;1;0;2;0;3;0;1;1;1;1;11;15;16;9;9;12;10;16;9;12;13;11;12;7;10;23;11;14;10;14;9;14;9;16;15;13;9;8;7;10;5;17;7;10;3;14;14;20;17;9;6;8;6;4;7;8;7;9;6;8;0;6;2;3;3;4;3;5;4;4;1;5;1;0;3;1;3;1;3;1;0;0;0;1;0;1;1;1;0;2;0;1;0;0;1;0;0;0;0;0;0;0;0;0;0;0;0;0;0;0
280030805000714;1;595;"X";"X";"X";"X";"X";"X";"X";"X";"X";"X";"X";"X";"X";"X";"X";"X";"X";"X";"X";"X";"X";"X";"X";"X";"X";"X";"X";"X";"X";"X";"X";"X";"X";"X";"X";"X";"X";"X";"X";"X";"X";"X";"X";"X";"X";"X";"X";"X";"X";"X";"X";"X";"X";"X";"X";"X";"X";"X";"X";"X";"X";"X";"X";"X";"X";"X";"X";"X";"X";"X";"X";"X";"X";"X";"X";"X";"X";"X";"X";"X";"X";"X";"X";"X";"X";"X";"X";"X";"X";"X";"X";"X";"X";"X";"X";"X";"X";"X";"X";"X";"X";"X";"X";"X";"X";"X";"X";"X";"X";"X";"X";"X";"X";"X";"X";"X";"X";"X";"X";"X";"X";"X";"X";"X";"X";"X";"X";"X";"X";"X";"X";"X";"X"
280030805000715;1;979;972;275;179;210;132;24;11;21;2;52;0;28;0;24;0;13;0;1;0;7;14;0;0;1;2;1;2;0;1;1;2;3;1;10;5;19;16;18;10;18;17;14;12;19;19;21;25;24;29;18;18;22;16;15;21;16;20;21;22;24;18;23;20;15;21;21;15;17;16;21;12;10;17;17;17;7;12;14;23;12;11;12;4;4;6;3;5;9;5;9;4;7;7;2;4;2;4;9;4;3;2;5;4;3;4;1;1;1;1;3;1;0;3;1;1;0;0;2;1;0;0;0;0;0;0;0;0;0;0;0;0;0;0
280030805000716;1;996;996;300;193;261;130;20;9;7;4;42;1;15;0;14;0;0;0;0;0;0;11;1;0;0;2;1;0;2;1;1;1;1;1;11;17;13;16;25;12;12;21;17;28;22;15;18;23;16;23;16;18;22;13;21;20;19;22;21;22;19;18;23;9;20;16;15;17;17;22;14;22;18;14;13;12;8;11;15;13;10;12;15;16;11;9;6;8;14;11;5;3;8;7;4;4;4;5;6;2;3;0;4;4;0;1;0;1;0;0;1;3;1;1;0;0;3;0;2;0;1;0;0;0;0;0;0;1;0;0;0;0;0;0
280030805000717;1;752;752;226;163;158;95;13;10;5;4;36;3;13;1;19;3;3;0;0;0;0;12;0;0;0;2;0;0;0;1;4;2;1;2;8;14;18;11;5;11;6;11;8;16;9;14;13;6;14;19;10;17;13;20;17;16;15;11;11;9;16;13;19;14;13;12;10;15;16;17;12;17;15;17;19;17;14;15;12;12;10;8;11;8;7;7;4;5;4;5;8;4;3;1;4;2;2;1;3;2;0;2;1;3;1;1;0;1;1;4;2;1;0;0;0;0;2;0;1;3;1;0;0;0;0;0;0;0;0;0;0;0;0;0
280030805000718;1;883;883;244;171;239;111;4;10;6;4;57;4;13;0;16;4;0;0;0;0;0;22;3;1;1;6;2;0;1;4;1;1;1;1;21;19;10;21;18;8;21;9;14;14;18;17;12;19;20;17;16;18;17;20;25;22;12;25;16;16;22;22;20;23;12;18;15;9;11;11;13;8;12;13;12;18;12;17;10;14;7;16;8;3;11;5;4;11;2;1;3;4;4;8;1;3;3;2;3;2;1;2;1;2;3;0;1;1;1;1;0;2;2;2;0;2;0;0;0;0;0;0;0;0;1;1;0;0;0;0;0;0;0;0
280030805000719;1;875;873;250;156;190;140;49;7;5;1;25;3;16;1;15;14;3;0;0;0;0;26;0;3;3;2;4;0;3;3;4;0;3;1;14;25;12;21;22;20;21;22;26;22;24;21;15;15;19;16;14;18;12;11;16;17;17;24;17;24;13;21;17;13;11;21;19;10;11;13;17;10;6;13;10;10;17;11;7;7;12;9;7;7;4;7;10;5;3;7;6;5;2;2;1;2;1;3;0;2;2;0;0;1;1;1;0;0;1;1;1;0;1;1;0;1;0;0;0;0;0;0;0;1;0;0;0;0;0;0;0;0;0;0
280030805000720;1;400;400;110;66;91;76;2;5;5;0;32;2;4;0;6;1;0;0;0;0;0;7;1;0;1;0;1;0;1;0;0;2;0;1;5;3;9;3;4;8;6;5;6;7;9;8;4;5;8;12;9;10;4;10;8;5;9;2;4;6;7;7;5;8;4;6;1;2;9;4;3;7;3;7;10;11;8;14;4;11;4;9;8;7;2;4;1;3;2;3;1;5;2;3;5;4;0;3;0;2;1;2;1;0;2;0;1;2;0;0;3;3;3;0;1;1;1;1;0;1;0;0;1;1;0;0;0;0;0;0;0;0;0;0
280030805000721;1;777;777;249;143;174;118;1;12;8;1;31;1;21;1;14;3;0;0;0;0;0;9;0;2;2;3;0;2;0;0;0;0;0;0;4;15;7;14;12;8;13;13;15;8;17;9;19;13;15;16;13;11;7;14;13;14;15;22;21;13;17;16;10;18;12;16;13;31;15;19;11;12;8;18;6;15;11;10;12;7;11;12;8;9;6;7;7;4;10;6;5;3;4;10;4;4;4;3;3;1;3;1;3;2;2;2;2;1;0;1;3;1;1;2;0;2;1;0;0;0;0;1;1;0;0;0;0;0;0;0;0;0;0;0
280030805000722;1;614;614;179;116;137;63;32;10;8;0;35;0;13;0;19;0;0;0;2;0;0;7;1;0;1;0;0;2;1;0;1;0;0;1;15;11;8;10;12;7;11;11;5;12;6;9;14;4;11;11;9;9;17;16;7;16;13;15;12;18;9;15;13;7;10;7;13;11;9;6;11;13;8;11;6;13;6;6;5;13;10;10;6;11;2;5;4;4;5;6;4;4;6;5;2;3;0;2;2;1;1;4;3;4;1;1;2;1;1;4;3;0;0;3;1;0;2;0;2;1;0;0;0;0;0;0;0;0;0;0;0;0;0;0
280030805000723;1;1084;1084;308;187;255;182;26;22;4;1;65;0;10;0;24;0;0;0;0;0;0;22;3;5;2;0;1;1;2;2;0;2;1;3;24;28;31;23;20;20;20;15;24;24;21;23;26;27;25;39;21;25;24;32;28;23;15;21;13;19;17;23;18;20;12;11;12;13;23;14;9;15;17;15;15;14;11;8;15;11;12;15;11;14;3;5;4;4;8;6;3;6;5;5;7;5;0;4;5;1;1;4;5;4;4;3;1;0;1;2;0;1;1;1;0;0;0;2;1;2;0;0;0;1;0;0;0;0;0;0;0;0;0;1
280030805000724;1;654;654;186;115;135;132;15;7;3;2;36;0;12;0;10;0;1;0;0;0;0;7;0;0;1;1;0;0;1;0;1;2;1;0;16;12;8;10;14;11;11;18;17;17;12;17;16;19;11;13;22;15;13;7;11;13;17;10;17;14;15;7;8;6;10;7;13;9;10;7;8;16;10;9;14;13;11;9;6;9;7;8;7;6;5;5;4;6;6;4;2;2;3;2;2;1;2;1;0;0;0;0;2;2;1;0;1;1;1;1;0;0;0;0;1;1;2;1;0;1;0;0;1;0;0;0;0;0;0;0;0;0;0;0
280030805000725;1;955;955;268;190;271;119;22;2;3;3;34;0;9;0;21;1;12;0;0;0;0;21;2;2;0;3;2;0;2;3;2;1;1;3;24;22;25;17;19;21;21;24;22;27;28;19;35;25;16;15;20;17;18;14;18;20;19;18;24;13;18;20;19;17;16;27;18;11;18;8;24;13;19;18;11;11;6;7;7;3;12;3;6;9;6;6;4;6;6;4;3;4;1;2;1;0;5;3;2;3;2;1;3;1;2;0;0;1;0;1;1;0;1;2;0;1;0;0;0;0;0;0;0;0;0;0;0;0;0;0;0;0;0;0
280030805000726;1;885;885;237;149;232;130;9;18;7;4;54;2;12;0;26;1;4;0;0;0;0;11;0;1;1;1;2;0;0;0;3;0;1;2;9;17;14;20;18;17;15;13;15;15;15;15;18;24;26;18;21;18;7;11;23;17;23;19;22;21;17;21;15;15;12;16;11;13;15;14;16;19;18;14;13;7;11;15;10;7;7;9;11;13;10;4;4;5;12;7;5;1;6;5;2;2;3;3;2;2;3;2;2;3;2;3;0;2;2;0;3;1;0;0;2;2;1;0;0;1;1;0;0;0;0;0;0;0;0;0;1;0;0;0
280030805000728;1;197;197;78;42;26;21;2;1;4;0;2;0;9;0;8;0;1;0;3;0;0;1;0;0;0;0;0;0;0;0;0;0;0;1;6;4;2;0;5;1;2;5;0;1;1;1;2;2;1;4;5;3;3;5;10;7;5;6;6;4;6;7;8;5;5;9;6;4;2;2;1;3;3;3;4;3;1;1;3;1;1;3;1;4;2;1;0;3;0;1;5;2;1;1;0;0;0;0;0;0;0;0;1;0;0;0;0;0;1;0;0;0;0;0;0;0;1;0;0;0;0;0;0;0;0;0;0;0;0;0;0;0;0;0
280030805000729;1;902;902;248;164;231;95;4;17;14;4;60;1;14;0;24;11;1;0;14;0;0;5;0;0;0;1;0;1;0;0;1;0;0;2;4;15;4;13;6;7;9;7;7;13;10;3;8;6;7;5;9;12;14;9;16;17;17;23;24;34;23;26;18;25;16;20;11;12;15;12;10;7;8;7;11;7;4;6;9;9;11;12;4;16;16;10;20;11;14;23;20;18;17;7;14;16;14;8;12;11;5;12;3;6;6;1;4;3;4;3;1;0;1;2;2;1;3;1;3;1;1;1;1;0;3;0;0;0;0;0;0;0;0;0
280030805000730;1;881;881;236;160;237;101;8;13;16;7;42;2;18;0;22;1;4;0;14;0;0;4;0;0;0;1;0;1;0;0;0;2;0;0;4;9;8;9;5;5;5;7;6;8;3;8;9;10;5;9;11;19;12;20;20;21;25;23;22;25;21;21;20;19;10;17;14;8;13;8;10;9;4;12;7;8;6;12;6;7;11;12;8;17;12;14;15;19;21;18;17;15;11;11;23;7;11;13;9;5;4;3;4;7;7;4;3;5;2;4;1;3;2;2;1;2;1;1;5;0;1;2;0;2;1;1;0;0;0;0;0;0;0;0
280030805000731;1;83;83;27;15;14;15;7;1;0;0;3;0;0;0;1;0;0;0;0;0;0;3;0;0;1;1;0;0;0;0;1;0;0;0;5;1;4;0;1;2;1;2;1;5;3;1;1;3;0;5;1;1;1;2;3;2;1;1;0;0;1;1;2;1;1;1;0;1;0;3;2;2;1;1;1;1;1;2;1;1;2;2;0;1;0;0;0;0;0;0;0;0;0;0;0;0;0;0;2;1;0;0;0;0;0;0;0;0;0;0;1;0;0;0;0;0;0;0;0;0;0;0;0;0;0;0;0;0;0;0;0;0;0;0
280030805000732;1;6;"X";"X";"X";"X";"X";"X";"X";"X";"X";"X";"X";"X";"X";"X";"X";"X";"X";"X";"X";"X";"X";"X";"X";"X";"X";"X";"X";"X";"X";"X";"X";"X";"X";"X";"X";"X";"X";"X";"X";"X";"X";"X";"X";"X";"X";"X";"X";"X";"X";"X";"X";"X";"X";"X";"X";"X";"X";"X";"X";"X";"X";"X";"X";"X";"X";"X";"X";"X";"X";"X";"X";"X";"X";"X";"X";"X";"X";"X";"X";"X";"X";"X";"X";"X";"X";"X";"X";"X";"X";"X";"X";"X";"X";"X";"X";"X";"X";"X";"X";"X";"X";"X";"X";"X";"X";"X";"X";"X";"X";"X";"X";"X";"X";"X";"X";"X";"X";"X";"X";"X";"X";"X";"X";"X";"X";"X";"X";"X";"X";"X";"X";"X";"X"
280030805000733;1;261;256;83;62;61;13;7;5;5;0;9;0;2;0;1;1;4;0;5;3;0;6;1;1;1;0;0;0;1;0;1;0;1;0;4;4;1;4;2;4;3;6;1;1;4;5;3;3;2;1;4;2;3;4;5;5;2;5;5;3;6;4;8;6;5;7;2;5;4;5;6;2;7;6;6;3;3;5;1;1;5;4;6;4;1;3;3;4;2;4;2;4;7;3;3;2;3;4;1;0;1;1;1;2;1;0;0;1;0;0;0;0;2;2;0;1;0;0;0;0;0;0;0;0;0;0;0;0;0;0;0;0;0;0
280030805000734;1;73;73;27;21;14;4;0;0;1;0;1;0;1;0;1;1;2;0;0;0;0;0;0;0;0;0;0;0;0;0;0;0;0;0;0;0;0;0;2;0;0;0;1;1;0;0;0;0;1;4;0;3;2;1;1;2;0;1;0;0;1;0;2;0;1;0;2;2;1;1;1;0;1;2;2;1;0;0;1;2;0;1;3;2;3;0;4;1;3;3;3;1;1;0;0;0;2;1;1;1;0;1;0;0;1;0;0;1;0;0;0;0;0;0;0;0;0;0;0;0;0;0;0;0;0;0;0;1;0;0;0;0;0;0
280030805000735;1;49;49;13;9;16;2;2;0;0;0;1;0;0;0;2;4;0;0;0;0;0;2;0;0;1;0;0;0;0;0;1;0;0;0;0;1;1;0;1;1;0;0;2;1;1;1;0;1;1;1;2;2;2;2;0;1;0;0;1;0;2;0;1;0;2;0;0;0;1;1;1;2;0;3;1;0;1;1;0;2;0;0;2;0;0;0;0;1;0;0;1;0;0;0;0;1;0;0;0;0;1;0;0;1;0;0;0;0;0;0;0;0;0;0;0;0;0;0;0;0;0;0;0;0;0;0;0;0;0;0;0;0;0;0
280030805000736;1;477;477;135;85;127;66;7;7;1;2;31;2;4;0;8;1;1;0;0;0;0;5;0;0;1;0;0;2;0;0;0;0;0;2;11;5;8;11;6;9;10;10;4;4;9;8;5;8;7;8;7;6;7;14;8;12;15;12;16;8;14;6;11;7;8;11;9;7;12;11;4;5;6;5;8;5;4;3;8;5;7;5;6;3;1;3;1;3;0;4;4;2;3;4;5;4;1;4;2;3;2;5;2;3;0;2;2;1;2;1;1;1;0;1;1;0;3;0;1;0;1;0;0;0;1;0;0;0;0;0;0;0;0;0
280030805000737;1;486;486;144;102;132;55;15;6;4;0;18;0;5;0;4;0;1;0;0;0;0;8;0;0;1;0;1;2;0;1;1;0;0;2;6;11;10;8;8;2;11;13;12;7;13;7;10;11;6;10;5;8;8;9;8;13;8;9;6;10;13;9;7;14;7;7;7;10;10;8;4;7;6;7;7;12;9;4;6;6;5;8;3;7;4;5;8;3;3;4;4;1;0;4;1;2;4;4;4;2;1;2;1;1;0;1;0;1;1;0;0;2;0;0;0;0;0;0;1;1;0;0;1;0;0;0;0;0;0;0;0;0;0;0
280030805000738;1;546;546;155;104;128;77;14;4;10;1;42;0;4;1;4;1;1;0;0;0;0;9;1;2;3;1;0;1;0;0;0;1;0;0;13;7;13;10;5;11;4;14;12;8;14;11;19;10;15;10;16;11;8;13;13;8;10;15;17;7;15;9;10;8;5;10;12;12;15;7;7;6;6;8;5;5;3;6;8;4;4;4;3;3;1;7;3;2;1;6;3;2;1;2;3;2;0;2;2;0;3;5;0;0;0;1;0;2;4;1;1;1;2;3;0;4;2;1;0;0;0;0;0;1;0;0;0;0;0;0;0;0;0;0
280030805000739;1;854;854;241;169;236;90;16;8;10;2;38;4;12;3;22;0;1;0;2;0;0;18;1;1;2;1;0;1;4;2;3;0;2;1;17;10;13;14;12;20;15;19;28;17;28;15;15;13;15;12;12;10;15;10;9;19;17;15;11;13;22;23;18;23;16;21;12;16;20;14;9;18;14;13;21;6;5;10;8;9;9;8;7;11;7;5;6;2;6;9;8;3;5;4;3;7;6;4;0;4;0;2;4;3;3;0;2;0;2;0;1;1;1;2;3;0;0;1;2;0;0;1;0;0;0;0;0;0;0;0;2;0;0;0
280030805000740;1;849;849;281;201;185;70;14;7;14;2;22;0;15;0;28;10;0;0;0;0;0;16;1;1;1;3;2;0;2;2;1;3;0;0;8;18;16;17;17;20;8;11;13;10;9;15;9;11;13;10;7;7;7;12;9;20;17;18;20;29;32;24;22;29;18;16;15;16;21;22;19;21;11;17;18;13;13;9;13;10;15;15;8;6;11;8;5;3;5;6;2;4;4;5;2;3;4;0;1;2;0;3;2;1;0;0;0;2;0;0;0;0;0;1;0;1;0;3;0;0;0;0;0;0;0;1;0;0;0;0;0;0;0;0
280030805000742;1;485;485;153;120;147;23;3;3;10;0;7;0;6;0;6;2;0;0;5;0;0;9;0;2;1;3;0;1;0;1;0;0;0;1;8;9;8;8;9;10;9;6;7;9;3;11;10;6;12;3;3;9;7;7;10;6;3;5;1;6;11;11;16;16;11;13;29;16;11;18;11;7;10;13;7;8;8;3;6;6;7;6;2;3;2;3;4;3;2;3;1;2;3;2;3;4;4;0;0;0;0;2;1;0;0;1;0;0;0;0;0;0;0;1;0;0;1;0;0;0;0;0;0;0;0;0;0;0;0;0;0;0;0;0
280030805000743;1;641;641;226;144;139;63;12;2;18;3;6;0;9;1;11;4;1;0;2;0;0;10;0;0;0;0;2;0;1;2;1;1;3;0;15;9;8;14;8;17;17;7;5;7;8;4;8;10;4;9;5;8;9;7;5;10;11;8;15;9;13;21;15;17;14;16;17;21;22;10;18;13;14;18;13;11;20;10;8;5;9;3;2;8;10;7;3;4;6;4;2;6;3;2;4;1;2;0;3;1;1;1;2;2;0;1;1;2;1;0;0;1;0;0;0;2;0;1;0;0;1;0;0;1;0;1;0;0;0;0;0;0;0;0
280030805000744;1;565;565;168;113;147;54;1;9;9;2;27;4;10;0;11;0;7;0;2;1;0;11;1;0;1;3;1;1;1;0;0;1;1;1;6;8;10;13;15;15;10;17;6;8;5;11;8;6;6;8;6;10;9;5;9;11;6;12;5;4;6;6;4;7;14;11;10;16;14;13;15;15;12;17;16;6;17;13;19;11;10;6;6;6;9;2;5;2;2;2;4;5;2;4;3;2;0;1;3;0;0;2;1;1;0;0;0;1;0;0;0;0;0;0;1;1;0;0;0;1;0;1;0;0;0;0;0;0;0;0;0;0;0;0
280030805000745;1;518;516;168;122;117;50;6;3;9;0;10;0;10;0;15;3;0;0;5;0;0;8;0;2;1;0;0;0;1;0;1;2;1;0;8;5;8;5;9;10;4;7;12;7;8;10;8;10;7;5;3;5;6;6;8;9;12;3;13;5;15;11;16;16;15;17;10;13;3;13;13;9;14;12;12;8;10;4;6;8;6;9;7;6;2;7;7;3;4;3;2;5;5;2;3;3;1;2;1;3;0;2;2;4;0;0;1;0;0;0;0;1;0;0;0;0;0;0;0;0;1;0;0;0;0;0;0;0;0;0;0;0;0;0
280030805000746;1;645;645;201;165;201;29;9;2;8;2;7;0;10;1;8;0;1;0;1;0;0;16;2;2;0;1;1;3;0;2;2;0;1;2;14;9;14;6;14;9;11;5;8;7;9;5;8;13;11;6;3;11;5;12;14;12;9;9;13;17;12;16;16;20;11;16;22;15;17;17;14;14;15;10;12;12;11;12;9;10;3;8;5;10;8;7;3;2;7;4;6;2;3;3;5;3;3;3;2;2;0;1;0;0;0;0;0;0;0;1;0;1;0;1;0;0;0;0;0;0;0;0;0;1;0;0;0;0;0;0;0;0;0;0
280030805000747;1;260;260;94;68;54;24;4;2;2;1;1;0;5;0;3;0;1;0;1;0;0;2;0;0;0;0;1;0;0;1;0;0;0;0;4;5;3;3;1;3;1;6;5;3;7;1;6;4;3;0;2;3;2;4;4;4;2;2;4;2;12;5;14;4;9;14;12;10;7;6;7;5;2;2;4;3;2;5;4;5;5;1;4;6;2;1;0;6;3;0;0;1;2;1;0;0;3;0;3;0;0;0;0;0;0;0;0;0;0;0;0;1;1;0;0;0;0;1;0;1;0;0;0;0;0;0;0;0;0;0;0;0;0;0
280030805000749;1;698;698;194;109;142;119;15;18;4;1;53;4;14;0;24;0;1;0;0;0;0;15;1;0;3;1;3;1;0;1;1;2;2;0;20;15;13;12;13;10;15;15;10;10;11;12;15;16;13;11;17;5;7;8;11;18;12;20;17;16;19;17;17;19;16;12;17;13;10;11;11;6;11;10;9;13;5;3;7;9;8;7;3;11;9;5;3;3;3;5;4;5;1;5;4;4;4;2;2;1;5;0;2;1;0;1;1;1;1;2;1;0;0;1;0;0;0;0;0;0;1;0;0;0;0;0;0;0;0;0;0;0;0;0
280030805000750;1;1275;1275;386;215;265;333;1;4;9;0;31;0;14;0;14;3;0;0;0;0;0;44;4;2;4;3;3;2;3;8;2;8;2;3;48;46;50;41;43;35;36;39;32;38;24;23;27;27;20;23;17;31;27;23;30;28;35;36;28;33;27;32;16;23;21;16;18;7;22;16;21;15;13;17;11;6;8;8;7;9;6;6;3;8;2;4;6;4;6;4;2;2;4;1;1;2;5;2;1;0;0;0;2;1;0;0;0;0;1;0;1;0;0;1;0;0;1;1;0;0;0;0;0;1;0;0;0;0;0;0;0;0;0;0
280030805000751;1;782;782;241;142;174;150;15;1;8;2;10;0;13;0;21;3;2;0;0;0;0;26;3;1;0;1;2;4;0;2;3;2;6;2;21;13;29;22;30;10;27;24;20;24;7;11;14;20;9;10;9;9;15;10;14;18;15;18;22;18;16;17;18;22;16;16;14;13;16;13;9;8;9;10;8;4;8;8;9;6;5;6;4;8;3;4;3;4;3;1;4;6;2;3;2;4;1;3;1;0;1;1;1;0;0;0;2;2;1;0;0;0;0;0;0;0;0;1;0;1;0;0;0;0;0;0;0;0;0;0;0;0;0;0
280030805000752;1;1170;1170;289;178;264;282;20;15;16;0;55;2;12;0;22;3;8;0;4;0;0;29;0;1;4;4;3;2;1;4;5;0;1;4;31;37;45;28;41;34;34;29;38;31;25;34;38;39;23;26;16;17;13;12;18;20;16;19;23;21;30;26;14;24;21;25;21;17;14;13;12;14;5;23;11;15;10;8;9;11;5;11;5;9;14;7;9;3;3;3;2;2;4;3;2;6;3;2;3;0;1;3;0;1;0;1;1;0;1;0;0;2;1;0;0;2;0;0;1;0;0;0;0;0;0;0;0;0;0;0;0;0;0;0
280030805000755;1;562;562;202;118;106;78;12;0;7;0;7;0;11;1;8;2;7;0;3;0;0;6;0;0;1;1;1;0;0;0;1;1;0;1;13;13;15;6;8;9;3;8;4;6;10;5;11;6;6;7;10;9;8;7;6;11;6;6;6;17;12;15;14;17;11;23;13;24;18;12;21;15;13;17;12;8;6;7;5;13;7;4;5;2;2;3;2;3;4;7;2;4;0;3;3;3;1;0;2;1;1;0;2;1;0;0;0;0;0;0;0;1;0;0;0;0;0;0;0;0;1;0;0;0;0;0;0;0;0;0;0;0;0;0
280030805000756;1;89;"X";"X";"X";"X";"X";"X";"X";"X";"X";"X";"X";"X";"X";"X";"X";"X";"X";"X";"X";"X";"X";"X";"X";"X";"X";"X";"X";"X";"X";"X";"X";"X";"X";"X";"X";"X";"X";"X";"X";"X";"X";"X";"X";"X";"X";"X";"X";"X";"X";"X";"X";"X";"X";"X";"X";"X";"X";"X";"X";"X";"X";"X";"X";"X";"X";"X";"X";"X";"X";"X";"X";"X";"X";"X";"X";"X";"X";"X";"X";"X";"X";"X";"X";"X";"X";"X";"X";"X";"X";"X";"X";"X";"X";"X";"X";"X";"X";"X";"X";"X";"X";"X";"X";"X";"X";"X";"X";"X";"X";"X";"X";"X";"X";"X";"X";"X";"X";"X";"X";"X";"X";"X";"X";"X";"X";"X";"X";"X";"X";"X";"X";"X";"X"
280030805000757;1;14;14;5;4;5;0;0;0;0;0;0;0;0;0;0;0;0;0;0;0;0;0;0;0;0;0;0;0;0;0;0;0;0;0;0;0;0;2;0;0;0;0;0;0;1;0;0;0;0;0;0;1;0;0;0;1;0;0;0;0;0;0;0;1;1;0;0;1;0;0;0;0;1;1;0;1;1;0;0;0;0;0;1;0;0;0;0;0;0;0;0;0;0;0;1;0;0;0;0;0;0;0;0;0;0;0;0;0;0;0;0;0;0;0;0;0;0;0;0;0;0;0;0;0;0;0;0;0;0;0;0;0;0;0
280030805000758;1;825;825;351;194;143;54;3;3;11;1;5;0;20;0;21;13;6;0;0;0;0;17;3;1;0;3;1;0;0;1;1;2;3;2;15;11;8;15;12;5;7;8;6;16;11;4;13;4;7;14;4;10;18;16;10;13;12;28;26;33;31;40;49;37;36;22;24;32;14;25;13;17;15;9;9;1;13;10;5;7;7;4;9;2;3;7;0;4;6;4;3;0;2;1;0;1;1;3;2;2;1;1;0;1;2;1;1;1;0;0;0;0;0;1;1;0;0;0;2;0;0;0;0;0;0;0;0;0;0;0;0;0;0;0
280030805000759;1;797;797;231;151;205;111;26;4;5;2;27;1;9;0;19;1;4;1;0;0;0;17;1;3;3;3;3;1;0;0;1;1;0;1;18;22;19;19;21;12;16;19;13;20;14;18;14;20;26;14;12;15;14;13;17;15;19;20;17;12;14;20;17;11;16;13;17;10;11;14;27;10;11;9;10;10;7;6;9;10;9;8;8;9;12;11;2;2;1;3;3;0;3;1;3;1;3;1;2;3;1;0;1;0;0;0;0;0;0;0;1;1;0;0;0;0;0;0;0;0;0;0;0;0;0;0;0;0;0;0;0;0;0;0
280030805000760;1;363;363;153;81;47;30;3;1;5;1;1;0;12;1;12;1;15;0;0;0;0;6;1;0;1;0;1;1;1;0;0;1;0;0;7;3;4;8;4;3;5;0;1;2;0;4;4;2;4;3;7;4;6;7;10;9;8;15;14;21;25;20;13;16;10;12;16;8;7;7;4;6;2;10;2;3;5;6;2;1;3;3;2;1;5;4;0;1;1;0;0;1;0;1;1;0;0;0;1;0;1;1;0;0;0;0;0;0;0;0;0;0;0;0;0;0;0;0;0;0;0;0;0;0;0;0;0;0;0;0;1;0;0;0
280030805000761;1;787;787;218;153;196;93;14;10;12;1;35;2;12;0;21;8;2;1;9;0;0;12;2;0;0;0;2;1;0;1;1;1;1;3;16;10;10;9;13;13;8;14;12;15;7;15;9;14;17;11;9;8;17;22;17;16;19;23;14;21;19;24;10;14;12;8;9;13;9;11;9;8;13;17;12;17;9;8;9;12;7;12;11;12;5;9;8;9;12;12;12;2;6;2;5;6;1;2;5;2;2;4;2;3;3;2;4;1;2;0;1;4;0;1;0;2;0;1;1;0;0;0;0;0;0;0;0;0;0;0;0;0;0;0
280030805000762;1;616;600;186;135;151;67;20;4;4;0;16;3;16;0;8;6;0;0;0;0;0;17;2;0;1;1;0;4;1;0;1;4;2;1;10;13;11;13;15;14;3;8;13;7;8;21;12;11;10;15;9;10;7;11;12;14;15;18;16;11;14;13;9;18;11;11;11;14;15;19;12;17;6;13;8;11;5;4;9;5;4;9;8;2;2;4;5;2;1;5;2;2;1;2;4;1;3;2;3;0;1;1;1;0;1;0;0;0;0;0;0;0;1;0;0;0;0;0;0;0;0;0;0;0;0;0;0;0;0;0;0;0;0;0
280030805000763;1;596;596;152;99;166;76;10;2;24;6;9;0;31;1;19;0;1;0;0;0;0;9;0;2;1;1;1;0;0;0;1;2;1;0;19;10;16;14;15;12;14;15;15;16;15;24;12;17;13;15;7;16;17;8;8;9;11;15;4;8;15;6;8;15;10;12;14;9;11;5;5;10;11;9;7;10;6;7;4;2;5;8;10;6;1;5;2;2;2;3;3;2;0;2;0;2;1;2;1;0;0;1;0;2;0;2;0;0;0;0;0;0;1;0;0;1;0;0;1;1;0;0;0;0;0;0;0;0;0;0;0;0;0;0
280030805000764;1;178;178;57;39;42;18;2;2;0;1;9;3;2;0;0;1;0;0;2;0;0;1;1;0;0;0;0;0;0;0;0;0;0;0;6;1;4;1;4;0;4;4;2;0;1;3;1;2;8;2;1;5;2;5;3;3;4;3;1;3;2;3;3;2;0;5;1;5;2;7;0;5;3;2;3;1;1;6;3;4;1;1;2;5;3;0;3;0;3;1;4;2;0;2;2;0;2;2;5;0;1;1;1;0;1;1;1;0;0;1;0;0;0;0;0;0;0;1;0;0;0;0;0;0;0;0;0;0;0;0;0;0;0;0
280040705000001;1;922;922;240;140;225;175;10;8;8;1;68;1;19;0;19;4;3;0;1;0;0;15;2;0;3;1;0;2;1;1;2;0;0;3;21;26;24;24;28;20;14;16;14;15;21;31;16;20;27;20;19;24;17;17;13;23;10;16;14;16;19;16;10;15;7;24;16;16;10;11;17;15;14;10;14;10;12;10;10;10;4;2;7;7;8;7;8;8;4;5;5;3;5;3;1;5;5;3;3;3;4;4;2;3;0;0;1;1;4;2;4;2;1;3;1;1;0;0;1;1;0;0;2;0;0;0;1;0;1;0;0;0;0;0
280040705000002;1;842;842;242;150;189;150;6;9;2;0;52;3;13;0;18;4;4;0;0;0;0;7;0;1;1;0;1;1;0;2;0;0;1;0;13;9;5;15;12;10;14;7;16;13;18;17;19;16;19;17;20;28;23;13;27;18;18;14;15;18;11;15;14;11;7;8;14;14;9;12;6;19;13;15;13;5;11;17;11;8;10;7;6;11;11;6;10;5;9;7;7;8;3;8;8;6;1;2;6;7;5;3;2;2;4;3;3;2;2;2;1;5;0;1;5;1;4;1;0;1;0;0;0;0;0;1;0;0;0;1;0;0;1;0
280040705000003;1;948;947;263;167;230;138;27;8;5;0;70;5;15;1;17;0;2;0;0;0;0;14;1;4;3;2;0;2;0;0;0;0;1;1;18;19;12;20;16;12;20;21;11;18;24;11;19;20;21;19;15;21;23;19;20;18;18;13;19;19;18;16;14;23;15;14;8;15;13;14;15;10;10;20;9;18;15;19;5;13;13;11;10;5;12;7;7;8;9;4;5;5;5;9;0;6;5;5;4;2;8;4;5;3;5;3;2;0;0;0;4;3;4;2;0;1;1;1;1;2;1;1;1;0;0;0;0;0;0;0;0;0;0;0
280040705000004;2;1091;1090;290;164;287;169;21;10;1;3;95;0;22;0;14;15;0;0;0;0;0;16;1;2;1;0;1;2;1;2;2;4;0;0;20;17;19;16;27;23;17;20;14;20;18;27;32;20;34;28;30;20;19;23;17;15;26;20;22;18;14;14;15;16;13;19;13;25;15;19;21;14;10;13;13;9;13;15;7;13;7;9;15;10;6;11;14;7;10;10;10;9;14;3;7;4;3;6;3;3;4;3;5;2;4;1;3;2;2;3;4;3;3;3;1;3;3;3;1;1;6;0;0;1;0;0;0;0;0;0;0;0;0;0
280040705000005;5;338;338;94;56;103;52;1;6;1;0;17;2;4;0;2;0;0;0;0;0;0;5;1;1;1;1;0;0;0;0;0;1;0;0;5;4;7;7;10;10;9;6;11;7;11;3;7;6;8;6;7;6;6;7;4;2;3;8;10;7;6;6;8;7;6;4;6;3;4;7;2;5;4;1;3;2;5;8;3;3;3;3;2;7;3;2;1;3;3;4;1;1;2;0;0;2;1;2;1;7;2;1;0;1;1;1;1;0;1;1;0;1;0;0;0;0;0;0;2;1;0;1;0;0;0;0;1;0;0;0;0;0;0;0
280040705000006;8;149;147;37;29;59;7;3;1;0;1;8;0;3;0;1;0;0;0;0;0;0;1;1;0;0;0;0;0;0;0;0;0;0;0;5;3;4;1;3;5;4;4;3;0;5;1;4;2;5;3;4;2;4;1;1;4;3;1;2;1;2;5;5;3;2;2;5;3;1;2;1;0;2;3;0;3;0;1;3;2;0;2;1;1;2;2;1;3;2;0;1;1;0;0;1;1;1;0;0;2;2;0;1;1;1;0;1;0;0;0;0;0;0;0;0;0;0;0;0;0;1;0;0;0;0;0;0;0;0;0;0;0;0;0
280040705000007;5;801;794;220;138;243;118;11;5;7;1;41;1;7;0;6;3;0;0;0;0;0;11;0;2;0;0;0;1;2;1;1;0;1;3;13;5;23;17;13;15;19;20;12;26;19;13;13;21;17;20;17;15;11;12;12;12;12;11;11;10;11;12;13;9;13;11;10;15;10;12;16;12;11;9;9;10;15;10;12;12;12;14;5;5;6;8;9;10;2;4;4;6;3;2;2;4;4;5;4;2;5;4;3;5;2;6;3;2;6;6;2;3;1;1;1;2;1;1;1;0;1;0;1;0;0;0;1;0;0;0;0;0;0;0
280040705000008;8;292;292;78;56;105;22;11;0;0;0;16;1;1;0;2;0;0;0;0;0;0;4;0;2;1;0;1;0;0;0;0;0;0;0;5;7;5;4;4;4;9;6;9;6;11;8;7;8;8;11;7;9;2;4;2;9;4;3;3;6;5;5;9;3;7;2;5;4;4;7;6;2;4;2;2;4;2;1;2;2;6;1;0;0;2;2;3;1;2;0;1;3;4;2;3;2;0;0;1;0;1;1;1;1;2;0;0;1;1;1;2;1;1;0;0;0;1;0;0;0;0;2;0;0;0;0;0;0;0;0;0;0;0;0
280040705000009;5;192;192;42;31;79;24;1;3;1;0;10;1;0;0;0;0;0;0;0;0;0;2;0;1;0;0;0;0;1;0;0;0;0;0;2;5;6;4;4;2;7;4;2;6;7;6;4;2;4;5;7;4;3;6;5;1;4;7;3;3;1;3;5;3;3;3;1;3;2;0;2;1;1;5;2;4;2;1;2;0;0;1;0;1;4;1;0;2;0;1;2;0;1;1;0;1;3;3;1;1;2;1;0;0;1;0;2;0;1;0;0;0;0;0;1;1;0;0;0;0;0;0;0;0;0;1;0;0;0;0;0;0;0;0
280040705000010;8;577;576;148;95;183;61;11;5;3;1;52;1;6;0;9;0;2;0;0;0;0;11;0;1;2;3;0;0;0;2;0;2;0;1;13;9;10;7;12;9;9;13;13;13;20;19;10;22;19;7;17;6;10;17;15;8;15;9;7;10;9;10;6;12;3;14;10;5;3;5;6;4;3;5;4;8;7;8;7;4;6;8;0;5;5;6;5;7;5;2;4;1;3;3;5;3;0;2;2;7;3;4;2;1;3;4;2;1;0;0;3;0;1;1;1;1;2;2;0;1;0;0;0;1;0;0;0;1;0;0;1;0;0;0
280040705000011;5;524;520;143;96;148;56;13;4;4;0;37;0;12;0;11;0;0;0;0;0;0;5;0;1;0;1;0;0;0;0;0;0;1;2;15;13;9;12;18;12;18;12;10;13;9;11;13;5;11;9;16;6;9;6;12;11;12;9;8;10;6;9;6;10;9;5;9;12;8;5;9;5;8;5;2;11;7;6;2;7;4;4;4;1;4;3;3;4;0;4;2;4;4;2;6;2;1;5;1;3;2;5;2;3;0;1;0;1;1;2;1;0;1;1;1;2;0;2;0;1;0;1;0;1;0;0;0;0;0;0;0;0;0;0
280040705000012;5;584;584;164;121;192;55;6;5;1;0;23;1;4;0;9;2;1;0;0;0;0;9;0;1;1;2;1;1;0;0;0;0;1;2;7;9;7;12;6;12;17;3;14;16;7;12;18;12;18;16;11;15;13;16;8;11;10;13;9;6;11;13;9;9;5;9;12;12;10;5;9;12;3;8;12;6;7;5;4;8;7;5;6;8;3;3;6;7;2;2;1;4;4;3;2;2;4;3;5;3;2;4;3;2;0;2;5;3;0;1;0;0;1;0;0;1;0;0;0;2;0;0;0;1;0;0;0;0;0;1;0;0;0;0
280040705000013;8;498;498;150;96;145;58;4;3;5;0;25;0;5;0;4;1;2;0;0;0;0;4;0;1;1;0;0;0;0;0;1;0;0;1;9;8;11;10;11;10;12;4;8;17;13;11;7;12;11;9;10;10;17;11;2;8;9;4;10;10;3;7;6;11;5;8;3;9;5;10;6;5;4;5;5;3;7;13;6;10;9;6;1;6;5;5;4;6;4;4;6;5;4;4;4;1;5;6;4;2;1;1;3;2;1;4;0;0;2;0;1;0;0;0;0;0;0;1;0;0;0;0;1;0;0;0;0;0;0;0;0;0;0;1
280040705000014;5;637;637;178;123;177;87;3;7;4;1;35;0;7;2;11;0;1;0;1;0;0;9;0;1;1;0;1;1;1;1;1;2;0;0;9;8;7;6;9;10;10;8;12;11;17;5;17;14;16;15;15;13;15;14;10;16;9;9;11;9;19;14;9;12;10;10;7;3;6;10;15;7;6;16;7;6;7;8;10;9;7;5;8;6;3;6;9;7;3;4;9;3;4;3;3;5;7;10;4;4;3;6;5;2;1;2;1;1;0;0;0;1;3;2;1;1;0;1;0;1;0;0;0;0;0;0;0;0;0;1;0;0;0;0
280040705000015;8;49;49;11;10;21;2;0;0;0;0;2;0;1;0;0;2;0;0;0;0;0;1;0;0;0;0;0;0;0;0;0;0;1;0;1;2;1;2;1;0;0;3;2;2;1;1;0;1;0;0;3;1;2;0;1;2;1;1;3;2;1;0;0;1;1;2;0;1;0;2;2;1;0;1;0;1;0;0;0;0;1;0;0;1;0;0;0;0;0;0;0;0;0;0;0;0;0;0;0;0;0;0;0;0;0;0;0;0;0;0;0;0;0;0;0;0;0;0;0;0;0;0;0;0;0;0;0;0;0;0;0;0;0;0
280040705000016;5;270;270;69;51;102;23;2;3;0;0;17;2;0;0;1;0;0;0;0;0;0;4;1;1;0;0;0;0;0;0;2;0;0;0;4;3;6;9;10;14;2;8;3;7;2;11;6;4;6;11;6;5;0;5;2;5;7;4;6;6;5;4;4;1;3;6;3;3;3;2;4;7;3;4;2;3;1;1;7;5;4;2;1;3;2;2;2;2;2;1;1;1;1;1;1;1;3;3;0;0;1;0;0;2;1;0;1;0;1;0;0;1;2;0;0;1;0;0;0;0;0;0;0;0;0;0;0;0;0;0;0;0;0;0
280040705000017;8;284;284;67;51;99;22;6;4;3;0;20;0;3;0;6;1;1;0;1;0;0;6;0;0;1;1;0;1;0;0;1;0;0;2;5;7;8;3;8;6;5;6;4;7;10;4;11;5;8;7;8;7;7;5;9;5;7;5;7;2;3;5;4;3;6;3;6;6;2;2;2;1;1;3;3;3;0;0;1;3;5;4;3;3;1;2;0;3;3;4;3;1;1;1;2;1;6;3;0;0;0;0;0;1;0;1;1;2;0;0;0;0;0;2;0;0;0;1;0;0;0;0;0;0;0;1;0;0;0;0;0;0;0;0
280040705000018;1;684;677;198;112;166;111;9;8;1;3;55;3;9;0;4;4;0;1;0;0;0;12;1;1;4;1;0;1;0;2;0;0;0;2;11;14;8;13;9;5;10;8;15;14;13;16;13;12;9;12;12;9;10;16;13;16;10;11;16;6;10;18;16;15;8;11;6;8;7;12;8;14;13;13;7;7;4;9;4;6;7;5;4;12;11;4;12;8;7;4;6;5;9;3;4;2;3;5;2;5;2;8;3;2;5;4;3;3;2;1;2;1;3;1;0;3;2;2;3;0;1;1;1;0;0;3;1;0;0;0;0;0;0;0
280040705000019;5;236;236;65;44;92;17;2;3;0;1;10;0;1;0;1;0;0;0;0;0;0;3;0;0;0;0;0;0;0;0;1;1;0;1;3;4;4;5;7;6;1;5;5;6;8;4;6;6;5;5;5;2;6;4;5;4;2;1;3;5;2;2;2;4;5;4;1;6;6;2;1;5;2;2;4;7;8;0;3;3;5;3;0;1;2;3;1;0;1;3;0;1;5;1;1;2;1;0;1;1;1;0;2;3;0;1;0;2;2;0;0;0;3;0;1;0;0;0;0;0;0;0;0;0;0;0;0;0;0;0;0;0;0;0
280040705000020;5;399;399;105;61;118;63;3;5;1;1;39;0;1;0;2;0;0;0;0;0;0;3;0;0;0;0;0;0;0;0;1;2;0;0;10;8;11;5;11;8;9;10;4;18;11;11;10;9;9;7;7;9;12;6;4;2;11;6;4;5;6;2;5;15;7;4;7;4;3;4;4;5;2;5;5;7;2;4;7;4;5;2;5;3;0;2;2;2;1;2;3;6;1;2;2;2;5;3;3;4;3;2;2;2;2;1;0;1;1;0;0;0;2;0;0;0;0;1;1;0;0;0;0;3;0;0;0;0;0;0;0;1;0;0
280040705000021;5;308;308;93;57;92;42;0;3;1;1;13;0;0;0;6;0;0;0;0;0;0;3;0;2;0;1;0;0;0;0;0;0;0;0;4;3;5;4;4;2;1;4;6;5;6;10;5;6;11;9;6;2;5;9;5;6;5;5;11;7;1;4;7;9;2;4;5;10;8;11;0;1;2;3;3;5;3;3;3;2;1;5;4;3;3;2;7;2;1;2;2;4;1;1;3;2;4;3;2;2;2;1;0;3;0;2;0;3;0;0;0;1;2;1;0;0;0;0;0;0;0;0;2;1;1;0;0;0;0;0;0;0;0;0
280040705000022;5;30;30;10;7;5;3;0;0;0;0;5;0;0;0;0;0;0;0;0;0;0;0;0;0;0;0;0;0;0;0;0;0;0;0;1;1;2;0;1;0;1;0;0;1;2;2;0;0;0;0;0;0;1;1;1;0;0;1;1;0;1;0;0;0;1;0;0;1;0;0;0;0;1;0;1;0;0;1;1;1;0;0;0;0;0;2;0;0;0;0;0;1;0;0;0;0;0;0;0;1;0;0;0;0;0;0;0;1;0;0;0;0;0;1;0;0;0;0;0;0;0;0;0;0;0;0;0;0;0;0;0;0;0;0
280040705000023;8;223;223;63;38;58;32;6;1;1;0;19;1;1;0;1;0;0;0;1;1;0;2;0;0;2;0;0;0;0;0;0;0;0;0;2;9;3;4;7;3;2;3;1;2;4;5;2;8;9;5;5;4;7;1;7;3;4;6;3;4;2;4;2;1;7;5;2;6;5;2;0;1;5;0;6;1;1;3;2;2;0;7;2;4;4;0;2;0;1;4;2;3;2;1;1;2;2;3;1;1;3;1;0;0;0;0;0;0;0;1;0;3;0;0;0;0;0;0;0;0;0;0;0;1;0;0;0;0;0;0;0;0;0;0
280050605000001;1;882;882;261;161;221;138;21;8;4;2;38;3;9;0;13;1;2;0;0;0;0;11;2;1;0;1;0;0;0;3;1;1;1;1;11;18;18;14;15;17;13;14;16;21;20;18;18;13;16;23;16;21;20;17;25;15;12;12;18;15;12;16;17;12;12;16;12;20;13;16;15;12;12;10;15;9;13;10;14;14;8;13;9;9;12;6;7;2;4;2;4;6;3;4;2;4;6;5;11;3;1;3;3;8;1;1;2;5;1;2;4;3;2;2;0;2;1;1;1;0;0;0;0;0;1;0;0;0;0;0;0;0;0;1
280050605000002;1;1065;1065;291;207;293;148;20;11;5;2;64;5;3;0;11;0;5;0;0;0;0;16;0;2;2;1;1;1;1;3;0;1;0;4;15;16;16;21;17;14;20;17;24;26;25;20;22;22;36;29;17;14;15;18;27;21;15;19;17;20;24;27;17;18;15;14;19;15;17;16;12;26;15;16;15;13;7;12;19;13;10;10;9;7;11;10;11;10;10;5;5;13;4;8;4;2;7;6;7;5;0;3;2;1;5;4;4;3;2;6;2;2;0;0;2;1;2;0;0;0;1;1;0;1;0;0;0;0;0;0;0;0;0;0
280050605000003;2;1025;1025;292;187;269;135;18;20;5;0;67;1;11;0;14;1;5;0;0;0;0;16;1;2;1;3;1;2;2;0;0;2;1;1;15;13;20;16;16;12;20;13;14;21;30;23;33;28;18;24;16;19;25;22;15;15;20;24;25;20;20;14;15;23;10;19;22;18;11;14;13;10;11;15;10;13;10;5;8;14;15;8;8;9;12;6;4;6;10;8;5;10;4;6;4;7;8;3;7;5;9;8;2;6;2;4;4;5;2;1;5;3;5;2;3;0;3;3;0;1;0;1;0;0;1;1;1;0;0;0;0;0;0;0
280050605000004;1;397;0;0;0;0;0;0;0;0;0;0;0;0;0;0;0;0;0;0;0;397;0;0;0;0;0;0;0;0;0;0;0;0;0;0;0;0;0;0;0;0;0;0;0;0;0;0;0;0;0;0;0;3;4;7;18;14;24;24;28;29;30;18;17;18;17;16;18;11;18;9;10;6;10;8;6;1;3;1;6;2;2;3;3;0;1;1;0;2;1;0;3;1;1;0;0;1;1;1;0;0;0;0;0;0;0;0;0;0;0;0;0;0;0;0;0;0;0;0;0;0;0;0;0;0;0;0;0;0;0;0;0;0;0
280050605000005;1;692;690;191;117;162;108;7;14;5;1;52;5;12;0;14;2;2;0;0;0;0;19;1;0;3;0;0;1;2;1;4;4;1;2;9;16;13;12;13;16;13;14;12;17;12;17;20;12;10;22;8;14;14;12;13;22;15;14;13;14;14;17;12;10;14;13;9;7;6;4;10;10;5;8;12;15;3;6;6;4;7;8;7;6;5;6;5;5;5;4;2;2;5;3;4;7;3;3;2;0;7;0;1;1;1;4;0;1;4;0;1;0;2;1;1;1;0;0;0;1;2;1;0;0;0;0;0;0;1;1;0;0;0;1
280050605000006;1;1271;1271;320;200;310;212;20;18;12;4;119;0;22;2;28;3;1;0;0;0;0;17;2;2;3;3;1;0;0;0;1;1;1;3;27;21;25;26;37;22;27;24;27;27;23;30;30;28;25;32;28;18;20;30;21;18;17;25;19;25;24;37;24;19;25;18;16;11;14;17;17;14;20;17;14;15;17;20;16;22;16;11;14;13;8;9;10;6;13;9;10;6;4;9;3;4;2;3;5;4;4;4;3;4;4;4;2;2;4;4;3;5;1;4;3;1;2;0;1;1;2;2;1;2;1;0;0;0;0;0;0;0;2;0
280050605000007;1;920;909;276;192;211;117;27;9;3;2;53;0;9;0;18;0;3;0;0;0;0;14;0;0;2;1;2;1;0;1;1;2;2;2;20;14;13;22;16;16;15;25;16;23;15;16;20;24;23;19;17;14;21;15;16;18;19;26;15;16;11;14;20;15;18;18;11;13;18;16;14;18;15;9;9;12;12;14;8;8;4;9;10;3;3;6;10;5;6;8;6;6;9;3;4;5;2;6;5;5;5;2;3;3;3;3;4;2;3;1;2;2;0;2;1;1;1;2;1;0;0;0;1;1;0;1;0;0;0;0;0;0;0;0
280050605000008;1;671;659;204;136;156;70;14;13;6;3;50;3;5;0;7;0;3;0;1;0;0;5;0;1;0;1;0;0;1;0;1;0;0;1;10;9;9;8;10;6;11;7;15;14;8;14;10;10;8;14;9;10;9;7;6;13;12;10;12;14;15;19;11;10;9;11;7;11;12;15;14;13;9;11;12;14;11;9;6;7;6;5;8;7;9;12;6;8;5;8;6;4;5;2;9;2;1;7;5;6;2;3;2;4;3;2;3;4;4;4;2;3;3;2;1;1;3;1;2;3;1;0;1;0;0;0;0;0;0;0;0;0;0;0
280050605000009;1;453;453;117;83;145;57;14;1;1;0;20;1;0;0;11;3;0;0;0;0;0;8;1;0;0;0;2;1;0;1;0;1;1;1;5;6;7;9;13;8;6;12;11;11;9;9;11;9;10;13;7;4;16;8;11;12;6;5;15;8;7;9;6;10;8;6;11;7;8;7;2;3;10;6;3;5;4;4;3;5;8;7;2;5;3;3;3;2;2;8;2;1;4;4;0;0;3;2;1;3;2;2;1;3;1;0;1;0;1;0;1;0;1;0;1;2;1;0;0;0;0;0;0;0;0;0;0;0;0;0;0;0;0;0
280050605000010;5;309;304;84;52;99;48;3;4;1;2;14;0;0;0;2;0;0;0;0;0;0;6;3;0;2;1;0;0;0;0;0;0;0;0;7;10;5;9;8;8;7;8;5;7;10;5;10;11;9;8;5;10;2;7;1;4;5;3;4;2;8;6;3;8;6;8;2;5;4;7;5;0;1;3;2;2;5;1;5;3;2;5;1;5;1;4;1;1;2;1;2;1;2;0;0;3;0;1;3;0;0;1;0;1;3;1;1;0;1;0;1;0;0;1;0;0;0;0;0;1;1;0;0;1;0;0;0;0;0;0;0;0;0;1
280050605000011;4;676;676;165;115;199;100;16;7;2;0;46;1;6;0;16;0;3;0;0;0;0;13;0;0;1;1;0;2;2;0;2;1;1;3;8;13;13;15;20;16;12;13;12;21;13;28;26;17;16;15;14;11;14;13;7;18;14;9;13;13;6;14;10;12;8;8;11;9;13;9;11;8;5;4;6;11;9;3;2;6;5;3;5;4;3;5;5;8;4;8;2;6;4;4;5;2;2;2;2;3;3;1;2;3;3;1;3;1;2;3;2;0;2;2;0;1;1;0;0;0;0;0;0;0;1;0;1;0;0;0;0;0;0;0
280050605000012;8;172;172;53;30;49;24;3;2;1;0;5;2;1;0;2;0;0;0;0;0;0;3;0;1;0;0;0;0;0;0;0;2;0;0;3;2;3;3;4;2;5;3;2;3;5;6;2;4;3;8;3;3;2;4;0;6;4;2;4;4;1;2;2;3;3;4;3;2;2;2;5;3;4;4;6;1;2;1;1;3;0;3;0;1;1;0;1;0;2;0;1;0;0;1;0;1;0;0;0;0;0;0;2;1;1;2;2;0;1;0;0;0;0;2;0;0;0;0;1;0;2;0;0;0;0;0;0;0;0;0;0;0;0;0
280050605000013;8;370;370;96;56;95;69;10;4;1;2;20;1;1;0;7;8;0;0;0;0;0;11;0;3;0;0;2;1;1;1;1;1;0;1;8;14;6;11;6;11;3;5;8;10;10;11;11;10;13;8;6;10;5;6;6;5;9;8;7;5;6;6;4;6;6;4;6;0;3;2;6;5;4;1;4;3;1;2;6;2;5;2;5;2;2;1;4;6;3;3;4;2;6;1;2;1;2;0;1;0;1;1;2;1;0;3;0;1;2;1;1;0;0;0;0;1;2;0;0;0;0;0;0;1;0;1;0;0;0;0;0;0;0;0
280050605000014;5;692;692;202;114;164;131;5;5;3;1;46;3;7;2;7;1;1;0;0;0;0;17;0;1;2;1;4;1;1;1;1;3;0;2;13;10;16;13;18;19;5;16;16;15;24;12;24;17;17;15;16;21;17;18;13;12;12;14;12;8;18;16;8;5;13;15;14;8;4;9;6;6;4;4;8;10;9;6;0;10;9;4;2;6;4;6;3;4;5;6;5;3;4;3;0;1;2;2;5;3;2;4;1;1;0;5;0;1;1;1;3;1;2;1;1;1;4;0;0;1;1;0;0;0;0;0;0;1;0;0;0;0;0;0
280050605000015;5;582;572;179;115;148;100;5;6;0;1;24;0;2;0;1;0;1;0;0;0;0;12;2;1;2;0;1;1;1;1;0;1;1;1;11;7;10;15;17;7;9;9;4;14;5;15;16;21;14;11;10;10;9;17;10;16;8;6;8;10;8;14;12;9;8;6;9;4;8;7;1;8;6;5;8;8;8;5;10;5;7;2;6;5;11;4;4;3;3;8;4;2;4;4;1;0;3;2;5;7;3;4;1;7;2;0;1;4;3;2;2;1;1;2;0;2;1;3;1;3;0;1;1;1;0;0;0;0;0;0;0;0;0;1
280050605000016;8;568;568;160;120;188;52;1;5;6;0;11;1;2;0;14;6;2;0;0;0;0;4;0;0;0;0;1;1;0;0;0;2;0;0;10;10;10;7;8;11;16;15;12;15;6;18;15;12;17;11;14;9;15;8;3;9;7;14;10;8;10;10;8;13;4;16;9;6;9;8;5;7;7;6;5;7;7;11;3;5;8;6;4;6;5;8;5;2;4;7;1;0;3;1;5;0;3;1;2;1;1;5;4;3;6;1;4;1;2;0;3;2;2;0;1;2;1;2;1;3;0;0;0;0;0;0;1;0;1;0;0;0;0;0
280050605000017;5;391;391;113;76;96;60;9;5;1;0;19;2;1;0;1;8;0;0;0;0;0;9;2;0;2;3;0;0;0;1;1;0;0;0;5;6;8;13;12;8;15;6;14;11;8;7;9;8;8;6;8;5;8;5;2;11;3;8;4;5;6;8;6;9;7;7;6;3;3;6;7;11;8;4;4;7;6;4;7;4;6;2;3;2;0;1;2;2;4;0;0;4;0;2;1;3;3;1;1;2;2;2;3;2;1;0;1;1;0;1;0;1;1;0;1;0;0;0;0;0;0;0;0;0;1;0;0;0;0;0;0;0;0;0
280050605000018;5;286;286;78;52;90;39;9;2;2;1;5;0;3;0;4;0;1;0;0;0;0;6;2;0;1;0;1;0;0;0;1;0;0;1;8;6;10;5;4;5;7;11;9;7;6;4;11;5;8;8;7;7;4;6;5;3;6;5;3;2;10;3;7;6;3;6;4;6;4;7;5;2;2;2;2;0;1;3;0;3;3;1;3;1;1;5;1;4;1;4;1;3;4;0;0;0;0;0;0;1;2;0;1;1;2;0;0;0;0;1;1;0;0;0;0;0;0;0;0;0;0;0;0;1;0;0;0;0;0;0;0;0;0;0
280050605000019;8;383;383;115;79;95;30;10;6;2;0;25;3;6;0;9;2;1;0;0;0;0;8;0;1;1;0;1;2;0;1;0;1;0;1;8;9;7;8;7;8;10;4;7;10;5;12;4;2;10;5;8;6;3;7;10;8;5;8;11;7;8;8;2;12;9;6;7;4;7;2;6;7;5;11;4;4;4;0;4;4;5;4;6;2;2;2;2;3;6;5;1;4;1;0;1;4;1;1;4;1;1;1;1;0;0;1;0;3;0;0;1;4;1;0;0;0;0;1;0;0;0;0;1;0;0;0;1;0;1;0;0;0;0;0
280050605000020;5;459;451;136;94;125;61;7;7;1;0;17;2;5;0;4;0;0;0;0;0;0;7;1;1;0;1;2;2;0;0;0;0;0;0;6;5;11;11;9;8;16;8;14;8;2;11;8;11;10;7;11;6;6;11;12;4;4;13;12;12;9;9;7;8;8;11;6;6;6;5;3;6;7;4;9;5;7;7;4;7;8;3;3;7;3;2;5;1;5;3;3;3;0;2;2;1;4;3;3;0;0;3;4;2;2;2;0;2;0;1;0;2;0;1;0;0;1;0;0;0;0;0;0;0;0;0;0;1;0;0;0;0;0;0
280050605000021;8;247;244;66;46;85;26;3;2;2;0;11;0;3;0;3;0;0;0;0;0;0;5;1;0;2;0;0;0;1;0;1;0;0;0;4;5;3;8;6;8;3;4;5;3;7;3;7;8;7;10;8;4;5;4;1;8;4;2;5;3;2;8;3;2;5;4;8;3;5;1;9;6;3;1;2;3;0;2;1;1;3;2;0;2;2;3;0;4;2;1;1;0;0;2;0;1;0;1;2;2;1;2;1;0;0;0;0;2;0;0;0;0;0;1;0;0;1;0;1;0;0;0;1;0;0;0;0;0;0;0;0;0;0;0
280050605000022;5;363;363;89;76;124;24;13;7;0;0;21;2;3;0;4;0;0;0;0;0;0;10;1;2;0;1;1;1;1;1;1;0;1;0;5;11;7;5;11;5;8;8;7;7;9;13;7;8;14;14;5;10;6;8;6;12;9;2;3;8;2;4;5;4;7;7;4;8;6;2;4;6;11;5;0;4;1;2;0;5;4;4;2;3;2;5;3;1;3;0;0;1;1;1;0;1;2;1;1;1;2;0;3;2;2;1;2;0;2;2;0;2;1;0;1;1;1;0;0;0;0;0;0;0;0;0;0;0;0;0;0;0;0;0
280050605000023;4;511;511;138;95;139;64;6;6;7;2;39;0;5;1;6;2;1;0;0;0;0;5;0;0;1;0;1;1;0;0;1;1;0;0;8;10;4;12;5;14;12;8;10;10;18;12;14;11;11;6;9;13;9;8;8;10;12;10;11;8;13;9;11;11;14;10;8;5;13;8;7;4;9;6;6;7;5;3;3;3;4;4;5;3;3;2;2;7;4;2;1;4;7;0;1;2;3;3;4;1;3;2;1;0;1;3;2;1;3;1;1;0;2;0;2;2;0;0;0;0;0;1;0;0;0;0;0;1;0;0;0;0;0;0
280050605000024;8;1085;1084;310;216;345;112;27;9;6;2;32;1;10;0;13;1;1;0;0;0;0;23;4;3;0;5;0;1;2;2;2;2;0;2;16;15;24;22;16;22;24;16;26;21;28;23;27;24;24;28;23;22;22;18;17;21;14;14;19;18;19;15;15;13;16;22;13;14;17;15;12;16;12;14;20;13;15;13;12;14;11;9;11;12;8;8;9;5;7;6;7;12;10;8;8;11;6;6;6;5;5;4;4;6;2;2;1;4;1;3;1;6;4;2;2;0;0;0;2;0;0;1;0;0;0;0;0;0;1;1;0;0;0;1
280050605000025;8;631;630;177;97;191;112;2;7;1;0;25;1;6;0;7;5;0;0;0;0;0;8;2;0;0;0;0;0;1;0;1;2;1;1;9;11;11;14;13;8;12;13;14;16;19;20;16;10;20;17;21;21;18;12;7;11;12;13;12;12;10;9;6;11;9;6;6;6;5;12;9;5;7;4;8;6;7;8;8;5;0;6;5;4;2;3;2;6;5;5;1;2;4;6;2;2;3;3;3;6;3;3;2;4;1;2;3;7;0;1;3;1;0;3;0;2;0;1;1;2;2;0;0;2;0;1;0;0;0;0;0;0;0;0
280050605000026;1;815;815;221;152;198;105;35;10;13;1;50;2;11;0;13;2;2;0;0;0;0;19;1;1;3;1;1;2;1;0;3;1;0;5;11;15;15;17;11;17;14;11;14;18;17;18;13;22;16;19;16;12;21;12;16;14;21;18;14;8;24;11;10;20;12;11;14;10;11;9;13;11;7;13;14;10;14;11;10;6;10;6;7;8;7;5;8;4;8;5;5;4;3;7;4;5;5;5;3;4;1;3;1;4;2;4;1;3;2;2;2;3;1;3;0;1;2;1;1;0;1;0;3;0;1;0;0;0;0;0;0;0;0;0
280050605000027;5;509;509;145;100;135;71;12;1;1;4;25;2;5;0;6;2;0;0;0;0;0;7;0;1;0;2;2;0;0;0;1;1;0;0;4;10;9;13;6;7;11;7;11;8;12;12;7;13;20;10;11;7;14;10;11;10;5;5;15;5;8;10;6;11;9;10;13;5;5;3;4;12;12;5;8;9;3;1;4;11;2;3;5;1;4;8;3;3;3;4;2;3;2;2;5;3;7;5;3;3;3;3;2;3;1;2;1;2;3;2;2;0;0;0;0;2;0;0;0;0;0;0;0;1;0;0;1;0;1;0;0;0;0;0
280050605000028;5;143;138;41;26;36;25;1;2;2;0;8;0;2;0;0;0;0;0;0;0;0;0;0;0;0;0;0;0;0;0;0;0;0;0;4;1;1;0;4;1;1;3;6;3;2;3;3;2;6;8;6;3;3;4;3;1;1;2;1;4;0;3;1;2;2;1;2;1;1;1;3;3;3;6;1;0;2;2;1;2;1;1;3;0;2;2;0;1;2;0;4;0;2;3;0;1;0;2;0;0;0;3;0;0;0;1;0;0;0;0;0;1;0;0;0;0;0;0;0;0;1;0;0;0;0;0;0;0;0;0;0;0;0;0
280050605000029;5;185;185;59;38;59;22;0;1;0;0;5;0;0;0;1;0;0;0;0;0;0;2;0;0;0;0;0;1;0;0;0;1;0;0;3;3;2;6;1;0;2;2;5;7;7;8;4;5;5;4;5;5;2;2;1;2;2;1;1;2;2;4;0;5;9;3;4;2;3;5;2;2;4;5;5;3;1;4;1;1;2;0;2;0;1;1;1;0;1;3;0;2;2;2;0;1;0;1;3;1;2;1;0;2;0;0;0;0;1;0;1;0;0;0;0;1;0;0;0;0;0;0;0;0;0;0;0;0;0;0;0;0;0;0
280050605000030;5;104;104;36;27;29;6;0;2;0;0;4;0;0;0;0;0;0;0;0;0;0;1;0;0;1;0;0;0;0;0;0;0;0;0;0;3;0;4;2;2;0;2;3;2;1;2;3;2;4;1;2;0;0;2;4;1;2;2;3;3;3;2;0;5;1;1;2;2;1;2;2;1;2;4;1;2;1;0;1;1;1;1;1;0;2;1;0;1;2;0;1;2;1;1;1;0;1;0;0;0;1;0;0;0;1;0;0;0;0;0;0;0;0;0;0;1;0;0;0;0;0;0;0;0;0;0;0;0;0;0;0;0;0;0
280060505000001;1;646;642;190;101;133;79;3;12;10;1;71;4;15;0;14;3;8;0;2;0;0;11;3;0;0;0;0;0;0;1;5;0;1;1;2;7;6;10;7;3;8;2;10;11;10;10;6;11;9;13;13;9;7;11;12;14;12;24;12;11;7;6;13;12;8;10;7;9;13;11;8;8;9;14;12;7;10;4;3;7;8;10;11;14;8;5;5;6;5;10;9;5;4;6;4;3;5;4;6;5;7;4;7;5;7;3;4;4;1;4;2;3;1;1;4;0;5;1;4;2;1;2;0;1;1;0;0;0;0;0;0;0;0;0
280060505000002;1;651;651;183;86;87;91;7;8;46;3;50;0;42;4;32;9;3;0;0;0;0;10;0;0;0;0;0;1;0;1;2;2;1;3;7;13;11;12;6;13;10;9;11;11;9;6;16;13;8;10;12;7;6;7;11;16;13;6;4;16;21;12;13;19;15;15;9;11;12;6;6;7;11;6;8;11;6;10;5;7;7;7;16;10;9;4;4;5;5;4;2;6;5;1;7;4;5;4;3;3;4;2;9;5;5;2;5;5;2;1;2;2;1;2;3;0;0;0;1;3;0;2;0;0;0;1;0;0;0;0;0;0;0;0
280060505000003;1;1037;1037;221;114;147;155;6;12;55;10;88;0;164;7;57;0;0;1;0;0;0;1;0;0;0;0;0;0;0;0;0;0;0;1;6;8;6;13;11;5;3;10;6;13;8;11;12;14;14;11;14;19;29;29;17;24;22;32;19;19;23;21;29;16;19;15;3;22;17;10;17;16;21;33;14;21;12;12;18;11;12;14;21;18;10;12;7;8;14;9;8;18;13;9;15;6;6;11;6;3;8;9;4;8;5;2;2;3;7;2;3;2;7;2;3;2;1;3;5;0;1;3;2;4;0;1;0;0;0;0;0;1;1;0
280060505000004;1;1145;1140;264;172;209;215;27;25;7;4;122;10;18;1;63;5;3;0;0;0;0;17;1;1;2;3;1;0;2;1;1;1;2;2;20;16;14;17;15;20;12;11;14;15;22;26;23;26;22;15;23;9;16;26;22;24;18;25;26;18;25;23;28;21;21;25;16;27;19;12;15;18;23;19;18;14;8;14;18;14;14;10;8;12;12;13;11;16;13;8;6;6;11;9;7;6;8;7;7;5;5;3;10;8;4;3;2;7;3;6;0;2;3;0;4;1;1;1;0;0;0;0;0;1;1;1;0;0;0;0;0;0;0;0
280060505000005;1;1024;1023;278;176;240;180;18;17;2;2;71;1;10;2;23;3;1;0;0;0;0;19;3;1;2;1;1;1;2;0;4;0;1;3;23;24;13;23;17;24;26;22;18;21;23;20;32;28;25;23;25;12;10;21;14;19;26;14;21;21;17;20;22;26;10;18;12;17;21;25;19;17;10;21;12;11;9;14;10;6;6;10;7;12;8;11;3;6;6;1;7;5;6;6;6;1;3;7;2;0;3;5;2;2;3;1;1;1;3;1;2;1;1;1;1;1;0;0;0;0;0;0;0;0;0;0;0;1;0;0;0;0;0;0
280060505000006;1;610;610;185;112;135;91;12;10;10;2;21;0;13;1;15;0;3;0;0;0;0;8;1;0;0;0;1;1;1;0;1;0;2;1;4;5;5;8;4;11;3;7;14;12;13;14;20;10;9;13;13;14;16;15;7;6;10;12;9;9;11;2;8;7;10;11;9;7;8;10;11;10;11;13;9;11;11;12;14;7;16;15;9;8;5;10;11;6;6;5;1;1;4;4;6;6;1;3;3;3;1;0;3;4;2;1;1;0;1;3;1;0;0;2;0;0;2;0;1;1;1;0;0;0;0;0;0;0;0;0;0;0;0;0
280060505000007;1;1002;1002;284;184;258;140;21;15;13;5;49;0;10;0;18;4;0;0;1;0;0;14;1;1;2;1;2;1;1;2;1;1;0;1;13;12;15;14;20;15;3;11;14;20;16;24;17;27;14;17;20;30;19;26;21;22;22;28;14;21;13;15;21;13;15;17;5;26;11;7;15;12;13;24;16;18;16;13;19;25;24;19;19;18;9;10;7;8;6;5;6;10;4;9;5;4;1;1;2;3;0;6;2;4;0;1;3;2;2;1;2;2;0;0;1;0;0;0;0;0;1;0;1;0;1;0;0;0;0;0;0;0;0;0
280060505000008;1;835;835;237;158;232;92;17;9;6;1;43;3;14;0;19;1;0;0;3;0;0;14;2;0;0;2;1;3;0;1;2;0;2;1;13;6;14;9;21;20;12;6;16;15;12;19;13;12;18;22;16;13;12;13;23;19;9;18;21;16;12;9;16;11;5;13;4;15;12;15;17;13;14;15;20;5;9;11;15;10;15;19;20;13;14;8;14;10;5;5;4;5;3;6;3;0;7;5;1;5;3;5;1;2;2;3;2;1;3;0;0;2;0;0;0;3;2;0;1;0;0;0;0;0;0;0;0;0;0;0;0;0;0;0
280060505000009;1;732;721;198;112;161;105;3;16;6;0;82;2;19;1;26;0;1;0;0;0;0;9;1;0;1;1;0;1;2;0;0;1;2;0;13;6;19;10;14;6;8;8;14;11;13;14;19;11;18;14;16;5;11;9;9;14;18;11;17;9;15;16;13;14;10;11;10;17;12;6;19;8;9;11;11;12;3;7;10;7;12;8;9;9;2;5;8;5;6;7;8;11;3;1;8;6;7;3;4;6;4;4;0;3;2;8;5;2;4;3;1;1;1;3;2;2;0;1;2;0;1;3;1;1;1;0;1;0;0;0;0;1;0;0
280060505000010;1;907;907;199;138;263;107;18;29;18;5;95;4;15;0;15;0;0;0;1;0;0;20;3;2;1;1;3;0;0;1;0;3;5;1;21;10;14;18;8;14;19;17;31;28;11;16;15;13;12;23;22;15;21;25;18;16;10;22;14;16;14;13;24;27;12;10;6;12;7;12;3;14;24;21;14;10;6;15;17;9;10;12;6;15;3;4;4;7;8;5;4;6;6;13;6;3;5;3;5;1;4;4;3;2;3;1;2;2;3;3;1;2;2;1;0;2;1;0;1;2;0;1;0;0;2;0;0;0;0;0;0;0;0;0
280060505000011;1;1144;1142;330;216;283;135;55;19;4;7;44;0;10;0;30;2;8;0;1;0;0;21;1;2;4;2;2;0;1;3;0;1;2;3;27;18;21;17;21;18;26;20;24;21;28;28;22;24;17;28;30;21;21;16;20;21;23;18;21;25;16;27;19;24;27;29;20;23;23;25;18;23;21;20;24;15;14;13;14;12;8;10;8;8;14;3;9;10;11;5;4;3;5;8;3;3;2;3;2;2;1;2;1;2;1;1;1;0;2;1;1;0;1;1;1;0;0;1;0;1;1;0;0;0;0;0;0;0;0;0;0;0;0;0
280060505000012;1;1138;1138;310;193;234;242;27;12;8;2;51;6;17;0;29;2;5;0;0;0;0;24;2;3;3;3;4;1;0;2;2;1;1;2;23;21;25;22;25;28;25;15;33;28;29;31;22;25;30;30;28;27;16;19;29;25;19;17;22;14;17;11;27;20;23;15;16;21;14;16;17;16;10;20;17;21;14;24;18;10;10;13;11;13;4;9;10;6;7;5;5;8;2;6;0;2;0;2;3;3;1;1;0;2;2;1;1;4;1;1;0;1;0;0;0;1;0;0;2;0;0;0;0;1;0;0;0;0;0;0;0;0;0;1
280060505000013;1;451;451;154;101;96;51;6;5;3;0;14;0;4;0;10;1;6;0;0;0;0;8;2;0;0;1;1;0;2;0;0;1;1;0;7;7;4;4;5;6;3;8;5;8;7;7;4;8;9;9;5;11;6;9;5;13;12;7;14;11;15;13;13;8;12;7;4;11;6;12;7;10;5;6;4;5;8;3;10;6;4;7;5;5;3;3;7;4;3;4;2;2;4;6;1;2;1;2;3;3;1;0;1;2;1;2;0;1;0;0;1;1;1;0;0;0;0;0;0;1;0;0;0;0;0;0;0;0;1;0;0;0;0;0
280060505000014;1;625;625;170;120;139;91;18;10;5;2;46;5;5;0;9;1;3;1;0;0;0;15;1;1;0;3;0;2;2;3;1;2;0;0;14;13;17;6;7;11;13;16;15;13;14;11;9;19;12;10;15;8;9;5;12;14;15;7;9;10;12;12;14;14;9;6;14;10;11;7;11;12;10;6;2;11;10;8;8;9;3;9;4;5;2;6;2;4;2;3;1;4;6;4;0;2;5;1;4;5;3;3;3;2;3;4;2;3;3;1;1;2;1;1;0;1;1;0;1;0;0;2;1;0;0;0;0;0;0;0;0;0;0;0
280060505000015;1;1103;1103;320;195;233;141;18;8;57;3;37;0;61;4;21;3;2;0;0;0;0;23;2;1;0;1;2;4;1;1;3;3;0;5;17;19;26;23;17;16;26;28;26;24;19;23;20;23;22;21;25;18;17;27;21;26;19;23;20;15;24;17;24;24;14;25;23;27;16;17;14;16;21;18;9;14;13;11;9;10;13;13;5;5;10;10;13;4;7;6;9;8;7;7;5;2;3;3;2;3;1;3;3;5;2;5;0;2;3;2;2;0;3;1;0;0;1;1;2;1;1;0;0;0;0;0;0;0;0;0;0;0;0;0
280060505000016;1;555;555;152;111;149;56;20;4;1;3;36;0;2;0;10;11;0;0;0;0;0;5;0;1;0;0;0;2;0;1;0;0;1;0;15;13;16;16;14;11;12;11;10;13;12;12;6;11;11;9;13;8;4;10;6;9;11;7;15;15;9;11;7;12;11;4;11;16;10;12;11;9;7;15;6;5;6;6;4;6;10;4;4;3;8;2;3;4;7;3;6;2;3;2;3;2;4;2;0;0;0;0;0;1;1;2;2;0;0;0;1;0;0;0;1;0;0;0;1;0;0;0;0;0;0;1;0;0;0;0;0;0;0;0
280060505000017;1;1140;1140;324;211;262;179;30;16;6;4;63;2;16;0;25;1;1;0;0;0;0;22;0;3;1;2;2;1;3;1;1;4;3;1;19;29;29;31;25;22;22;23;16;23;27;28;22;33;24;28;18;20;19;27;25;18;24;20;26;23;21;16;19;24;27;28;26;23;25;14;15;10;17;24;20;16;15;8;8;12;9;10;12;8;2;3;5;8;3;6;3;3;2;4;7;2;5;2;4;0;1;0;3;5;3;2;1;1;2;0;0;2;1;2;2;0;1;0;1;1;0;1;0;2;0;0;0;0;0;0;0;0;0;0
280060505000018;1;966;966;210;147;191;162;21;19;32;2;56;0;80;9;23;14;0;0;0;0;0;17;0;1;3;3;1;2;1;0;2;2;2;0;26;21;23;29;21;23;13;19;37;17;18;21;15;21;21;27;16;17;28;19;18;23;32;22;15;16;18;23;28;25;11;16;13;12;12;10;9;7;16;12;10;9;8;9;9;5;11;7;18;11;7;9;6;4;2;4;5;6;11;7;3;1;1;4;3;1;0;0;1;2;0;1;0;1;1;0;0;1;0;0;0;0;0;0;0;0;0;0;0;0;0;0;0;0;0;0;0;0;0;1
280060505000019;5;583;583;176;101;133;85;9;7;1;3;46;0;8;0;9;1;0;0;4;0;0;17;2;1;1;2;1;2;1;2;1;0;1;3;14;17;12;12;13;14;11;7;3;15;13;10;8;5;12;16;12;11;7;10;7;11;13;11;11;7;10;9;6;10;11;5;7;4;6;5;9;11;8;10;5;8;14;5;14;8;5;2;5;4;3;5;9;7;5;6;5;3;3;9;2;3;4;4;4;2;4;0;3;2;1;1;2;3;2;1;1;2;3;1;0;0;1;0;0;0;1;0;1;0;0;0;0;0;0;0;0;0;0;0
280060505000020;5;546;546;166;100;129;60;8;6;5;2;27;2;12;0;17;2;1;5;4;0;0;5;1;1;1;0;0;1;1;0;0;0;0;0;9;5;9;11;5;5;9;8;9;13;12;7;8;10;15;9;14;8;12;6;10;9;12;13;9;14;12;14;6;7;10;4;6;4;4;11;9;9;13;9;13;6;6;8;6;13;8;7;4;6;2;4;7;4;4;8;4;3;2;2;4;1;4;8;4;4;0;3;2;1;1;3;2;3;1;3;2;2;2;0;1;0;2;0;0;1;0;0;0;0;0;0;0;0;0;0;0;0;1;0
280060505000021;5;354;344;96;62;74;44;14;3;1;3;24;4;6;0;10;0;0;0;3;0;0;8;0;0;2;1;0;0;1;0;0;0;2;2;5;1;4;3;7;3;6;14;5;8;4;7;5;6;7;5;6;5;6;1;5;12;12;6;5;7;8;6;8;6;7;5;7;7;8;5;5;5;3;4;7;1;5;4;7;5;5;4;7;3;1;4;5;4;3;1;2;3;3;0;2;1;2;3;2;1;2;2;2;3;1;0;2;3;0;1;0;1;0;0;0;1;0;2;0;0;1;0;0;1;0;0;0;0;0;0;0;0;0;0
280060505000022;5;316;316;94;67;85;30;0;4;5;0;13;0;9;0;9;0;0;0;0;0;0;5;1;1;0;0;1;0;0;1;1;0;0;0;6;3;4;7;9;4;5;5;10;6;5;4;6;3;7;5;8;5;4;2;5;10;4;7;6;5;12;1;10;6;9;11;3;6;7;10;3;2;2;9;1;4;6;6;4;2;2;2;3;3;8;3;4;2;1;0;1;3;0;1;0;0;1;0;3;2;0;0;2;1;2;0;1;0;0;0;0;0;0;2;0;0;0;3;1;0;1;0;0;0;0;0;0;0;0;0;0;0;0;0
280060505000023;8;60;59;12;10;29;3;1;1;0;0;1;0;0;0;0;0;0;0;2;0;1;3;1;0;0;0;0;1;0;0;0;0;1;0;1;0;0;0;3;1;2;0;2;1;2;0;1;3;2;1;2;0;3;0;2;2;1;1;0;0;1;1;1;0;1;0;0;0;2;0;1;1;1;2;1;2;0;0;0;1;1;1;0;0;1;1;0;0;0;0;0;1;0;0;1;1;0;0;0;1;1;0;0;0;0;0;1;1;0;0;1;0;0;0;0;0;0;0;0;0;0;0;0;0;0;0;0;0;0;0;0;0;0;0
280060505000024;7;141;130;49;27;9;18;5;3;3;0;7;0;2;0;1;4;1;0;1;0;11;1;0;0;0;0;0;1;0;0;0;0;0;0;0;2;1;1;1;0;0;3;3;2;1;0;3;4;2;2;1;3;5;2;3;4;2;0;3;1;4;0;1;2;0;2;3;0;3;0;1;4;0;1;2;2;2;6;5;5;4;0;1;5;1;3;2;3;2;2;1;1;1;3;0;2;3;2;1;2;2;1;0;1;0;1;0;0;0;0;1;0;1;0;0;1;1;0;0;0;0;0;0;0;0;0;0;0;0;0;0;0;0;0
280060505000025;8;506;506;149;89;141;51;11;9;0;0;43;3;3;0;4;3;0;0;0;0;0;7;1;0;0;1;1;1;1;0;0;0;2;0;3;9;7;10;9;5;9;10;13;12;15;10;9;10;5;11;13;6;8;7;8;9;10;6;7;10;9;8;9;7;9;12;7;9;11;5;8;3;5;12;5;5;6;13;7;4;6;5;4;5;2;5;5;3;4;2;2;2;6;4;3;6;0;5;2;5;3;1;2;7;2;2;2;8;3;1;1;0;0;2;0;0;1;1;0;0;0;0;1;0;1;0;0;0;0;0;0;0;0;0
280060505000026;8;264;264;76;57;65;31;8;4;3;0;14;0;5;0;1;0;0;0;0;0;0;10;1;0;1;0;1;0;1;0;2;1;1;2;6;6;6;8;7;1;5;1;4;10;4;10;4;3;5;5;8;7;4;4;5;5;3;5;7;3;5;7;5;6;4;5;5;1;4;4;5;6;1;3;2;2;1;4;2;3;2;3;2;1;1;0;2;1;2;4;2;3;0;1;1;2;1;1;3;0;0;0;1;3;1;1;0;1;0;2;1;0;0;1;0;0;0;0;0;0;0;0;0;0;0;0;0;0;0;0;0;0;0;0
280060505000027;8;687;687;189;121;202;84;24;7;3;0;24;0;2;0;15;16;0;0;0;0;0;13;0;1;0;4;2;0;0;2;1;0;2;1;11;10;19;17;19;10;22;10;18;16;11;24;14;15;13;14;10;18;10;13;8;14;11;11;21;10;14;13;11;3;11;9;14;16;4;10;5;12;9;6;8;6;7;8;8;7;8;5;5;5;8;5;6;6;4;6;4;3;4;8;0;4;5;1;2;1;1;4;0;3;4;2;1;1;1;3;3;1;1;2;1;1;2;1;0;1;0;1;0;0;0;0;0;0;0;0;0;0;0;0
280060505000028;5;479;473;131;91;125;78;7;8;4;0;12;0;5;0;11;1;6;0;0;0;0;9;0;0;3;0;2;1;1;2;0;0;0;0;2;12;10;6;6;5;10;9;5;11;16;14;13;20;17;6;12;16;11;6;7;13;10;6;8;8;8;6;13;5;9;11;4;1;10;7;9;4;9;4;9;10;3;9;8;5;3;3;1;0;1;2;7;6;3;4;3;5;1;4;3;2;2;0;4;4;1;0;2;1;2;0;0;0;0;3;0;0;0;0;0;0;0;0;0;0;0;0;0;0;0;0;0;0;0;0;0;0;0;0
280060505000029;7;16;16;7;4;3;2;0;0;0;0;0;0;0;0;0;0;0;0;0;0;0;0;0;0;0;0;0;0;0;0;0;0;0;0;0;0;1;0;0;0;0;0;0;0;0;0;0;0;0;0;0;1;0;0;2;0;0;0;0;1;1;0;1;0;0;0;1;0;1;0;0;0;0;0;0;0;0;0;0;0;0;0;0;0;0;0;0;0;0;0;0;1;3;0;0;0;2;0;1;0;0;0;0;0;0;0;0;0;0;0;0;0;0;0;0;0;0;0;0;0;0;0;0;0;0;0;0;0;0;0;0;0;0;0
280060505000030;7;138;138;44;31;38;6;3;2;3;1;4;0;3;0;2;0;0;0;1;0;0;2;0;0;1;0;0;0;0;1;0;0;0;0;0;0;3;4;0;2;2;1;1;2;2;2;4;3;3;4;1;1;4;2;2;3;2;3;4;4;1;3;2;4;2;2;2;3;1;2;1;0;0;2;1;1;0;3;1;0;3;2;1;5;3;2;1;3;4;0;2;3;1;2;1;4;1;0;2;1;0;0;0;0;1;0;1;1;0;1;0;0;0;0;0;0;0;0;0;0;0;0;0;1;0;0;0;0;0;0;0;0;0;0
280060505000031;1;778;778;226;161;175;80;61;5;1;2;28;0;9;0;23;2;5;0;0;0;0;18;1;1;1;1;2;2;2;3;2;1;1;1;24;19;16;24;19;11;22;12;21;16;17;13;20;17;14;16;13;12;13;13;16;15;11;16;8;18;18;20;20;16;27;16;22;12;13;16;17;13;11;11;7;5;6;8;12;8;4;5;4;1;7;3;3;2;8;0;3;1;4;4;3;3;3;1;0;2;0;0;0;2;0;0;1;1;1;0;0;0;0;0;0;0;0;0;0;0;0;0;0;0;0;0;0;0;0;0;0;0;0;0
280060505000032;1;835;835;233;149;205;116;11;9;13;1;66;0;3;1;20;2;4;0;1;1;0;18;0;0;2;3;1;0;1;2;1;2;4;2;18;12;12;14;24;15;24;16;21;21;15;21;16;17;21;12;16;11;12;14;16;8;16;18;23;15;9;14;16;23;10;13;14;19;18;18;19;9;10;11;12;7;14;11;14;8;8;7;6;12;9;4;3;6;8;5;8;1;3;4;5;2;2;4;1;1;2;1;2;1;2;0;1;2;1;1;1;1;0;1;1;1;1;0;0;1;0;0;0;0;0;0;0;0;0;0;0;0;0;1
280060505000033;1;902;902;269;201;205;122;25;8;9;1;18;0;13;1;15;3;12;0;0;0;0;18;2;3;1;3;1;2;1;1;1;2;0;1;17;21;17;15;13;21;21;7;21;22;16;14;19;17;12;8;14;20;16;14;20;21;12;14;11;21;17;28;29;27;17;16;19;16;19;16;12;23;13;17;18;11;15;11;10;5;18;11;10;11;8;10;2;4;11;2;4;3;5;5;1;1;2;1;1;2;0;0;0;3;1;0;1;0;1;0;1;1;0;1;0;0;0;0;0;0;0;0;0;0;0;0;0;0;0;0;0;0;0;0
280060505000034;1;596;596;172;107;148;79;7;14;8;2;32;1;10;1;14;0;1;0;0;0;0;7;0;0;0;1;1;1;1;1;0;2;0;0;15;9;4;8;11;7;5;9;9;8;14;7;9;17;13;10;15;12;5;11;12;9;12;11;13;7;14;24;8;18;11;10;10;8;18;7;9;6;10;14;5;9;2;8;11;4;5;9;2;8;5;8;3;1;3;6;7;2;3;7;2;4;5;7;1;1;1;4;3;3;1;2;1;1;1;3;3;2;1;1;0;1;0;0;1;1;1;0;0;1;0;0;0;0;0;0;0;0;0;0
280060505000035;1;887;887;230;154;222;140;18;14;9;3;64;2;10;0;16;0;0;5;0;0;0;20;1;1;4;1;3;2;2;1;3;1;0;1;19;13;13;18;15;19;22;18;20;21;16;23;15;19;15;20;23;11;20;19;13;20;15;17;17;11;21;14;19;22;17;16;15;10;12;15;10;12;17;14;12;16;12;6;11;11;8;8;8;9;8;7;5;4;7;5;3;4;4;5;3;7;1;2;1;1;0;1;2;2;3;3;2;1;3;1;2;1;1;2;0;2;0;2;0;2;0;1;0;1;0;0;0;0;0;0;0;0;0;1
280060505000036;1;690;690;209;138;172;74;18;13;2;5;35;1;11;1;9;2;0;0;0;0;0;9;2;1;0;0;1;0;2;0;0;1;1;1;14;17;9;10;23;13;14;10;11;14;8;8;10;16;14;17;17;9;17;19;17;21;15;16;18;12;11;16;16;15;12;12;7;8;9;13;6;5;7;7;10;9;12;10;8;8;9;7;5;5;3;7;8;0;8;3;3;3;7;3;3;1;4;3;3;2;0;2;4;4;3;1;1;0;1;1;1;1;0;0;2;1;0;0;0;0;2;0;0;0;0;0;0;0;0;0;0;0;0;0
280060505000038;1;487;487;121;79;124;95;10;2;4;1;30;1;10;0;7;3;0;0;0;0;0;10;0;0;1;0;2;0;1;3;1;2;0;0;11;10;8;6;16;11;8;11;10;21;10;18;21;14;17;9;9;12;6;2;10;4;4;8;9;6;7;13;4;6;11;9;8;10;5;6;7;5;6;7;6;5;9;5;4;8;6;3;4;1;2;11;4;4;0;1;2;2;1;2;1;3;2;0;1;2;1;0;0;3;0;1;1;1;3;0;0;1;0;0;0;0;1;0;1;0;0;0;0;0;0;0;0;0;0;0;0;0;0;0
280067005000001;1;277;277;93;47;49;32;7;2;2;1;16;0;12;1;13;0;2;0;0;0;0;1;0;0;0;0;0;0;0;0;0;1;0;0;4;6;1;3;2;3;5;4;3;2;6;2;5;6;6;4;6;2;3;4;5;4;5;4;4;6;3;3;0;2;5;2;5;1;4;3;2;7;3;7;3;9;3;6;7;5;5;1;5;3;5;2;0;1;4;2;2;1;1;5;0;5;7;0;2;4;2;4;2;3;4;2;2;4;1;2;1;0;1;1;1;0;0;1;1;1;3;0;0;0;0;0;0;0;0;0;0;0;0;0
280067005000002;1;622;620;214;104;110;88;5;9;20;0;32;2;16;2;13;1;2;0;4;0;0;5;0;1;1;0;0;0;0;0;0;2;1;0;5;3;11;3;5;3;7;6;7;4;9;6;8;15;7;10;20;8;6;11;12;8;8;6;8;12;7;9;11;13;11;13;9;9;8;7;10;5;10;11;10;9;8;13;6;8;11;9;7;8;5;2;7;8;4;12;9;5;5;10;8;5;8;4;12;6;7;7;4;5;1;3;2;7;8;5;2;1;2;3;2;2;1;2;0;2;0;2;0;2;1;0;2;0;2;0;0;0;0;2
280067005000003;1;802;802;265;133;160;123;8;5;15;5;49;2;17;3;9;0;5;0;3;0;0;7;1;1;1;2;1;0;0;0;1;0;0;0;15;7;12;7;12;10;21;10;8;11;9;16;18;8;9;10;15;11;6;16;10;19;9;19;18;19;11;10;12;16;11;14;9;16;8;10;10;9;7;12;15;16;15;9;10;14;13;10;11;7;8;5;9;6;4;7;4;5;11;6;3;6;7;6;10;9;8;5;6;6;6;5;3;5;1;3;1;3;2;2;2;1;4;6;1;2;1;3;2;3;3;1;1;1;0;1;0;1;0;0
280067005000004;1;478;478;161;94;106;66;1;4;6;4;13;0;8;0;11;0;4;0;0;0;0;4;0;1;1;0;1;0;0;0;1;0;0;0;5;6;2;5;4;7;3;6;4;8;15;2;5;13;5;6;4;10;7;8;9;4;8;11;5;13;11;13;7;9;9;7;3;8;4;6;4;7;7;11;9;5;4;9;10;4;6;2;7;8;5;4;5;7;9;5;4;4;2;5;7;5;8;5;3;6;4;5;3;5;6;3;1;2;1;1;0;4;1;3;0;1;1;0;0;0;0;0;1;1;0;1;0;1;0;0;0;0;0;0
280067005000005;1;942;942;251;173;257;127;24;13;2;3;40;0;15;0;15;4;18;0;0;0;0;16;0;3;1;2;1;2;1;0;0;1;2;3;16;8;13;12;21;19;15;18;11;19;19;18;18;25;24;17;19;16;21;22;14;18;11;27;13;12;12;7;12;20;18;19;15;17;17;16;10;9;12;15;21;17;16;13;11;22;9;10;8;12;9;4;6;7;8;6;10;7;8;6;3;5;6;5;3;8;6;4;1;7;2;1;1;1;1;1;2;2;2;1;0;2;1;0;0;0;0;1;1;0;0;4;0;0;0;0;0;0;0;0
280067005000006;1;532;532;144;87;136;88;24;6;3;1;20;0;10;0;5;2;6;0;0;0;0;12;1;0;4;1;0;0;2;1;0;1;1;1;12;19;13;23;15;16;11;16;15;9;13;8;16;17;11;10;7;9;6;7;19;7;9;9;11;5;12;10;10;8;5;8;14;5;7;4;7;3;7;8;5;6;5;7;5;6;5;6;6;9;1;1;4;1;1;1;1;1;2;2;0;1;3;0;4;0;2;1;2;2;1;2;1;2;0;1;0;0;0;2;0;0;0;0;0;0;0;0;0;0;0;0;0;0;0;0;0;0;0;0
280067005000007;1;311;307;84;38;61;63;1;6;3;0;43;0;5;1;5;0;1;0;0;0;0;5;1;0;0;0;3;0;1;0;0;0;0;0;4;3;5;5;3;7;8;5;7;5;4;7;4;7;8;13;5;11;7;3;8;8;2;5;4;4;5;4;5;4;4;3;3;3;6;6;2;4;6;6;5;5;6;2;4;5;7;3;3;3;4;3;1;0;0;2;2;5;0;2;1;2;3;1;4;0;3;2;3;1;0;0;1;0;0;0;0;1;0;1;1;1;0;1;1;2;1;0;0;0;1;0;0;0;0;0;0;0;0;0
280067005000008;1;597;596;172;112;160;75;15;6;7;0;29;0;8;1;9;1;2;0;0;0;0;9;2;2;0;2;0;0;1;1;0;0;0;1;8;9;10;15;14;13;11;16;4;19;11;12;15;13;12;7;6;9;8;11;12;11;10;14;12;7;12;9;15;8;6;7;15;7;14;7;11;9;10;9;8;9;5;9;8;11;7;3;4;5;6;5;6;5;6;3;3;5;1;2;1;8;0;5;1;6;4;1;2;3;2;4;2;0;2;0;0;0;1;1;0;0;0;0;0;1;0;1;2;0;0;0;0;1;0;0;0;0;0;1
280067005000009;1;774;774;216;158;225;64;10;11;5;2;43;0;13;0;11;5;9;0;2;0;0;10;0;2;1;1;2;1;0;0;1;0;1;1;11;10;8;11;14;11;14;9;7;11;14;8;14;12;14;16;14;11;12;15;16;12;16;16;14;11;12;14;9;8;7;16;7;11;15;19;18;14;18;14;10;11;14;11;9;13;15;7;8;6;9;8;8;5;9;7;3;6;7;14;10;5;4;0;5;4;8;4;3;2;4;1;3;5;2;2;4;6;0;1;1;1;0;0;0;1;0;0;0;0;1;1;0;0;0;1;0;0;1;1
280067005000010;1;869;869;220;148;233;157;16;13;7;0;52;0;11;0;10;0;2;0;0;0;0;17;1;3;0;2;0;0;3;2;1;0;0;5;17;19;15;21;20;15;17;16;19;17;17;30;28;24;29;26;21;23;15;12;14;19;13;9;13;10;16;13;12;13;9;13;11;17;17;12;10;16;12;12;16;14;9;6;20;8;5;8;9;10;8;11;3;2;7;3;4;4;3;7;2;5;3;3;0;1;2;1;0;0;0;1;0;3;1;1;0;0;0;0;0;0;4;0;2;0;0;0;1;0;0;0;1;0;0;1;1;0;0;0
280067005000011;1;1047;1045;322;199;244;168;14;10;7;3;49;3;17;0;9;2;0;0;0;0;0;14;1;1;1;0;3;0;2;1;0;1;3;1;18;21;11;18;15;15;11;20;20;16;21;13;16;20;17;18;13;19;16;25;13;32;24;21;17;18;15;18;24;23;18;21;12;16;29;22;18;18;14;19;14;10;14;8;19;11;15;10;12;16;16;13;10;9;15;8;10;9;2;6;4;7;4;4;4;2;3;1;5;6;4;1;1;2;1;3;1;5;1;2;1;1;0;2;3;1;0;0;0;1;0;0;0;0;0;0;1;0;0;0
280067005000012;1;662;662;197;134;186;66;7;3;6;1;36;0;14;0;10;0;0;0;2;0;0;6;1;0;1;0;2;1;1;0;0;0;0;0;6;11;8;6;5;6;8;7;13;7;8;10;16;10;12;12;17;9;12;9;10;13;10;9;8;12;8;11;8;10;12;18;9;7;14;11;11;6;16;22;6;13;15;12;9;11;10;7;2;6;8;8;8;11;8;4;6;3;4;9;4;2;6;6;4;6;4;4;4;5;5;1;4;5;3;4;1;3;1;0;2;1;2;0;1;0;0;0;1;0;0;0;0;0;0;0;0;0;0;0
280067005000013;2;387;384;111;73;113;71;0;2;0;0;12;0;1;0;2;1;1;0;0;0;0;5;0;1;0;2;1;0;0;0;0;1;0;0;10;9;9;9;11;3;4;6;11;5;4;8;9;7;13;12;9;6;9;7;9;11;5;8;1;4;6;8;7;4;4;3;9;6;6;3;4;6;6;11;5;5;4;6;7;5;3;4;4;3;3;2;1;0;2;5;2;4;2;2;3;4;3;2;3;0;1;0;0;2;2;0;1;2;1;0;0;3;0;0;1;0;0;1;0;1;0;0;1;0;0;0;0;0;0;0;0;0;0;0
280067005000014;1;977;962;292;159;232;138;13;12;11;1;69;0;13;1;20;0;0;0;1;0;15;16;1;0;4;1;2;1;1;1;1;1;2;1;22;14;13;21;22;14;15;24;15;17;17;18;27;29;20;18;15;18;20;18;17;22;17;12;11;15;19;8;13;15;11;16;13;16;8;17;9;23;12;10;16;15;15;14;21;19;7;12;12;8;9;11;8;4;8;8;8;9;6;3;6;2;3;3;7;6;5;3;5;4;7;3;7;0;5;2;2;3;4;1;1;1;1;0;1;0;0;1;0;1;0;1;0;0;0;1;0;0;0;1
280067005000015;1;647;647;182;112;141;136;14;7;2;0;38;3;6;0;6;0;0;0;0;0;0;13;2;1;2;0;1;0;0;3;1;1;1;1;12;11;19;13;17;10;11;14;23;8;14;12;22;16;26;12;12;19;9;8;14;14;15;12;5;8;5;3;7;11;10;11;5;13;10;14;13;12;7;11;8;6;8;4;7;8;5;9;7;3;5;4;2;4;4;1;1;6;5;2;4;1;3;4;5;7;3;2;1;2;4;2;1;2;0;0;2;1;1;0;1;0;0;0;1;0;0;0;0;0;0;0;0;0;0;0;0;0;0;0
280067005000016;1;455;455;126;71;98;75;10;8;2;1;42;4;5;0;6;4;2;0;1;0;0;11;1;2;1;1;1;0;1;0;0;1;2;1;4;10;10;8;13;12;5;8;8;12;10;7;2;9;11;14;8;11;9;5;18;7;17;6;8;9;9;11;8;4;9;3;5;3;7;7;4;6;6;9;5;5;8;2;3;7;4;6;5;3;3;3;2;0;2;5;3;1;1;0;3;2;1;5;3;5;1;3;2;2;4;3;0;1;0;0;0;0;1;2;1;1;1;0;0;0;1;0;2;0;0;0;0;0;0;0;0;0;0;0
280067005000017;1;402;402;108;58;92;80;8;5;1;1;33;2;7;0;5;0;2;0;0;0;0;6;0;1;0;0;1;0;1;0;0;0;1;2;7;7;7;6;7;5;8;10;5;7;7;11;10;12;13;9;12;6;12;6;12;9;8;7;5;3;6;6;2;5;1;2;5;8;4;4;4;5;5;8;6;7;6;9;4;5;0;5;2;2;3;3;1;4;6;3;5;1;3;0;1;2;2;3;4;1;2;3;1;4;0;0;0;3;2;1;1;3;0;1;0;0;1;2;0;1;1;0;0;0;2;0;0;1;1;0;0;0;1;1
280067005000018;2;761;761;222;130;193;115;12;10;8;0;36;0;11;0;19;1;3;0;1;0;0;17;1;2;1;3;3;2;0;0;0;1;3;1;17;9;23;16;19;21;18;12;14;16;21;14;17;11;21;9;15;14;12;16;21;15;12;17;12;14;13;12;8;15;8;8;9;7;6;11;7;6;5;8;8;7;11;7;9;16;7;7;8;10;6;1;3;9;3;8;5;7;7;5;6;5;5;3;3;6;4;3;0;2;4;0;3;3;0;1;2;4;1;5;0;3;2;2;1;1;0;0;1;0;0;0;1;0;0;0;0;0;0;0
280067005000019;1;893;885;258;154;217;136;9;15;7;1;61;1;9;0;13;2;1;0;1;0;8;10;0;2;0;1;1;1;0;1;0;0;2;2;19;14;19;10;16;14;18;14;16;12;17;21;24;16;19;20;8;11;12;13;18;14;19;20;13;11;17;18;14;13;11;15;18;18;14;19;15;12;11;14;8;11;9;11;11;17;12;7;9;6;7;7;10;5;7;7;4;7;7;13;7;5;3;3;10;4;3;7;5;7;5;6;5;1;0;1;2;3;2;1;1;1;1;1;0;1;0;2;1;0;1;0;0;0;0;0;1;0;0;1
280067005000020;1;1086;1086;292;191;321;152;18;14;4;6;70;3;4;0;11;0;0;0;0;0;0;12;2;2;1;0;1;0;4;0;1;0;1;0;19;19;15;17;20;20;14;21;20;26;30;23;28;25;26;24;24;21;21;16;23;13;20;14;23;14;20;18;18;16;22;12;21;8;18;12;12;21;20;19;14;18;17;17;16;14;8;13;7;11;11;5;4;13;12;10;10;9;2;9;5;6;3;5;4;1;7;3;3;6;7;5;2;1;1;1;3;1;0;3;0;1;4;2;0;1;2;1;0;2;0;0;0;0;0;0;0;1;0;0
280067005000021;1;844;844;244;146;197;108;20;3;23;0;44;0;27;2;29;0;1;0;0;0;0;21;2;4;2;1;0;1;0;3;2;2;1;3;13;17;10;11;13;12;18;13;14;18;24;10;19;10;13;25;16;16;23;18;21;26;19;16;17;12;18;15;11;14;12;10;9;12;12;12;15;9;17;12;6;6;12;10;8;14;14;12;8;6;11;9;6;5;3;7;3;9;3;6;6;2;6;9;4;5;2;4;3;2;1;1;3;3;0;1;0;2;1;1;0;1;0;0;0;0;0;2;1;0;1;1;0;0;0;0;0;1;0;0
280067005000022;2;849;849;233;158;252;99;18;5;6;1;57;1;7;2;8;0;2;0;0;0;0;16;2;1;2;0;1;0;1;3;2;3;1;0;13;10;9;12;13;13;11;12;22;18;19;22;21;16;27;18;27;21;16;12;19;16;20;18;10;10;17;9;8;13;13;15;14;10;15;12;12;8;13;7;11;11;10;12;9;15;12;10;7;8;7;5;4;8;4;9;3;5;6;2;6;4;2;7;8;4;5;7;8;6;4;3;1;0;4;1;1;3;0;3;0;2;0;1;0;1;1;0;0;0;0;0;0;0;0;0;0;0;0;2
280067005000023;8;458;458;127;87;144;57;9;6;2;0;21;0;4;0;1;0;0;0;0;0;0;8;1;2;0;0;0;1;1;0;0;0;2;1;5;10;7;13;7;13;10;10;8;18;7;8;9;3;8;12;8;10;9;7;10;9;4;8;9;10;5;5;10;8;7;5;9;6;6;4;3;2;5;6;5;2;8;5;7;7;4;6;1;5;5;3;5;6;2;5;2;3;3;12;6;6;2;4;4;2;3;2;1;0;1;0;0;0;2;1;2;1;1;0;0;0;1;1;0;0;1;0;0;0;0;0;0;0;0;0;0;0;0;0
280067005000024;8;732;732;183;120;202;99;7;8;3;1;82;0;4;0;15;2;6;0;0;0;0;6;0;0;3;0;0;1;0;1;0;0;1;0;13;13;15;13;10;11;12;11;15;23;19;14;22;15;14;21;14;8;12;12;17;13;14;22;16;6;13;5;13;12;10;6;12;13;9;11;7;15;9;8;10;3;9;9;10;4;5;9;8;7;3;9;6;9;7;4;7;4;5;4;7;5;7;8;2;8;0;3;5;7;2;1;0;2;4;1;2;1;2;2;1;1;1;0;0;1;0;0;1;0;0;0;0;0;0;0;0;1;0;1
280067005000025;8;355;355;114;70;96;50;4;2;0;0;7;2;1;0;6;1;1;0;1;0;0;2;0;0;0;0;0;0;0;0;0;2;0;0;10;4;3;1;3;3;8;6;10;1;4;8;5;7;10;6;4;8;3;10;7;2;7;7;7;4;6;9;10;9;3;9;9;6;3;6;5;8;7;2;3;6;4;11;9;3;2;2;2;5;1;7;1;3;3;3;3;8;2;4;0;2;1;2;6;2;0;4;0;0;0;1;4;0;3;1;1;1;0;2;0;0;0;0;1;0;0;0;0;0;0;0;0;0;0;0;0;0;0;0
280067005000026;8;1150;1147;325;247;376;111;9;11;2;1;44;0;8;0;15;1;0;0;0;0;0;15;1;1;1;1;2;2;0;1;1;2;2;1;16;13;12;21;19;15;16;19;24;23;20;31;20;28;36;25;26;17;19;14;22;20;19;21;21;19;22;25;12;24;15;20;14;18;21;21;16;19;12;12;16;18;19;10;10;17;15;7;14;13;9;6;11;10;7;9;8;8;10;11;9;11;9;9;4;8;9;7;8;8;5;5;4;7;5;1;3;1;1;2;1;0;0;0;0;0;1;0;0;0;0;1;0;0;1;0;0;0;0;0
280067005000027;8;524;524;145;98;141;87;9;4;1;0;26;2;2;0;7;1;1;0;0;0;0;6;0;0;0;1;0;1;0;0;0;1;2;1;10;9;6;10;13;8;9;8;10;12;14;14;9;17;9;17;14;15;5;7;12;10;9;10;8;10;11;7;6;14;4;10;7;6;8;8;7;7;9;2;9;8;7;5;8;1;4;4;8;4;4;5;2;3;1;2;2;4;1;5;6;4;2;3;3;4;2;0;2;0;1;3;0;0;1;1;1;2;1;0;2;4;1;0;2;2;0;0;1;0;1;0;0;0;0;0;0;0;0;1
280067005000028;8;847;847;221;134;274;106;30;7;2;2;47;0;7;0;11;1;5;0;0;0;0;11;1;0;4;2;1;0;1;0;0;1;0;1;14;8;16;15;11;17;7;16;18;28;20;25;21;17;32;23;23;15;17;17;16;9;11;11;17;16;13;12;15;11;8;15;11;7;13;11;9;11;16;19;5;7;11;7;10;12;8;11;8;7;10;9;2;3;7;6;6;7;11;4;7;6;5;5;5;7;4;1;2;2;1;1;3;2;2;3;1;0;2;1;2;0;4;0;2;0;0;0;0;2;0;0;0;1;1;1;0;0;1;0
280067005000029;5;340;340;87;53;109;55;0;5;1;1;22;1;1;0;5;0;0;0;0;0;0;3;1;0;0;0;0;0;0;1;0;0;0;1;5;5;7;6;8;7;9;3;2;7;8;8;10;6;7;11;10;13;5;7;8;6;4;7;4;3;0;4;4;3;4;2;4;3;3;4;6;6;1;5;3;3;9;6;5;4;3;3;0;5;2;2;2;2;1;2;3;2;0;3;4;3;5;4;2;2;4;2;2;1;2;1;1;2;4;0;0;0;0;3;0;3;2;1;0;0;1;1;0;0;0;0;1;0;0;1;0;0;0;0
280067005000030;5;552;552;140;91;170;78;11;5;1;0;39;2;5;0;3;1;6;0;0;0;0;13;1;1;0;1;2;2;1;0;1;4;0;0;12;10;11;11;17;10;9;7;12;16;12;12;15;17;12;11;8;15;7;10;9;7;4;8;11;9;12;4;15;10;11;7;11;8;7;9;13;13;3;5;4;8;5;1;6;3;5;4;5;4;5;4;3;4;5;3;4;4;2;4;5;6;5;4;2;5;3;3;1;0;3;1;0;3;1;1;1;1;0;0;0;0;0;0;0;1;0;0;0;0;0;0;0;0;0;0;0;0;0;0
280067005000031;4;802;802;228;138;214;125;5;10;4;0;61;4;5;0;5;0;3;0;0;0;0;12;2;1;2;1;1;0;0;0;3;1;1;0;20;11;6;12;21;13;14;13;16;20;18;19;11;14;19;18;10;20;16;11;13;14;16;14;12;5;13;12;12;10;12;14;23;7;9;9;8;12;19;14;9;16;11;10;10;2;8;4;8;8;4;6;3;3;3;10;4;8;4;6;8;7;7;4;5;8;5;4;3;9;2;3;6;5;1;2;3;1;4;0;2;0;0;2;2;3;2;2;0;1;0;0;1;0;0;0;0;0;0;1
280067005000032;4;775;775;204;137;222;88;32;8;3;2;40;6;13;2;11;1;6;0;0;0;0;14;1;1;1;0;0;1;3;2;0;3;2;0;9;16;14;18;14;14;15;15;22;19;19;22;16;19;26;22;20;12;27;11;8;14;11;11;13;9;9;8;10;15;8;13;13;14;11;11;10;11;16;8;14;12;7;9;7;11;3;9;13;8;2;6;6;10;3;5;7;3;9;1;2;3;4;5;3;0;2;2;3;2;1;2;0;0;1;1;0;1;1;2;1;1;1;0;0;2;1;1;0;0;0;0;0;0;0;1;0;0;0;0
280067005000033;8;472;472;122;75;154;53;9;3;4;2;37;1;5;0;6;0;1;0;0;0;0;7;0;1;1;0;0;1;1;0;2;0;0;1;11;12;11;12;10;9;13;8;10;9;14;7;10;16;10;7;7;10;8;10;4;12;4;8;11;7;9;6;4;5;4;3;5;9;7;5;6;9;9;4;4;4;3;2;8;2;6;2;5;3;3;3;5;4;0;3;8;7;2;6;1;4;3;7;2;3;5;1;2;1;0;1;2;4;2;0;3;1;2;1;0;0;0;1;1;0;1;0;0;0;1;0;0;0;0;0;0;0;0;1
280067005000034;8;424;424;110;70;137;51;0;4;6;0;27;1;12;1;5;0;0;0;0;0;0;6;1;0;1;1;0;1;0;0;1;1;0;0;6;11;5;6;5;8;6;6;8;8;5;7;14;9;11;9;7;8;8;4;12;6;8;9;14;6;11;5;6;6;10;9;10;4;4;3;5;7;9;7;2;11;4;7;1;3;3;5;5;2;4;2;3;2;4;5;3;5;6;5;2;3;3;5;0;2;1;0;0;1;1;1;1;1;2;0;0;0;1;2;1;0;1;0;2;0;1;1;0;1;0;0;0;0;0;0;0;1;0;0
280067005000035;4;307;307;89;56;93;24;1;5;3;0;18;0;12;0;5;1;0;0;0;0;0;6;0;0;1;0;1;0;1;0;2;1;0;0;3;3;2;2;3;1;5;6;7;4;5;9;5;7;10;8;4;5;5;8;9;6;7;2;3;5;4;4;3;6;4;8;5;5;3;6;5;1;6;5;4;5;10;4;3;4;3;2;1;2;2;3;0;3;0;3;1;2;0;5;4;8;3;3;3;4;2;2;1;4;2;3;1;0;0;0;1;0;0;0;0;1;0;0;0;0;1;1;0;0;0;0;0;0;0;0;0;0;0;1
280067005000036;8;455;455;120;78;146;47;7;5;6;1;20;0;13;1;10;1;0;0;0;0;0;13;1;2;1;0;3;1;0;1;1;2;0;1;5;8;5;11;7;4;2;13;12;11;13;8;13;6;7;10;9;10;12;6;2;12;8;11;9;6;8;8;6;4;9;8;9;7;7;4;4;6;7;6;5;7;4;0;0;6;0;8;2;4;7;7;10;1;4;3;6;5;5;5;2;2;2;1;3;3;5;0;2;1;0;2;1;1;2;1;0;0;2;1;3;1;1;0;0;0;2;0;0;0;0;0;1;0;0;0;1;0;0;0
280067005000037;8;612;612;174;100;193;77;4;7;5;0;37;1;8;1;5;0;0;0;0;0;0;5;0;1;1;0;0;1;1;1;0;0;0;0;8;11;12;8;11;12;12;11;20;9;16;15;13;18;12;17;13;10;17;11;5;12;9;8;11;11;9;9;10;9;5;9;9;9;6;10;8;8;8;4;3;14;5;9;8;5;10;3;7;7;7;5;2;7;11;5;4;2;2;0;5;3;2;3;3;6;6;2;3;3;3;2;2;3;4;3;1;5;2;0;1;0;1;1;0;1;0;0;0;0;0;0;0;0;1;0;0;0;0;0
280067005000038;8;671;667;181;121;210;69;20;6;3;3;39;1;11;0;7;0;0;0;0;0;0;8;0;1;1;0;0;1;1;0;2;0;2;0;10;14;12;9;8;18;15;18;4;16;16;14;16;18;17;10;14;16;15;12;10;12;8;9;8;5;15;12;10;17;17;9;11;4;13;4;6;2;8;7;7;9;8;8;4;8;7;7;8;8;6;5;8;5;7;8;6;5;7;1;2;5;4;6;4;3;3;3;4;7;1;3;3;1;2;2;4;1;2;2;1;0;2;0;1;0;0;0;0;1;1;0;2;0;1;1;0;0;0;0
280067005000039;2;531;531;151;97;145;76;12;5;4;1;30;0;3;0;3;1;2;0;1;0;0;10;1;0;1;1;3;0;0;0;0;2;1;1;9;8;11;8;9;14;13;6;13;15;7;14;12;19;8;4;7;16;7;8;7;11;7;6;10;8;12;5;9;6;7;8;12;15;9;4;6;10;6;5;7;7;5;9;4;4;6;11;2;8;6;8;1;2;4;3;4;7;1;3;3;5;3;2;2;3;3;0;2;3;1;1;3;4;1;0;0;1;1;3;1;2;1;0;1;1;1;0;0;0;0;0;0;0;0;0;0;0;0;0
280067005000040;1;249;249;84;47;58;41;6;3;0;0;8;0;0;1;0;0;0;0;1;0;0;7;0;1;2;0;1;0;0;0;0;0;3;0;4;9;6;7;9;4;6;4;8;4;2;6;2;6;1;7;6;4;5;3;2;6;4;5;6;4;4;5;11;5;0;9;5;4;6;9;3;5;5;6;2;3;3;1;4;5;1;3;1;0;0;2;0;0;1;0;1;1;1;0;0;0;1;3;0;1;0;0;0;0;0;0;0;0;0;0;0;0;0;0;0;0;0;0;0;0;0;0;0;0;0;1;0;0;0;0;0;0;0;0
280067005000041;5;63;63;17;11;17;11;0;1;0;0;4;2;0;0;0;0;0;0;0;0;0;0;0;0;0;0;0;0;0;0;0;0;0;0;2;0;3;1;1;0;2;1;2;1;0;3;1;1;1;2;2;1;2;2;2;2;1;2;0;0;0;2;0;1;1;0;0;1;1;1;1;0;2;0;1;0;0;1;3;0;0;0;2;0;0;0;0;0;1;1;1;0;2;0;1;1;0;0;1;0;0;0;0;1;0;0;0;0;0;1;0;1;0;0;0;0;0;0;0;0;0;0;0;0;0;0;0;0;0;0;0;0;0;0
280070405000001;1;508;501;148;85;136;61;3;8;4;1;36;3;7;0;10;4;0;0;0;0;0;8;1;1;1;1;2;0;1;0;0;1;0;0;9;10;3;6;7;11;5;9;11;7;5;8;16;12;12;13;13;13;7;13;5;13;8;11;9;9;2;11;7;8;11;3;2;2;10;9;5;11;12;8;7;5;2;7;6;9;7;9;7;4;2;3;4;5;5;7;1;4;3;2;2;4;3;3;1;2;5;2;5;4;3;2;5;1;0;0;0;1;2;2;1;1;2;1;1;0;1;0;0;0;1;0;0;0;0;0;0;0;0;0
280070405000002;1;973;954;255;153;216;191;18;14;13;4;69;1;18;1;18;2;0;0;0;0;0;15;3;2;2;1;2;0;1;1;1;1;1;0;17;13;17;22;21;13;19;21;25;21;26;27;23;21;23;26;23;18;10;22;16;20;15;16;17;17;12;18;12;18;10;9;10;13;11;9;13;13;10;7;20;11;12;16;9;16;13;13;11;11;8;10;6;9;7;4;5;3;5;5;7;6;3;4;2;4;6;3;1;8;1;3;3;4;5;4;1;1;5;2;1;3;4;0;0;2;0;0;1;1;0;2;1;2;0;0;0;0;0;0
280070405000003;1;750;747;183;107;204;118;4;16;1;1;88;7;3;0;7;2;6;0;0;0;0;14;1;2;1;0;1;2;2;1;1;1;1;1;11;17;13;19;14;19;13;15;16;22;14;21;25;20;24;12;13;14;9;14;3;20;9;5;11;19;9;14;11;16;12;12;11;4;10;7;14;11;10;8;6;5;7;9;4;5;6;9;8;7;4;6;8;4;2;11;2;8;5;4;3;2;4;2;4;6;4;4;2;9;3;5;6;2;2;3;0;3;4;1;2;1;0;1;1;0;0;0;0;1;0;0;0;0;0;0;0;0;0;0
280070405000004;1;1266;1254;317;220;353;180;43;13;3;0;90;5;16;0;25;0;1;0;0;0;0;25;1;0;3;4;3;0;1;1;3;2;4;3;34;33;40;30;29;24;22;26;24;31;36;31;35;34;27;34;28;31;28;32;33;25;31;29;25;19;15;20;23;12;13;17;22;20;13;18;9;17;13;14;16;7;10;18;7;9;6;3;7;12;7;10;12;10;8;11;9;6;9;5;7;1;3;0;6;4;3;4;0;4;2;2;2;4;2;4;2;0;2;2;1;0;0;1;1;1;0;0;0;1;1;1;0;0;1;0;0;0;0;0
280070405000005;8;19;"X";"X";"X";"X";"X";"X";"X";"X";"X";"X";"X";"X";"X";"X";"X";"X";"X";"X";"X";"X";"X";"X";"X";"X";"X";"X";"X";"X";"X";"X";"X";"X";"X";"X";"X";"X";"X";"X";"X";"X";"X";"X";"X";"X";"X";"X";"X";"X";"X";"X";"X";"X";"X";"X";"X";"X";"X";"X";"X";"X";"X";"X";"X";"X";"X";"X";"X";"X";"X";"X";"X";"X";"X";"X";"X";"X";"X";"X";"X";"X";"X";"X";"X";"X";"X";"X";"X";"X";"X";"X";"X";"X";"X";"X";"X";"X";"X";"X";"X";"X";"X";"X";"X";"X";"X";"X";"X";"X";"X";"X";"X";"X";"X";"X";"X";"X";"X";"X";"X";"X";"X";"X";"X";"X";"X";"X";"X";"X";"X";"X";"X";"X";"X"
280070405000006;8;411;406;122;83;104;50;18;4;0;0;19;0;6;0;4;0;1;0;0;0;0;11;1;1;1;0;2;3;1;1;0;0;1;0;8;10;10;13;7;7;6;8;10;9;17;14;6;10;15;10;13;8;8;11;10;3;7;8;4;6;5;7;6;5;5;5;6;5;5;9;10;7;1;8;4;1;3;3;0;7;5;5;2;5;1;3;2;5;1;2;6;1;1;5;1;1;0;0;0;2;2;2;0;0;0;0;2;1;0;0;0;1;0;3;0;0;0;0;0;0;1;0;0;0;0;0;0;0;0;0;0;0;0;0
280070405000007;5;1057;1050;292;176;298;153;5;15;3;2;90;6;7;0;9;1;0;0;0;0;0;33;1;5;5;3;4;1;2;1;5;0;1;5;20;21;26;25;23;22;18;26;24;26;23;22;19;21;30;24;24;19;22;26;27;18;27;18;20;26;12;15;15;18;9;16;13;7;14;11;18;7;12;9;5;7;11;14;9;9;12;7;8;12;6;7;5;5;8;3;6;4;3;5;8;5;4;3;5;0;4;6;4;2;7;5;5;6;5;2;1;5;4;5;1;1;2;5;0;3;1;1;0;1;0;1;1;0;0;1;0;0;1;0
280070405000008;5;840;840;226;147;238;116;26;9;3;1;53;0;12;0;9;0;0;0;0;0;0;15;1;0;2;0;1;0;2;3;1;0;4;1;18;24;17;13;16;19;14;14;19;22;11;26;27;29;31;16;16;18;11;18;13;15;6;21;11;14;11;16;16;11;7;17;14;8;13;13;8;3;11;11;12;11;6;7;9;4;8;6;7;6;5;5;3;5;10;5;1;5;4;6;4;8;6;3;5;1;5;3;6;5;3;2;1;3;5;5;6;0;1;1;0;3;0;2;3;0;0;0;0;0;0;0;0;0;1;0;0;0;0;0
280070405000009;8;828;828;204;131;292;122;7;8;7;2;43;3;3;1;4;0;1;0;0;0;0;19;1;3;3;2;1;0;3;2;0;1;1;2;13;19;17;19;26;17;13;12;19;29;20;33;24;22;25;16;18;23;17;13;15;20;15;14;8;14;19;13;7;17;12;9;13;10;6;7;6;9;6;9;4;8;6;10;10;3;7;4;9;11;4;8;7;4;5;5;5;5;5;4;4;1;3;2;4;3;1;1;3;2;5;1;5;1;4;0;1;2;4;4;3;0;2;3;1;1;0;0;0;0;0;0;0;0;0;0;0;0;0;0
280070405000010;5;1;"X";"X";"X";"X";"X";"X";"X";"X";"X";"X";"X";"X";"X";"X";"X";"X";"X";"X";"X";"X";"X";"X";"X";"X";"X";"X";"X";"X";"X";"X";"X";"X";"X";"X";"X";"X";"X";"X";"X";"X";"X";"X";"X";"X";"X";"X";"X";"X";"X";"X";"X";"X";"X";"X";"X";"X";"X";"X";"X";"X";"X";"X";"X";"X";"X";"X";"X";"X";"X";"X";"X";"X";"X";"X";"X";"X";"X";"X";"X";"X";"X";"X";"X";"X";"X";"X";"X";"X";"X";"X";"X";"X";"X";"X";"X";"X";"X";"X";"X";"X";"X";"X";"X";"X";"X";"X";"X";"X";"X";"X";"X";"X";"X";"X";"X";"X";"X";"X";"X";"X";"X";"X";"X";"X";"X";"X";"X";"X";"X";"X";"X";"X";"X"
280070405000011;5;564;564;150;115;183;78;6;3;2;0;20;0;1;0;6;0;0;0;0;0;0;11;1;1;2;0;1;3;2;1;0;0;0;0;9;9;10;18;18;11;15;10;17;24;16;15;10;14;16;13;8;10;7;11;11;8;13;5;11;9;10;12;9;12;15;12;15;4;8;8;7;5;8;6;5;7;4;3;0;4;5;6;0;5;4;3;1;2;4;1;1;6;2;1;3;4;2;5;0;3;1;2;3;3;0;3;1;1;2;3;0;2;0;2;0;0;0;0;0;0;0;0;0;0;0;0;0;0;0;0;0;0;0;0
280070405000012;1;525;525;133;84;144;80;26;5;2;0;43;3;3;0;2;0;0;0;0;0;0;7;0;1;1;0;0;0;1;0;0;1;2;1;10;11;12;15;5;13;12;18;19;12;11;18;18;19;22;15;14;8;8;8;9;11;6;12;6;6;6;1;12;6;9;7;6;4;7;9;9;5;9;4;6;1;5;5;7;2;3;6;7;5;3;3;3;1;3;3;3;2;4;4;2;2;7;2;1;1;1;0;0;2;1;2;0;1;0;2;1;0;0;1;1;1;0;0;0;0;0;0;0;0;0;0;2;0;0;0;0;0;0;0
280100905000001;1;654;646;192;135;197;54;3;11;9;3;19;1;10;0;11;6;1;0;1;1;0;4;0;0;0;0;0;0;0;1;1;0;2;0;6;9;12;10;8;6;9;8;18;10;9;23;7;9;10;17;9;5;8;14;10;6;10;12;12;9;13;11;11;12;13;10;14;4;7;11;9;13;9;15;12;12;9;9;13;14;7;3;2;13;3;5;5;7;8;6;2;8;6;7;2;2;6;4;7;8;6;2;2;2;2;3;4;1;4;0;3;2;2;3;1;2;2;3;1;1;0;1;2;1;0;1;0;0;0;0;0;1;0;0
280100905000002;1;926;926;287;187;244;98;12;9;1;1;46;2;10;0;15;5;5;0;4;0;0;7;0;1;0;0;1;1;2;0;0;0;0;2;14;12;20;16;16;10;16;9;19;20;17;20;27;14;23;18;24;12;13;21;17;14;9;18;16;13;20;16;17;9;14;21;11;10;17;15;14;19;14;11;8;15;17;10;14;11;9;8;7;9;13;10;6;4;10;9;5;4;6;9;2;6;4;6;3;5;4;9;3;5;5;7;3;6;3;2;3;4;1;1;1;4;1;3;1;0;1;1;2;1;1;1;0;0;0;0;0;0;0;0
280100905000003;1;662;661;217;134;172;63;7;8;7;0;25;0;10;1;13;2;1;0;2;0;0;10;1;0;0;1;2;0;1;1;1;1;1;1;11;7;3;10;10;9;7;9;9;11;15;10;12;20;13;11;10;8;12;11;8;6;9;10;12;12;13;12;6;11;9;6;13;12;11;10;13;12;11;10;10;3;10;10;7;7;7;8;7;13;8;6;3;5;6;3;6;4;8;3;4;6;4;5;8;7;4;6;4;1;3;2;4;1;4;5;2;4;2;3;3;2;1;3;3;3;1;2;1;1;1;0;1;1;0;1;0;0;0;1
280100905000004;1;561;561;182;139;154;43;8;6;3;1;14;1;2;0;5;0;0;1;2;0;0;5;1;0;1;1;0;0;0;0;0;1;0;1;5;6;8;3;12;10;6;8;8;11;8;13;9;13;10;10;11;7;11;9;10;5;9;9;14;9;11;8;7;11;3;3;9;12;11;10;11;11;12;8;10;6;12;7;5;9;6;6;9;13;5;7;7;4;6;3;3;3;3;3;4;0;1;2;3;2;6;2;3;2;4;4;3;4;1;3;2;3;2;4;1;3;1;2;2;1;1;0;0;0;0;0;0;0;0;0;0;0;2;0
280100905000005;1;812;812;265;184;223;70;3;4;10;3;31;0;8;0;5;0;6;0;0;0;0;9;0;0;1;1;0;1;0;1;2;1;2;0;17;9;8;12;13;10;13;15;17;17;12;16;13;15;12;13;16;18;13;11;15;12;17;17;17;15;19;17;15;16;8;14;12;16;14;15;6;12;8;12;7;12;13;15;14;8;14;7;4;8;9;8;6;8;5;8;4;4;7;2;3;11;6;3;7;4;5;2;3;6;7;7;0;7;4;2;3;1;2;3;3;0;1;0;1;0;0;0;0;0;0;2;0;0;0;0;0;0;0;0
280100905000006;1;1080;1080;348;217;270;133;18;8;2;0;59;0;9;1;12;0;1;0;2;0;0;14;1;1;2;1;0;0;2;2;0;2;1;2;13;20;19;22;8;17;12;13;16;17;19;22;17;19;26;29;20;17;19;19;22;29;16;28;15;15;26;14;24;16;13;18;10;16;12;14;10;15;14;23;24;15;16;16;18;20;5;14;13;6;9;15;6;5;10;3;7;11;8;10;3;5;11;4;5;6;11;6;4;9;6;4;3;6;7;4;2;3;3;1;1;4;2;3;4;2;0;0;0;2;0;0;0;0;0;0;0;0;0;0
280100905000007;1;567;567;163;83;114;73;7;1;35;1;12;0;56;0;13;1;8;0;0;0;0;9;1;1;1;0;2;0;0;1;0;0;2;1;13;16;14;11;16;3;14;8;17;15;6;10;10;18;16;19;19;11;6;12;12;8;11;9;9;5;9;10;7;10;12;8;7;8;2;9;6;6;6;9;5;10;10;8;7;3;4;5;4;8;4;2;7;3;6;3;4;4;2;3;0;2;1;2;1;1;1;3;1;5;1;3;2;1;3;0;1;1;0;3;0;2;1;0;0;1;0;2;0;0;1;0;0;0;0;0;0;0;0;0
280100905000008;1;838;838;270;162;176;143;7;10;5;0;50;1;2;0;11;1;0;0;0;0;0;18;1;1;4;2;0;2;0;2;0;2;0;4;8;12;13;14;10;8;14;12;10;15;23;14;24;16;17;18;17;12;15;26;14;23;14;14;17;13;14;13;12;10;9;11;9;9;16;14;11;9;8;15;11;17;5;8;8;9;6;10;9;12;9;7;8;9;12;3;7;4;8;8;4;4;6;5;5;3;2;4;3;8;1;4;3;3;5;0;6;0;4;5;2;2;0;3;6;1;1;1;0;0;0;0;1;2;1;1;0;0;0;1
280100905000009;1;1059;1059;329;200;222;176;18;14;4;2;71;1;7;1;11;0;3;0;0;0;0;25;1;1;0;3;1;4;2;3;3;2;2;3;21;23;20;16;22;22;20;14;31;16;16;23;18;22;24;27;24;10;16;13;19;13;20;21;16;19;22;19;25;18;13;22;21;14;14;9;16;8;11;15;18;12;15;12;6;11;8;14;16;8;10;13;10;7;8;7;7;5;8;5;10;6;4;5;9;4;7;5;2;3;3;5;2;1;4;3;1;6;2;5;1;1;1;1;2;2;0;1;0;2;2;0;0;0;1;0;0;0;0;0
280100905000010;4;736;734;226;142;156;125;31;11;2;1;22;0;7;0;9;2;0;2;0;0;0;14;3;1;0;0;4;0;1;1;0;1;1;2;8;10;16;16;12;15;17;17;14;22;17;18;15;19;16;25;11;15;12;8;17;13;10;20;19;12;15;16;13;17;11;17;17;12;13;10;9;9;10;12;7;11;13;4;5;6;5;5;7;4;5;9;6;9;4;7;2;2;5;5;3;1;1;1;2;6;0;1;0;0;1;4;1;0;0;0;3;0;0;0;0;1;0;1;0;0;0;0;0;0;0;0;0;0;0;0;0;0;0;0
280100905000011;4;168;168;49;33;50;17;0;0;1;0;10;0;4;0;2;2;0;0;0;0;0;4;2;1;0;0;0;0;0;0;1;0;0;0;7;4;9;3;0;4;3;6;5;2;3;4;4;3;7;3;1;0;1;8;4;2;4;7;0;2;5;2;4;5;3;1;3;4;4;5;1;2;1;2;2;0;1;1;0;1;1;0;0;4;0;1;0;0;3;2;0;2;1;1;1;0;0;0;1;1;0;0;0;1;0;0;0;0;0;0;0;1;0;0;0;0;0;0;0;0;0;0;0;0;0;0;1;0;0;0;0;0;0;0
280100905000012;8;266;266;83;59;62;36;1;2;0;1;15;0;2;0;4;0;1;0;0;0;0;6;0;0;1;2;0;0;0;2;1;0;0;0;4;7;4;1;4;3;3;3;5;6;6;9;10;4;2;10;3;1;4;7;4;6;4;9;4;5;1;1;2;4;3;3;5;3;4;2;6;3;3;4;1;7;3;3;5;2;4;2;3;4;3;1;2;1;4;3;2;1;1;1;3;1;0;2;3;3;4;1;1;0;2;2;0;1;2;0;1;2;1;0;0;0;0;2;0;2;0;1;0;1;0;0;0;0;0;0;0;0;0;0
280100905000013;8;259;259;80;59;79;23;0;5;0;0;9;0;2;0;1;1;0;0;0;0;0;6;1;0;0;1;2;0;0;0;0;1;1;0;2;8;7;2;6;3;2;3;5;6;6;5;3;3;5;7;3;4;2;3;5;5;5;5;4;7;4;6;8;7;6;3;3;1;4;5;6;2;1;4;6;3;1;0;2;5;1;1;1;2;2;1;6;1;4;4;1;6;2;2;5;4;1;1;3;3;0;1;0;0;1;1;0;0;0;0;0;1;2;0;0;1;1;0;0;1;0;0;0;0;0;0;0;0;0;0;0;0;0;0
280100905000014;4;249;249;81;49;58;33;8;2;1;1;7;0;3;0;3;0;2;1;0;0;0;7;0;0;1;2;0;0;0;1;1;0;1;1;3;3;4;6;3;1;9;2;5;2;2;4;8;6;7;4;5;3;7;5;5;4;10;3;6;8;2;7;1;5;4;4;0;0;2;8;5;6;4;3;4;5;4;1;3;3;3;5;3;1;2;1;3;2;4;1;1;0;1;2;1;1;2;2;1;0;0;1;0;2;2;0;1;1;0;0;1;0;1;0;0;0;0;0;1;0;0;0;0;0;0;0;0;0;0;0;0;0;0;0
280100905000015;8;369;369;111;87;126;21;0;4;1;0;11;0;3;0;2;3;0;0;0;0;0;5;0;1;0;1;1;0;0;0;1;0;1;0;13;7;7;7;6;5;7;6;8;7;5;10;8;12;5;7;9;5;5;5;8;10;4;6;6;4;6;7;4;3;6;4;6;12;7;7;3;4;8;5;2;6;3;4;2;3;2;1;4;3;1;4;6;1;3;4;6;2;3;2;1;6;1;3;2;4;3;4;1;1;0;3;1;2;1;0;2;0;0;0;0;0;1;0;0;0;0;0;0;0;0;1;0;1;0;0;0;0;0;0
280100905000016;5;180;180;51;37;61;24;1;0;1;1;4;0;0;0;0;0;0;0;0;0;0;1;0;0;0;0;0;0;0;1;0;0;0;0;4;6;6;7;4;3;6;5;5;6;6;5;2;3;2;3;1;2;4;5;2;1;4;2;3;4;5;6;0;5;3;2;4;0;0;3;2;3;4;0;3;4;2;2;2;0;1;0;1;4;1;2;0;0;1;0;2;1;0;0;1;0;2;1;3;1;0;1;0;1;0;1;0;3;0;0;0;0;0;0;0;0;0;0;0;1;0;0;0;0;0;0;0;0;0;0;0;0;0;0
280100905000017;8;124;124;40;27;40;15;0;0;0;0;1;0;0;0;1;0;0;0;0;0;0;2;0;0;0;0;0;0;0;1;1;0;0;0;3;4;1;0;4;5;1;4;4;0;1;5;3;6;2;1;1;4;3;1;3;1;2;2;3;2;2;2;1;4;1;3;1;0;4;0;3;0;2;1;1;0;1;0;2;6;0;1;1;2;1;2;0;0;0;2;1;1;0;1;0;0;0;1;1;0;1;0;0;1;0;0;0;0;0;1;2;0;1;0;0;0;0;1;0;0;0;0;0;0;0;0;0;0;0;0;0;0;0;1
280100905000018;8;147;147;46;31;20;38;0;0;0;0;9;0;1;0;2;0;0;0;0;0;0;2;0;0;2;0;0;0;0;0;0;0;0;0;4;2;5;1;3;2;1;2;6;4;1;3;5;5;2;10;2;1;3;3;2;2;3;0;2;1;0;1;2;1;2;2;2;4;0;1;2;0;0;0;0;2;1;3;2;2;2;3;2;2;1;2;2;1;0;0;0;0;2;1;1;4;2;0;2;2;2;0;0;1;0;1;0;1;0;0;0;2;0;1;0;0;0;0;0;2;1;1;0;0;0;0;0;1;0;0;0;0;0;1
280100905000019;5;429;429;145;99;129;37;2;3;1;0;7;0;2;0;1;0;3;0;0;0;0;9;0;1;0;1;0;1;0;0;3;0;2;1;3;8;6;6;11;9;6;7;12;8;13;7;8;6;5;5;11;10;7;7;7;6;6;6;10;5;10;8;9;2;7;7;4;6;6;6;5;8;3;6;6;10;6;2;6;5;2;3;7;7;3;3;2;5;3;2;3;0;1;3;1;2;3;1;4;5;4;0;0;2;1;2;1;2;4;2;3;3;1;4;2;2;1;2;0;2;0;0;0;1;0;1;0;1;1;0;0;1;0;0
280100905000020;5;196;196;70;50;54;10;7;0;0;1;4;0;0;0;0;0;0;0;0;0;0;1;0;1;0;0;0;0;0;0;0;0;0;0;3;2;5;4;5;0;6;4;7;4;1;1;4;3;4;3;6;1;3;5;2;6;4;5;3;2;1;5;2;5;3;3;1;3;6;2;3;2;2;4;0;5;2;4;3;1;1;0;2;2;0;1;2;1;4;1;1;0;0;4;0;1;2;1;1;1;1;4;2;2;2;1;1;0;0;0;2;0;1;1;0;0;0;0;1;1;0;0;0;0;0;1;0;0;0;0;0;0;0;0
280100905000021;7;204;204;54;38;84;8;2;3;0;1;12;0;0;0;2;0;0;0;0;0;0;2;0;1;1;0;0;0;0;0;0;0;0;0;4;4;8;4;2;4;1;5;5;9;5;3;10;6;3;7;5;3;2;2;3;10;5;2;2;0;4;3;4;1;1;5;7;3;1;4;1;3;2;3;0;1;3;1;1;0;3;3;1;2;1;4;1;2;2;1;0;1;1;1;3;1;1;0;0;1;0;1;1;0;0;1;0;2;0;0;1;2;0;0;0;0;1;0;0;1;1;0;0;0;0;0;0;0;0;0;0;0;0;0
280100905000022;8;218;218;66;45;54;21;3;2;5;0;11;0;10;0;1;0;0;0;0;0;0;4;0;2;1;0;0;0;0;0;1;0;0;0;3;2;4;2;4;3;2;7;2;5;2;4;4;6;5;6;4;4;8;4;0;6;5;3;3;6;3;3;1;4;4;3;3;0;4;2;0;1;5;4;1;0;3;0;2;1;6;4;2;5;1;4;3;1;3;3;1;2;4;3;1;2;2;2;1;2;0;1;2;1;1;0;0;2;1;0;1;1;1;1;0;1;0;0;0;0;0;0;0;0;1;0;0;0;0;0;0;0;0;0
280100905000023;5;406;406;135;89;112;45;5;1;1;0;11;0;2;0;3;0;2;0;0;0;0;3;0;1;1;0;0;0;0;0;0;0;0;1;6;4;5;4;7;1;8;5;5;6;13;5;8;9;7;17;14;12;8;7;8;6;6;5;3;4;9;3;6;7;3;4;8;7;6;4;2;5;1;4;6;6;6;5;5;2;4;4;5;4;2;7;3;3;3;4;5;3;3;7;2;4;5;2;5;8;4;3;2;4;2;1;5;5;1;1;2;1;2;0;1;0;0;2;1;0;0;0;1;0;0;0;0;0;0;0;0;0;0;0
280100905000024;8;256;256;81;57;69;23;5;3;2;0;8;0;2;1;2;3;0;0;0;0;0;6;1;1;0;0;0;1;0;0;0;0;2;1;6;2;4;6;2;4;4;7;5;8;3;2;5;1;7;1;8;8;3;5;4;2;3;8;7;3;4;5;2;3;4;4;6;6;5;4;7;1;2;1;2;5;1;1;4;2;3;1;1;2;2;0;1;1;3;2;3;1;2;5;2;3;2;2;1;1;1;2;3;2;1;0;3;1;1;1;2;1;1;1;0;1;1;0;0;0;1;1;0;0;0;0;0;0;0;0;1;0;0;0
280100905000025;8;216;213;67;44;56;25;9;2;3;0;6;0;3;0;1;0;0;0;0;0;0;4;0;0;1;0;0;0;0;1;0;1;0;1;3;2;3;2;4;2;7;7;2;5;7;11;2;7;3;2;3;1;3;3;6;2;3;1;1;0;3;2;7;6;6;1;4;4;3;3;6;2;6;1;2;4;5;0;4;3;2;2;0;2;4;2;2;1;3;2;1;1;0;2;2;4;1;2;1;0;1;1;1;0;0;2;0;1;1;0;0;2;0;1;1;0;0;0;1;1;1;0;0;0;0;0;0;0;0;0;0;0;0;0
280100905000026;8;272;272;89;63;81;17;3;4;1;0;12;0;1;1;0;0;0;0;0;0;0;4;0;0;0;0;1;0;0;1;1;1;0;0;4;5;1;3;6;5;2;5;3;4;2;3;12;1;5;10;8;3;5;4;7;5;9;5;4;4;4;5;3;5;2;3;3;3;4;3;3;3;2;6;5;5;3;3;3;2;5;3;5;5;1;3;2;1;4;0;2;1;1;0;1;3;1;0;6;5;3;3;2;2;3;2;0;1;0;0;1;2;0;0;1;0;1;0;0;0;0;0;0;2;0;1;0;0;0;0;0;0;0;0
280100905000027;8;372;372;115;96;121;13;4;2;0;1;12;1;3;0;4;0;0;0;0;0;0;9;0;1;0;1;1;1;0;1;1;1;2;0;7;10;3;10;6;7;5;8;5;6;8;6;1;9;7;5;9;6;6;3;6;5;4;9;3;8;7;12;5;14;6;3;9;7;6;5;4;5;3;6;5;3;4;3;2;4;3;3;6;2;1;5;2;4;6;4;4;2;3;2;1;9;3;2;4;1;1;3;2;3;0;0;0;1;1;0;1;2;1;1;1;1;0;0;0;0;1;1;0;0;0;0;0;0;0;0;0;0;0;1
280100905000028;5;169;169;54;42;49;13;1;0;0;0;8;0;0;0;0;0;1;0;1;0;0;3;0;0;0;0;1;0;0;1;0;0;1;0;1;4;2;2;2;2;2;2;3;1;7;2;3;3;2;5;2;3;3;1;2;2;2;4;4;3;2;5;2;0;0;6;4;3;2;0;1;5;0;4;1;1;1;4;3;1;2;1;0;2;0;4;5;2;3;1;1;1;0;3;1;3;4;3;1;2;2;1;1;1;2;3;0;1;0;0;0;1;0;0;0;0;0;0;0;0;0;0;1;0;0;0;0;0;0;0;0;0;0;0
280100905000029;8;271;271;75;59;82;27;2;1;1;0;9;0;6;0;8;1;0;0;0;0;0;3;1;0;1;0;0;0;0;0;0;0;1;0;4;5;7;5;5;1;3;4;7;5;6;5;4;11;11;8;6;2;5;4;7;8;4;5;2;5;4;3;2;1;4;4;2;4;4;4;5;3;4;4;1;7;3;4;3;8;3;2;2;4;5;1;4;0;1;1;2;1;0;1;1;1;2;0;2;1;1;1;1;0;4;0;2;0;2;0;1;0;1;1;0;0;1;0;0;2;3;0;0;1;0;0;0;0;0;0;0;0;0;0
280100905000030;8;394;394;110;84;118;48;3;6;5;1;12;0;6;0;1;0;0;0;0;0;0;6;1;0;2;1;0;0;1;1;0;0;0;0;5;4;7;10;7;4;11;6;3;8;3;6;10;9;13;16;13;5;3;7;6;6;9;5;6;3;8;3;9;7;4;4;9;8;5;5;4;4;5;4;6;5;2;4;0;7;4;1;4;5;1;6;2;4;7;3;0;1;6;6;3;3;2;1;5;6;3;2;1;1;2;4;1;4;0;1;0;0;1;1;0;1;0;1;2;2;0;0;0;0;0;0;0;0;2;0;0;0;0;1
280100905000031;5;402;398;122;90;126;15;21;2;0;0;16;1;3;0;2;0;4;0;0;0;0;9;0;1;1;0;0;1;1;1;0;1;0;3;5;2;6;4;4;10;3;14;7;9;10;14;10;12;12;10;8;9;2;4;10;3;8;4;6;6;3;8;7;7;4;9;9;1;5;4;6;4;1;5;7;5;8;4;5;2;7;6;4;4;4;0;2;5;3;3;7;4;2;6;0;2;1;2;4;4;0;3;0;4;1;0;2;3;1;2;2;2;1;0;1;1;1;0;0;0;0;0;0;0;0;0;1;0;0;1;1;0;0;0
280100905000032;8;362;362;111;73;104;39;12;1;1;0;17;0;0;0;3;0;1;0;0;0;0;7;1;0;0;2;0;0;0;1;1;0;2;0;10;7;7;5;6;8;7;6;6;6;8;4;5;9;8;7;2;6;6;7;9;4;3;4;6;6;6;10;7;5;4;7;5;3;8;7;9;5;5;2;4;5;1;3;4;0;3;4;5;5;2;3;1;1;2;4;3;3;2;5;8;5;2;6;2;5;3;0;1;2;2;2;0;1;2;0;0;2;0;1;1;1;1;0;0;0;0;0;1;0;0;1;0;0;0;0;0;0;0;1
280100905000033;8;384;384;111;86;117;37;0;1;1;0;21;0;5;1;2;1;1;0;0;0;0;5;1;1;1;0;0;0;1;0;1;0;0;0;9;4;5;6;6;5;10;7;7;9;8;9;8;8;10;7;3;6;4;5;6;9;4;4;8;6;8;5;4;10;13;6;10;8;3;10;8;5;3;4;1;6;7;1;2;5;5;4;1;3;2;3;2;3;6;5;4;4;4;3;2;1;1;2;3;1;3;1;4;1;1;2;2;1;1;1;0;1;2;1;0;0;1;1;2;1;0;0;0;1;0;0;0;1;0;0;0;0;0;0
280100905000034;8;193;193;48;37;75;14;3;2;0;0;9;0;3;1;1;0;0;0;0;0;0;4;0;0;1;1;0;0;1;1;0;0;0;0;3;4;3;1;4;2;4;6;5;2;7;6;10;8;3;7;2;4;2;5;2;3;1;2;2;4;2;2;6;2;4;2;2;2;2;2;3;4;1;3;2;2;3;1;3;0;1;0;1;1;1;4;1;1;2;1;1;3;1;1;2;2;4;1;0;1;0;2;0;1;1;0;1;1;0;1;0;0;0;0;1;1;0;0;0;0;0;0;0;0;0;0;1;0;0;0;0;0;0;0
280100905000035;1;616;616;209;128;146;63;2;9;6;2;24;2;10;0;6;2;1;1;5;0;0;10;1;0;2;0;1;1;0;1;1;1;2;0;7;3;11;9;7;8;5;10;4;12;12;11;11;7;13;12;8;8;10;14;6;7;12;8;18;6;14;12;12;9;7;11;8;13;10;7;7;8;8;10;6;6;6;11;5;8;10;5;4;8;5;10;6;5;7;7;3;4;8;5;3;4;3;4;0;9;1;6;3;6;8;4;5;5;4;2;4;5;6;3;3;2;3;0;1;2;1;1;0;2;0;0;0;1;0;1;0;0;0;0
280100905000036;1;555;555;185;138;152;41;5;1;3;2;14;0;5;0;3;5;1;0;0;0;0;7;1;0;1;0;1;0;1;0;1;2;0;0;10;3;9;9;7;15;9;7;11;9;4;11;15;12;11;16;4;6;5;6;8;7;14;10;16;12;14;8;12;19;10;8;14;11;11;9;7;9;8;9;9;6;8;1;7;9;10;4;4;4;4;2;3;8;2;4;5;3;4;4;2;3;3;0;1;3;2;4;4;4;1;3;1;3;3;2;2;1;1;1;0;0;1;2;1;1;0;0;1;1;0;0;0;0;0;0;0;0;1;0
280100905000037;5;79;79;23;13;21;12;0;0;0;0;7;0;0;0;2;0;1;0;0;0;0;2;0;0;1;0;0;0;0;0;0;0;0;1;2;0;3;0;1;3;1;3;4;3;2;1;1;2;1;2;2;3;0;1;0;0;2;0;1;2;3;0;5;0;0;0;2;2;0;1;1;1;0;0;2;0;2;0;0;2;1;0;3;0;0;1;0;0;1;1;0;0;1;0;1;0;3;0;1;1;0;0;0;0;0;0;0;1;0;0;0;0;0;0;0;0;0;0;0;1;0;0;0;0;0;0;0;0;0;0;0;0;0;0
280100905000038;5;148;148;47;29;54;13;0;0;0;0;4;0;0;1;0;0;0;0;0;0;0;1;0;0;0;0;0;0;0;0;1;0;0;0;1;1;3;4;3;0;3;2;7;3;3;2;5;5;1;6;3;2;2;2;6;2;1;6;6;4;1;1;1;4;2;1;0;1;4;2;3;3;2;3;3;4;1;0;5;1;1;1;0;0;2;1;1;0;3;0;1;0;0;2;0;0;2;0;0;1;1;1;0;0;1;0;0;0;0;0;0;0;0;1;0;0;0;0;0;0;1;0;0;0;0;0;0;0;1;0;0;0;0;1
280100905000039;5;497;497;131;100;177;43;15;6;0;0;21;2;0;0;2;0;0;0;0;0;0;10;2;0;0;0;0;1;2;0;3;1;1;0;6;6;7;8;9;10;5;19;9;16;8;12;22;26;11;9;12;7;11;6;7;7;7;7;9;15;10;6;10;4;10;10;6;8;5;10;10;4;5;10;4;5;4;2;5;3;4;5;4;2;2;1;3;2;1;3;3;2;0;1;0;1;5;2;4;0;2;5;4;1;1;2;3;2;1;2;1;5;3;1;2;2;0;0;0;0;1;0;1;0;1;0;0;0;0;0;0;0;0;0
280100905000040;5;50;50;14;12;13;5;3;1;1;0;1;0;0;0;0;0;0;0;0;0;0;1;0;0;0;0;1;0;0;0;0;0;0;0;1;0;1;0;0;0;0;2;0;1;2;1;2;1;3;2;1;1;1;0;1;2;0;2;1;0;0;2;0;1;1;3;0;1;0;1;1;0;0;2;0;0;0;1;1;0;0;1;1;0;0;0;0;0;0;3;0;1;0;0;1;0;0;1;0;0;0;0;0;0;0;0;0;0;0;1;0;0;1;0;0;0;0;0;0;0;0;0;0;0;0;0;0;0;0;0;0;0;0;0
280100905000041;5;218;215;60;42;71;20;0;4;2;0;10;0;1;0;7;1;0;0;0;0;0;4;0;0;1;1;1;0;1;0;0;0;0;0;4;5;1;4;7;1;4;4;5;7;8;3;4;8;4;7;3;2;3;4;6;5;1;2;5;1;3;4;4;6;3;4;0;4;3;5;1;3;1;1;3;4;1;0;6;2;2;3;5;1;2;0;3;3;2;3;3;0;1;1;3;1;1;1;3;0;1;0;0;0;1;0;0;0;4;0;0;2;0;1;0;0;0;1;0;0;0;0;0;0;0;0;0;0;0;0;0;0;0;0
280100905000042;5;104;104;25;21;47;8;3;0;0;0;0;0;0;0;0;0;0;0;0;0;0;5;1;0;0;0;1;1;0;0;0;1;1;0;4;3;2;0;1;4;1;3;1;3;1;3;3;5;6;5;2;1;2;4;3;4;3;1;4;2;1;3;1;2;0;0;0;0;1;1;1;1;0;0;0;1;0;2;1;1;1;3;2;2;0;2;1;0;0;1;0;0;0;0;0;0;0;0;0;0;0;0;0;0;0;0;0;0;0;0;0;0;0;0;0;0;0;0;0;0;0;0;0;0;0;0;0;0;0;0;0;0;0;0
280100905000043;5;81;81;27;16;14;21;0;0;1;0;1;0;0;1;0;0;0;0;0;0;0;0;0;0;0;0;0;0;0;0;0;0;0;0;0;1;2;5;0;3;2;0;1;2;2;6;3;1;1;2;1;1;2;1;2;1;1;2;2;1;1;2;3;1;1;1;2;1;1;0;1;1;1;1;0;0;1;0;0;1;2;0;1;1;0;1;0;1;0;0;1;2;1;2;1;1;0;0;0;1;0;0;0;1;0;0;0;0;1;0;0;0;0;0;0;0;0;0;0;0;0;0;0;0;0;0;0;0;0;0;0;0;0;0
280110805000001;1;819;819;241;154;242;108;13;8;1;0;36;1;7;0;5;1;2;0;0;0;0;12;0;0;0;0;2;1;0;3;2;2;2;0;12;10;8;12;16;13;13;14;21;9;8;22;18;15;20;18;17;11;19;13;18;25;22;12;15;5;14;13;11;21;13;9;13;12;14;12;12;9;12;11;13;19;6;10;14;19;8;8;3;3;7;7;7;5;9;7;9;5;3;2;2;10;6;5;5;2;3;3;3;4;2;4;3;2;4;4;4;1;2;1;0;1;1;1;2;0;0;0;0;2;0;1;0;1;0;1;1;0;0;0
280110805000002;1;680;676;195;142;208;52;10;16;1;3;30;3;8;0;7;0;1;0;2;2;0;10;1;0;1;2;1;0;1;1;0;2;0;1;14;11;12;9;8;7;11;7;11;7;10;14;8;17;15;8;14;12;8;12;26;13;10;16;12;16;8;9;12;16;6;13;10;8;15;11;8;15;8;11;10;10;12;11;7;8;10;5;4;5;7;7;7;4;4;6;3;5;2;10;3;3;2;4;6;6;1;7;3;2;7;5;3;3;1;1;5;1;2;1;0;1;1;3;1;0;0;0;1;0;1;0;0;0;0;0;0;1;0;0
280110805000003;8;350;344;88;66;133;30;1;3;1;1;16;0;1;1;8;1;0;0;0;0;0;3;0;0;0;0;1;0;1;0;1;0;0;0;8;9;3;4;5;3;8;12;11;8;10;13;4;12;5;12;8;7;6;11;6;7;7;4;5;4;3;8;2;7;4;3;4;5;5;2;3;3;2;9;3;0;4;4;6;2;4;4;5;2;1;3;0;3;2;1;1;5;2;5;4;5;0;1;0;3;1;1;1;1;4;2;1;1;2;1;0;1;1;0;0;0;2;0;0;1;0;0;0;1;1;0;0;1;1;0;0;0;0;1
280110805000004;5;177;177;48;35;65;19;1;2;1;0;4;0;1;0;1;0;0;0;0;0;0;3;0;1;0;0;0;0;0;0;1;0;0;1;1;3;3;0;1;2;3;4;2;4;5;2;3;4;8;4;5;6;2;5;4;5;2;1;0;2;4;4;4;2;2;2;1;3;7;2;3;3;2;0;3;5;2;0;4;3;4;1;2;4;3;0;0;1;5;2;0;0;0;0;0;2;0;0;0;0;0;0;1;1;0;0;1;0;1;2;0;1;2;1;0;1;1;0;0;0;0;0;0;0;0;0;0;0;0;0;0;1;0;0
280110805000005;8;255;255;74;56;87;23;0;3;0;0;6;0;1;0;4;0;1;0;0;0;0;1;0;0;0;1;0;0;0;0;0;0;0;0;7;3;3;7;5;4;4;4;4;6;5;6;6;7;6;4;2;7;6;7;4;1;4;7;3;5;1;5;1;5;2;5;6;3;5;1;3;4;2;4;1;2;1;3;3;4;3;3;4;3;0;3;3;5;4;4;2;2;2;0;0;2;2;1;0;1;1;3;3;0;2;1;1;3;3;1;1;1;0;0;0;0;1;0;0;0;0;0;0;0;0;0;0;0;0;0;0;1;0;0
280110805000006;8;142;142;41;28;45;10;1;2;0;0;10;0;4;0;0;1;0;0;0;0;0;2;0;0;0;1;0;0;0;0;1;0;0;0;3;1;3;0;0;6;5;5;3;4;7;3;4;2;3;2;1;3;1;0;1;0;0;1;2;2;1;5;3;2;2;5;0;2;4;2;3;2;2;2;1;2;2;1;0;3;1;1;1;0;2;1;1;0;0;2;0;2;1;1;2;3;1;2;1;3;1;0;1;1;2;1;0;2;0;0;1;0;0;0;0;0;0;0;0;0;0;0;0;0;0;0;0;0;0;0;0;0;0;0
280110805000007;8;167;167;49;34;46;16;5;0;2;0;10;0;3;0;2;0;0;0;0;0;0;1;0;0;0;0;0;0;0;0;1;0;0;0;5;4;1;6;4;3;5;5;3;3;2;5;2;6;4;4;5;2;4;2;3;3;5;0;5;2;3;1;1;3;2;2;1;2;3;3;3;2;1;1;1;2;1;2;3;2;3;5;0;1;1;0;0;2;1;2;1;0;0;1;1;1;0;1;0;2;2;3;0;2;1;1;1;0;0;0;0;1;0;0;0;0;0;0;0;0;0;0;0;0;0;0;0;0;0;0;1;0;0;0
280110805000008;5;133;133;42;34;36;15;0;1;2;0;2;0;0;1;0;0;0;0;0;0;0;3;0;0;1;0;0;1;0;0;0;1;0;0;1;0;0;1;2;0;1;2;1;2;3;0;5;1;4;2;2;3;2;2;5;3;0;3;1;0;1;1;2;3;1;2;0;1;3;3;4;1;3;1;5;1;1;5;2;2;1;2;1;1;3;0;2;0;2;1;0;3;0;1;2;2;3;3;1;0;0;3;1;0;2;0;0;2;0;1;2;0;1;1;0;0;1;0;0;0;0;0;0;0;0;0;0;0;0;0;0;0;0;0
280110805000009;7;588;588;124;97;213;55;10;8;3;2;46;0;5;1;24;0;0;0;0;0;0;16;1;4;1;1;2;2;1;0;1;1;1;1;13;18;10;9;12;11;10;15;19;17;13;19;22;19;18;12;13;17;13;14;8;15;8;9;3;6;10;9;6;11;9;8;9;5;7;6;7;7;2;7;7;5;6;6;2;6;4;3;3;5;1;3;5;2;2;2;4;5;2;3;4;6;4;3;4;3;0;4;2;1;2;1;4;1;0;2;3;2;0;1;0;0;2;0;0;0;0;0;0;0;0;0;0;0;0;0;1;0;0;0
280110805000010;5;645;645;145;97;261;94;13;4;1;1;27;0;0;0;1;1;0;0;0;0;0;16;2;0;2;1;0;2;1;2;3;1;0;2;17;23;18;19;11;16;18;26;22;25;17;18;16;21;19;14;14;13;19;7;12;5;13;14;8;15;10;10;8;6;6;9;5;2;8;3;5;6;6;6;5;7;5;9;6;5;2;3;2;5;1;2;3;7;3;4;4;4;4;4;5;2;1;1;2;4;0;3;2;1;1;1;2;0;1;1;0;0;0;1;2;0;1;0;1;1;0;0;0;0;1;0;0;0;0;0;0;0;0;0
280120705000001;1;678;667;196;121;190;71;15;6;4;1;45;0;8;0;11;5;2;0;3;0;0;10;2;1;0;1;0;1;0;0;3;1;0;1;7;6;15;9;10;7;15;12;14;15;18;14;16;17;19;11;19;15;6;20;17;10;11;14;13;11;12;11;4;6;9;12;8;9;9;9;12;12;10;11;11;4;17;7;9;9;13;10;7;4;9;5;5;4;5;4;2;2;2;4;3;5;4;3;3;2;3;3;2;3;2;2;1;1;2;3;2;3;0;2;2;0;0;0;3;2;1;0;0;1;0;0;0;1;0;0;0;1;0;0
280120705000002;1;878;877;236;154;225;124;31;11;4;2;42;0;7;1;31;4;5;0;1;0;0;17;1;1;0;4;3;1;2;2;1;0;1;1;16;15;17;15;20;13;12;18;14;16;19;22;16;16;17;20;20;25;17;29;23;21;15;17;15;12;21;14;12;14;14;16;13;16;10;20;16;11;10;19;11;10;17;12;10;8;10;2;7;5;8;5;11;3;3;3;5;4;9;2;4;5;1;1;2;4;1;2;2;3;3;1;1;0;1;2;2;1;0;3;0;1;2;1;1;2;1;1;0;0;0;0;0;2;0;0;0;0;0;0
280120705000003;1;613;613;154;103;173;119;8;9;4;0;21;0;6;1;13;0;2;0;0;0;0;13;2;0;0;0;3;0;2;0;2;1;1;2;9;17;13;8;11;12;12;16;15;13;13;14;23;16;15;19;14;15;14;13;10;11;15;13;18;13;10;11;11;10;10;7;13;12;9;11;12;6;6;4;11;5;7;2;5;2;4;3;2;2;6;4;3;5;3;4;3;5;2;3;2;3;3;1;0;1;0;0;0;2;2;1;1;1;0;0;1;0;0;0;0;0;0;0;1;1;0;0;1;1;0;0;0;1;1;0;0;0;1;0
280120705000004;1;611;605;171;114;177;75;6;6;3;0;34;0;8;0;12;0;5;0;0;0;0;5;1;0;0;0;3;0;0;0;0;0;0;1;16;13;7;5;8;13;6;15;13;18;12;15;20;13;17;21;14;12;10;12;6;15;15;11;3;10;11;5;4;9;11;9;12;16;12;17;5;11;16;14;9;2;7;6;2;6;4;7;6;5;3;3;3;6;4;3;6;2;4;0;1;2;2;3;2;5;3;0;1;2;3;1;2;1;1;3;3;0;1;1;0;1;1;0;1;2;1;0;0;1;0;0;1;0;1;0;0;0;0;0
280120705000005;1;1283;1283;325;223;355;188;37;11;5;0;80;3;23;0;29;0;4;0;0;0;0;29;2;6;3;2;3;1;0;1;4;3;3;1;22;35;28;21;19;24;38;42;36;41;34;27;31;38;37;24;17;23;28;23;21;24;32;27;20;19;34;24;26;25;19;21;22;19;20;17;21;18;12;12;12;18;8;17;17;10;8;12;10;13;5;11;3;9;6;9;3;4;6;10;4;1;2;2;9;1;3;3;1;3;0;0;4;1;2;2;0;0;0;0;2;0;0;0;0;0;0;1;0;1;0;0;0;0;0;0;0;0;0;0
280120705000006;1;854;854;234;157;259;103;9;15;3;0;47;0;9;0;12;0;6;0;0;0;0;17;0;1;1;1;1;2;2;5;2;0;2;0;11;15;13;16;7;9;13;11;16;21;24;26;13;18;29;26;13;23;15;23;20;13;18;20;12;24;14;13;11;18;20;12;9;11;9;20;12;6;9;21;16;9;13;12;14;9;8;12;7;4;8;8;6;4;4;3;7;2;3;6;1;6;4;1;2;2;3;2;3;0;2;3;5;3;2;3;1;1;1;1;0;0;1;0;0;0;0;0;0;0;0;0;0;1;0;0;0;0;0;0
280120705000007;1;744;743;198;131;214;103;5;9;5;1;42;1;19;0;16;0;0;0;0;0;0;9;1;2;0;0;3;0;2;0;0;1;0;0;10;8;9;8;13;17;22;9;14;21;11;22;17;21;16;19;18;9;13;13;13;9;14;15;7;17;5;13;9;13;17;24;17;19;10;10;11;8;13;14;8;13;10;11;10;4;8;7;3;6;8;8;3;6;7;4;3;1;5;6;5;1;3;5;4;6;1;1;4;3;1;2;0;1;1;2;0;2;2;1;1;2;0;0;1;0;0;1;1;0;2;0;1;1;1;0;0;0;0;0
280120705000008;1;634;634;151;107;213;110;2;6;5;0;22;0;4;1;11;0;1;0;1;0;0;19;3;0;2;1;2;2;4;0;3;0;2;0;8;11;13;14;13;12;20;21;23;19;14;22;17;10;17;19;17;9;8;9;10;18;14;10;10;13;12;11;11;15;13;19;7;12;13;7;8;6;5;4;7;4;5;3;0;5;1;1;5;4;5;3;3;4;3;3;2;6;1;2;5;2;6;4;2;1;3;1;1;0;1;0;1;1;0;1;0;0;0;0;1;0;0;2;0;0;0;0;0;0;0;1;0;0;1;0;0;0;0;0
280120705000009;1;421;416;123;81;110;61;7;4;2;0;9;0;3;0;16;0;5;0;0;0;0;4;0;0;1;0;0;0;0;1;1;0;0;1;5;5;8;6;12;11;8;8;8;9;10;7;7;9;8;9;12;7;11;9;7;5;8;6;3;7;7;5;6;5;13;13;12;10;10;10;7;6;8;3;5;10;7;4;5;6;7;7;3;5;2;2;3;3;5;2;2;0;0;0;1;1;2;1;0;1;2;3;2;1;0;0;0;0;0;1;1;1;1;0;0;0;0;0;0;0;0;0;0;0;0;0;0;0;1;0;0;0;0;0
280120705000010;1;1083;1083;248;186;353;160;17;6;21;1;35;0;28;0;28;0;0;0;0;0;0;23;3;3;1;2;2;2;3;1;1;1;3;1;30;20;38;20;33;29;34;35;32;41;28;28;35;33;24;21;26;23;21;15;20;24;23;18;26;7;21;16;19;20;22;14;12;13;12;14;8;20;21;19;5;9;13;5;8;7;12;5;6;9;2;4;1;6;6;6;0;3;6;4;2;2;3;5;5;4;1;2;0;1;0;0;0;1;0;1;0;0;0;0;0;0;0;0;1;0;0;0;0;0;0;0;0;0;0;0;0;0;0;0
280120705000011;5;1076;1076;250;204;411;90;27;9;4;1;68;0;4;0;4;4;0;0;0;0;0;27;3;4;0;1;4;2;0;2;4;2;3;2;23;16;23;23;27;21;21;27;27;41;25;35;28;33;35;23;27;28;27;26;17;21;15;26;17;20;20;19;19;16;13;17;10;16;8;17;12;5;8;7;10;5;15;9;5;2;7;18;7;6;7;9;9;3;7;8;4;5;6;6;5;8;7;7;9;6;3;3;2;3;1;1;0;0;0;0;0;1;1;1;1;0;1;0;0;0;0;0;0;0;0;1;0;0;0;1;0;0;0;0
280120705000012;5;649;649;171;122;192;87;9;8;7;1;21;0;13;0;15;0;1;2;0;0;0;15;1;2;1;1;4;0;1;1;2;1;1;0;10;11;11;13;12;13;15;15;10;16;12;12;24;19;19;14;20;11;17;18;15;11;13;14;10;10;12;6;8;9;4;11;14;6;8;7;12;5;7;8;5;9;9;10;9;7;4;6;1;7;8;4;5;4;4;1;3;3;2;3;4;1;1;3;6;2;0;3;0;4;1;4;2;2;2;1;0;3;0;1;0;1;3;0;1;0;2;0;0;0;0;0;0;1;0;0;0;0;0;0
280120705000013;5;778;778;205;148;277;82;16;4;2;0;30;2;6;1;1;4;0;0;0;0;0;17;0;0;0;2;2;0;4;2;2;2;2;1;11;17;8;23;19;16;26;22;24;28;14;21;31;24;22;21;23;18;11;9;21;7;9;7;18;5;15;10;8;9;7;14;15;7;15;6;6;7;14;9;10;13;10;9;10;7;7;4;6;6;4;6;1;3;0;8;1;2;0;3;2;1;3;3;2;5;3;3;1;2;3;7;3;3;1;2;1;2;1;0;2;0;0;0;1;0;0;0;0;0;0;0;0;2;1;0;0;0;0;0
280120705000014;5;861;861;228;164;272;122;17;4;6;0;29;1;7;0;9;1;1;0;0;0;0;14;3;0;1;2;1;0;1;1;1;0;1;3;18;19;16;24;26;20;28;23;23;21;23;24;24;22;28;25;18;10;17;14;26;21;14;22;19;15;15;16;11;10;20;11;16;8;13;6;11;8;7;10;9;9;7;14;10;5;6;6;6;6;3;5;4;1;2;4;2;3;4;1;0;3;3;1;3;2;2;2;1;1;2;2;1;0;1;2;2;1;1;1;0;0;1;1;1;1;0;0;0;0;1;1;0;0;1;0;0;0;0;0
280120705000015;8;417;371;107;75;145;48;14;5;0;1;15;0;0;0;2;1;4;0;0;0;0;9;2;1;0;2;0;0;2;1;0;1;0;0;8;11;12;6;14;11;9;12;11;12;8;13;9;12;13;10;13;10;7;9;9;7;9;8;5;9;8;3;4;6;4;5;9;3;12;6;2;3;3;3;5;6;4;7;6;3;4;2;2;3;0;1;2;0;0;1;0;2;2;1;3;0;0;2;0;2;2;5;1;0;1;4;0;1;2;2;1;1;0;0;0;0;0;1;0;0;0;0;0;0;0;0;0;0;1;0;0;0;0;0
280120705000016;8;575;575;136;117;220;25;11;6;5;2;20;0;11;1;19;1;0;0;1;0;0;16;0;0;0;3;3;1;0;2;3;1;2;1;15;14;14;11;11;14;14;12;9;19;14;15;15;12;14;14;10;8;16;16;9;6;7;11;8;15;12;12;6;12;11;7;11;8;7;4;9;2;7;10;6;6;7;6;3;3;1;4;7;4;1;1;5;1;3;6;3;3;5;3;1;4;1;0;2;3;2;4;2;3;1;2;2;1;5;0;1;1;0;0;2;1;0;0;1;0;0;0;0;0;0;0;0;1;0;0;0;0;0;0
280120705000017;8;568;568;138;102;222;51;6;3;1;0;34;0;6;0;2;3;0;0;0;0;0;8;0;0;1;0;2;0;0;1;0;3;1;0;8;12;13;12;15;17;14;12;16;19;22;17;17;14;14;15;16;14;6;7;11;11;3;8;6;6;10;3;7;11;13;10;8;8;10;6;9;5;16;9;5;7;5;5;2;1;5;4;3;5;5;1;5;2;5;0;4;0;4;5;1;2;2;3;6;2;3;1;0;3;0;2;3;0;0;1;2;1;2;1;0;0;0;1;0;0;0;0;0;0;0;1;0;0;0;0;0;0;0;0
280120705000018;8;706;693;173;130;295;55;16;1;1;0;21;0;2;0;11;1;0;0;0;0;0;12;0;1;1;0;1;0;4;1;0;1;1;2;14;14;14;20;25;14;20;17;19;22;16;17;25;17;17;18;18;13;13;9;11;13;12;9;11;5;11;10;8;11;15;9;7;10;14;11;10;6;8;5;16;4;10;3;10;6;8;5;2;6;4;4;7;2;6;4;3;3;1;2;1;4;5;3;4;3;5;4;2;4;3;0;2;1;1;2;0;0;0;0;0;1;0;1;0;0;1;0;0;0;0;1;1;0;0;1;0;0;0;0
280120705000019;8;386;359;97;75;121;45;13;2;4;0;11;0;11;0;6;1;0;0;0;0;0;8;1;1;3;0;0;0;1;1;0;1;0;0;4;2;3;9;8;9;10;11;12;12;13;10;9;11;12;8;10;8;11;8;10;6;7;6;3;4;7;10;5;6;3;1;6;11;4;5;8;4;5;4;10;6;4;3;2;2;3;2;5;3;2;3;1;2;3;3;0;1;1;2;1;2;2;3;1;2;2;2;1;0;1;1;2;1;0;0;1;0;1;0;0;1;0;0;1;0;0;0;0;0;0;0;0;0;0;0;0;0;0;0
280120705000020;8;598;470;150;107;196;72;17;6;5;0;23;1;9;0;6;0;6;0;0;0;0;10;0;2;0;1;1;2;1;1;0;0;0;2;18;15;11;11;6;11;14;16;15;15;9;22;10;17;16;14;18;12;15;10;16;18;11;15;12;10;9;7;8;13;6;9;7;6;10;4;7;6;3;6;8;9;6;2;2;3;5;8;4;5;7;4;5;3;8;5;3;3;3;5;2;4;4;4;3;2;3;1;0;2;2;1;1;0;0;1;0;0;0;1;0;0;0;0;1;0;0;0;0;0;0;0;0;0;0;0;0;0;0;0
280120705000021;5;580;580;161;110;163;83;20;2;3;2;21;0;4;0;6;0;5;0;0;0;0;8;1;0;0;0;2;0;2;0;2;0;1;0;11;7;16;14;19;13;16;16;20;15;12;17;11;10;15;11;9;15;8;11;9;9;13;9;8;9;13;20;17;12;4;8;12;14;10;6;10;4;6;3;7;6;5;1;5;4;3;2;5;1;2;1;1;3;2;4;1;2;3;3;3;1;1;5;4;2;1;4;3;2;0;3;2;0;0;0;0;0;1;2;2;0;0;5;0;0;1;0;1;0;1;0;1;2;1;0;0;0;0;1
280120705000022;5;658;658;189;119;201;59;21;3;1;1;40;1;8;0;11;0;4;0;0;0;0;13;0;1;0;2;2;1;0;0;2;1;2;2;6;8;11;9;13;14;12;19;16;24;13;17;12;17;19;16;22;18;6;7;7;13;12;8;9;13;9;10;8;11;12;9;13;16;9;9;10;6;8;10;10;8;5;15;6;7;5;5;5;2;5;4;1;2;6;2;4;3;4;6;3;4;6;1;1;6;3;2;1;7;2;0;2;3;1;1;2;3;0;1;0;1;0;0;1;2;0;1;0;0;1;0;2;1;0;0;0;1;0;0
280120705000023;8;332;316;72;61;137;9;2;7;5;0;18;0;8;0;10;0;2;0;1;0;0;5;1;0;0;0;0;2;1;0;0;0;1;0;8;8;8;10;2;11;4;15;11;5;5;11;9;7;5;6;9;5;8;4;7;7;7;4;10;7;2;6;4;3;4;7;5;8;10;4;4;6;2;7;5;1;4;0;3;2;4;1;0;1;2;0;5;2;4;2;2;1;1;3;0;2;1;1;1;2;1;1;1;2;2;0;2;0;0;0;1;0;0;1;1;0;0;0;0;0;0;0;0;0;0;0;0;0;0;0;0;0;0;0
280120705000024;8;742;730;178;154;308;42;14;10;2;0;20;1;2;0;4;1;5;0;1;0;0;12;0;0;2;2;1;0;1;1;1;2;1;1;11;12;18;17;9;13;21;18;23;22;26;19;18;17;22;8;21;21;15;15;14;8;12;13;14;9;8;8;11;16;16;14;10;8;3;11;10;3;11;10;15;10;9;9;8;5;3;11;7;7;5;1;10;3;3;2;8;3;6;6;4;4;4;2;2;0;3;4;1;2;0;2;2;1;1;0;2;1;3;0;1;0;2;0;0;0;0;0;1;1;0;0;1;0;0;0;0;0;0;0
280120705000025;8;649;649;165;123;213;63;27;10;0;2;34;2;3;0;7;0;0;0;0;0;0;16;0;0;3;0;0;3;1;1;3;0;4;1;6;9;16;6;15;13;11;16;22;15;16;22;16;17;9;18;12;10;12;13;11;12;13;12;8;7;15;7;9;9;14;10;4;12;8;10;9;5;10;7;5;9;9;6;4;11;3;7;4;8;5;2;4;3;5;4;1;2;7;8;1;7;9;2;6;4;3;3;0;1;3;0;1;3;1;1;1;1;1;1;0;0;0;0;3;0;3;0;0;0;0;0;1;2;2;0;0;0;0;0
280120705000026;1;838;837;224;169;229;108;22;12;4;2;31;2;14;0;18;2;1;0;0;0;0;17;1;1;1;2;0;3;0;2;1;2;1;3;19;14;28;20;18;21;16;18;13;17;22;14;20;25;23;20;18;23;14;15;19;14;18;14;21;13;16;9;17;12;23;16;16;15;17;9;9;13;13;16;10;10;8;8;9;11;6;8;8;2;4;2;3;2;5;6;1;1;5;3;4;3;1;3;1;4;1;0;2;1;2;1;1;0;1;1;0;1;0;0;0;1;0;0;0;0;0;0;0;0;2;0;1;0;0;0;0;0;0;0
280120705000027;1;897;894;227;154;256;110;31;8;7;2;61;7;6;1;22;4;1;0;0;0;0;19;0;0;0;1;6;1;2;1;4;2;2;0;22;16;24;20;22;24;24;25;19;20;22;30;16;16;23;19;15;18;18;27;15;14;22;25;21;13;21;10;16;9;12;13;15;11;11;9;10;7;4;9;11;10;11;12;5;10;8;4;4;10;8;4;8;3;8;3;3;2;6;2;4;5;3;1;2;2;7;3;4;1;0;2;3;2;2;1;1;2;2;2;1;1;1;2;0;1;0;0;0;0;2;1;0;0;0;1;0;0;0;0
280120705000028;1;735;732;184;123;206;98;12;7;6;1;25;1;29;2;15;4;16;1;3;2;0;6;0;0;1;0;0;1;1;1;0;1;1;0;12;9;12;9;9;14;15;11;16;17;18;19;22;19;15;23;14;21;19;18;17;17;16;9;10;9;17;21;10;8;11;12;11;9;11;13;9;7;19;12;5;10;8;6;4;4;9;10;7;7;5;3;8;5;4;4;1;6;4;8;3;5;3;5;0;2;3;1;2;0;2;3;0;0;2;2;2;4;3;1;2;1;0;0;3;1;0;0;0;0;1;0;0;0;0;0;0;0;0;0
280120705000029;1;515;515;144;105;141;64;5;7;6;0;20;0;7;2;9;0;5;0;0;0;0;11;1;2;1;1;1;1;1;0;0;1;1;1;6;9;6;7;10;9;5;8;6;6;17;14;20;7;17;4;13;9;10;12;7;7;12;9;7;10;11;7;12;7;8;6;14;7;6;8;8;13;8;13;3;6;7;7;2;6;6;4;5;6;3;5;3;5;1;6;4;3;3;3;1;1;3;5;1;3;4;1;1;4;0;2;2;1;0;2;1;1;0;1;0;0;1;1;0;0;0;1;0;1;1;0;0;1;0;0;0;0;0;1
280120705000030;1;1080;1080;278;209;325;142;38;9;12;3;45;0;5;3;10;0;0;0;1;0;0;27;2;1;3;3;1;1;1;1;1;5;3;5;24;16;25;25;28;37;41;30;31;28;31;18;24;24;25;22;20;31;16;21;18;20;21;19;22;31;23;17;11;26;25;23;10;21;18;8;7;11;16;14;10;7;8;12;3;4;6;7;3;11;0;1;2;5;8;11;4;5;2;4;5;2;5;5;5;2;0;4;6;1;1;2;1;6;1;3;2;1;2;0;1;0;0;0;0;1;0;2;0;2;2;0;0;0;0;0;0;0;0;0
280120705000031;1;609;608;174;113;162;90;2;3;4;0;29;0;8;0;15;7;0;1;0;0;1;21;2;1;2;2;1;0;3;2;3;2;3;0;17;11;13;16;15;9;13;9;12;18;8;17;9;9;14;13;9;13;12;19;14;11;11;16;16;9;11;12;12;14;8;11;12;6;10;11;9;5;6;10;6;5;3;7;5;9;5;4;3;9;3;4;3;0;4;2;2;3;1;1;1;4;4;1;2;2;2;0;1;5;4;1;1;2;1;1;2;0;1;0;2;0;0;0;1;0;0;1;0;0;0;0;0;0;0;0;0;0;0;0
280120705000032;1;710;710;182;130;211;146;7;3;2;0;13;0;6;0;5;2;3;0;0;0;0;12;0;3;0;0;1;1;3;0;1;1;1;1;16;15;24;27;23;25;23;18;26;19;16;15;19;17;17;16;11;15;17;19;15;16;14;16;13;8;24;14;12;14;11;10;14;13;16;12;3;5;4;10;3;4;6;6;5;10;5;4;2;4;2;0;3;2;3;2;2;0;2;2;2;0;1;0;1;2;1;1;0;0;0;1;0;0;0;0;0;0;0;0;0;0;0;0;0;0;0;0;0;0;0;0;0;0;0;0;0;0;0;0
280120705000033;7;417;412;128;90;98;67;9;2;2;1;8;0;3;0;3;1;1;0;0;0;0;5;2;0;0;1;1;1;0;0;0;0;0;0;9;11;10;13;8;10;10;7;6;10;8;8;9;8;7;11;12;11;6;11;10;6;9;14;12;7;8;7;15;9;6;10;7;4;1;6;9;6;6;5;1;5;4;6;2;7;5;1;3;2;3;9;0;1;1;3;3;2;1;2;1;1;2;0;0;2;0;0;0;0;0;1;0;0;0;1;0;0;0;0;0;0;0;0;0;0;0;0;0;0;0;0;0;0;0;0;0;0;0;1
280120705000034;1;119;119;32;27;37;7;2;3;2;0;6;0;0;0;3;0;0;0;0;0;0;4;1;0;1;0;0;0;1;0;0;0;1;0;1;2;3;3;2;1;5;5;3;1;3;2;2;1;4;3;2;2;4;1;2;3;4;2;2;3;2;3;3;0;3;5;2;2;0;1;1;1;0;1;2;1;1;3;0;0;1;1;0;0;3;0;0;3;0;2;0;0;0;2;0;1;0;1;0;1;0;0;0;0;1;0;0;1;0;0;0;0;0;0;0;0;0;0;0;0;0;0;0;0;0;0;0;1;0;0;0;0;0;0
280120705000035;1;761;754;184;139;235;135;13;5;6;0;17;4;8;0;10;0;5;0;0;0;0;23;2;3;4;2;1;4;2;2;0;2;0;1;20;18;29;13;34;16;34;22;32;21;29;19;25;13;19;19;11;11;9;13;21;14;13;12;17;7;15;11;11;16;20;10;19;11;14;13;7;16;6;6;4;3;10;6;3;4;2;2;0;5;3;5;2;2;2;1;3;0;3;0;3;1;0;1;0;0;1;0;1;1;1;0;0;0;2;0;0;0;0;0;0;0;0;0;0;0;0;0;1;0;0;0;0;0;0;0;0;0;0;0
280120705000036;8;631;448;184;120;182;64;22;4;1;1;36;3;3;0;2;0;9;0;0;0;0;18;1;1;0;3;2;1;2;0;3;3;1;1;4;13;13;14;6;15;14;16;15;17;16;14;24;15;21;13;14;12;14;11;8;12;7;10;10;12;3;10;8;7;12;12;6;10;11;6;9;6;9;6;10;3;8;4;9;6;4;4;5;5;4;9;5;6;9;4;2;5;3;7;3;1;7;6;6;2;1;2;2;3;1;1;0;0;0;0;2;0;1;0;1;2;1;0;0;1;1;0;0;0;1;0;1;0;0;0;0;0;0;0
280130605000001;1;525;525;185;97;101;76;4;6;6;1;25;1;8;0;12;0;0;0;3;0;0;7;1;3;0;0;1;1;0;0;1;0;0;0;10;7;6;5;8;3;6;5;2;12;10;14;5;6;5;12;14;9;8;9;14;7;9;5;7;7;6;7;9;9;6;6;4;8;7;8;2;7;9;7;11;7;7;8;8;2;9;4;6;9;5;12;3;3;5;6;3;7;7;3;3;4;4;3;4;5;1;1;2;8;2;2;3;1;5;1;4;5;0;2;3;5;2;2;2;2;3;1;2;2;2;2;0;0;3;1;0;0;0;1
280130605000002;1;629;629;185;111;164;68;6;7;7;2;39;0;14;2;23;0;1;0;0;0;0;4;1;0;0;0;1;0;0;0;1;1;0;0;7;8;13;5;9;9;5;9;15;11;7;9;17;8;11;12;14;17;12;8;13;15;6;19;11;11;14;12;5;7;7;10;5;9;11;7;2;11;12;13;10;10;10;7;8;12;6;2;3;10;6;6;5;5;5;5;7;5;6;9;2;4;8;5;4;3;5;5;4;1;5;3;5;4;4;2;4;1;3;0;1;0;2;3;0;0;3;0;0;1;0;0;0;0;0;0;0;0;0;0
280130605000003;1;1226;1226;276;174;330;291;32;12;3;0;68;2;15;0;20;0;3;0;0;0;0;28;1;3;1;1;4;2;3;1;4;3;2;3;23;28;25;33;39;41;36;37;26;51;38;46;39;38;33;23;25;31;32;31;17;29;18;19;24;19;10;16;17;20;16;13;19;16;18;9;17;19;9;11;11;12;19;16;8;10;6;5;5;4;5;4;5;5;6;5;3;4;7;6;2;3;1;1;5;3;4;2;1;0;2;0;2;1;4;0;3;2;1;1;0;0;0;0;1;0;0;1;0;1;0;0;0;0;0;0;0;0;0;0
280130605000004;1;1104;1096;340;208;278;123;13;15;15;1;53;4;21;1;15;0;6;0;3;0;8;17;1;0;0;2;7;0;1;1;2;1;1;1;22;12;11;16;15;20;22;25;13;19;24;16;16;12;19;23;20;27;14;12;25;31;16;18;30;16;23;25;27;25;15;16;15;12;17;11;11;18;17;16;16;22;12;11;12;17;14;6;11;14;11;21;11;11;6;8;6;7;8;11;3;9;5;3;4;8;9;6;8;3;4;1;5;6;1;3;2;4;2;3;4;3;4;3;1;1;0;2;1;1;0;0;0;0;0;0;1;0;0;0
280130605000005;1;1002;1002;280;184;254;127;24;8;10;3;65;3;13;0;20;10;1;0;0;0;0;13;0;2;2;1;0;0;0;2;1;1;1;3;13;9;16;17;15;11;24;15;26;23;23;22;22;23;24;25;14;10;15;19;13;22;24;21;13;14;13;28;20;25;10;25;21;14;18;14;11;10;13;13;8;9;17;15;9;11;7;4;8;14;6;6;5;6;13;12;5;6;8;9;4;3;6;5;10;5;3;6;5;8;4;5;3;4;2;3;4;5;4;2;0;0;3;1;0;1;2;1;1;0;0;1;0;1;0;0;0;0;0;1
280130605000006;1;814;814;219;139;179;124;26;9;15;2;52;1;23;0;9;9;7;0;0;0;0;15;0;1;0;1;1;1;1;2;0;5;0;3;16;13;16;8;17;14;13;11;24;19;24;21;22;13;17;18;18;16;16;19;25;10;14;19;14;10;18;17;19;16;15;12;11;10;15;9;10;7;10;8;8;10;7;5;9;10;5;6;5;5;2;4;7;7;6;7;5;8;2;10;4;2;5;5;6;2;3;5;5;2;2;0;2;2;3;0;2;3;4;2;3;1;1;1;0;1;1;0;0;0;0;0;0;0;0;0;0;0;0;0
280130605000007;1;842;842;231;161;245;103;9;6;4;1;44;1;9;0;22;0;2;0;4;0;0;17;2;3;1;1;0;1;1;1;1;3;1;2;13;9;11;12;10;11;15;16;9;11;13;13;11;26;13;17;20;21;13;14;23;16;15;22;24;16;16;18;15;13;14;8;16;11;16;14;13;9;8;14;15;15;12;10;11;6;8;7;10;10;13;11;6;11;6;7;3;6;3;3;2;3;3;4;5;4;3;2;3;4;2;5;4;5;3;2;3;2;3;1;1;0;2;1;2;0;2;0;1;0;0;0;1;0;0;0;0;0;0;0
280130605000008;2;807;807;236;134;200;137;13;10;9;0;48;1;7;0;5;0;7;0;0;0;0;9;1;1;0;0;0;1;2;0;1;0;2;1;12;8;14;12;14;13;18;18;13;15;15;13;21;17;27;13;27;20;12;13;24;18;15;17;13;19;8;12;17;9;14;19;13;12;13;10;10;7;7;19;10;11;9;7;8;4;7;8;10;12;6;8;6;5;3;3;9;8;3;7;2;4;1;3;2;5;4;5;7;1;1;0;1;3;2;4;3;2;0;4;0;3;1;0;0;1;1;0;1;2;0;0;0;0;0;0;0;0;0;0
280130605000009;1;970;966;277;166;242;113;22;13;13;10;55;0;13;2;32;8;2;0;2;0;0;26;4;2;2;2;2;2;3;0;3;1;3;2;20;18;15;20;12;14;17;19;23;25;17;19;15;21;23;14;17;17;12;25;16;21;19;16;17;9;19;25;17;21;26;18;11;8;17;11;9;10;16;15;7;7;11;10;10;12;11;8;9;9;10;10;8;10;14;6;3;6;4;7;3;4;3;7;5;5;6;4;8;8;1;4;2;1;3;0;1;4;3;0;0;3;3;3;1;1;0;1;1;0;2;0;0;0;0;0;0;0;0;1
280130605000010;1;1127;1127;289;189;341;125;22;16;8;3;87;1;20;1;17;0;7;0;1;0;0;26;2;1;2;1;1;2;2;5;4;1;2;3;24;22;19;26;20;21;14;30;25;22;26;22;28;24;27;21;25;25;20;26;19;29;23;23;14;30;14;27;21;22;24;15;22;12;21;16;10;10;16;17;9;15;10;10;7;10;9;11;6;11;9;5;5;10;9;7;9;7;6;6;9;3;8;6;2;5;9;2;2;6;1;2;2;1;0;2;1;0;0;2;3;0;0;4;2;4;0;1;0;1;0;0;0;0;0;0;0;0;0;0
280130605000011;1;594;594;191;118;146;53;7;7;0;0;34;1;11;0;10;0;16;0;0;0;0;11;1;2;0;1;2;2;1;0;1;0;1;0;10;9;14;8;5;16;11;15;11;11;8;7;8;15;7;10;7;14;10;4;10;11;10;18;16;20;16;13;11;10;11;13;8;3;9;9;6;6;5;7;9;11;13;4;5;8;6;5;6;9;3;5;6;4;6;1;10;3;2;2;4;2;1;1;4;3;2;1;4;4;3;0;2;2;2;2;4;0;0;1;0;1;0;2;1;3;0;0;1;0;1;1;0;0;0;0;0;0;0;1
280130605000012;1;666;666;189;115;171;92;7;15;5;0;54;7;5;0;1;0;5;0;0;0;0;3;0;0;0;0;2;0;1;0;0;0;0;0;15;13;7;7;12;8;16;13;19;19;13;11;13;9;11;14;3;12;20;8;14;16;11;17;13;11;17;13;9;19;10;14;9;6;9;4;8;4;7;13;0;11;9;7;6;9;7;8;7;8;7;5;8;4;7;7;3;3;3;3;5;4;0;1;6;1;5;3;3;4;2;4;2;4;4;2;1;4;5;3;0;0;2;4;1;0;1;0;1;1;0;1;0;0;0;0;0;0;0;0
280130605000013;2;692;692;186;119;167;94;15;11;6;1;45;1;23;2;8;14;0;0;0;0;0;10;1;1;0;0;1;0;1;2;1;1;1;1;8;14;15;10;11;8;8;10;17;5;13;13;14;15;13;17;12;13;10;25;7;18;16;21;13;9;17;16;10;9;12;9;10;6;8;8;13;11;2;5;8;9;7;12;11;3;8;6;11;5;5;8;4;4;6;6;5;2;4;5;7;7;4;3;1;7;6;6;7;5;2;4;2;0;1;2;5;1;1;2;1;1;2;1;0;0;0;2;0;0;0;1;0;0;0;1;0;0;0;0
280130605000014;2;438;427;111;64;122;80;13;3;2;1;33;0;1;0;6;2;0;0;0;0;0;17;1;2;1;4;1;0;2;0;1;1;3;1;13;7;6;14;10;11;14;9;12;9;12;10;10;8;12;6;15;6;10;6;10;10;3;12;7;7;7;10;4;11;9;2;9;2;4;3;9;3;2;7;1;5;5;3;5;8;4;2;3;4;2;3;2;6;3;1;3;3;2;2;0;2;4;1;2;1;0;0;1;3;0;2;1;0;1;0;2;1;0;1;0;0;0;0;0;1;0;0;0;0;0;0;0;0;0;0;0;0;0;0
280130605000015;8;495;495;136;100;147;40;13;6;1;1;35;2;6;0;3;0;5;0;0;0;0;8;1;1;3;0;0;0;2;0;0;0;1;0;10;15;7;9;9;7;9;14;8;14;7;9;9;12;15;14;13;5;14;8;5;11;8;11;8;8;10;6;5;10;5;14;9;2;8;5;8;5;4;2;3;3;5;8;2;7;2;4;1;4;4;6;1;3;3;2;6;3;7;7;4;8;1;2;2;3;1;3;3;2;0;1;4;2;1;0;1;2;2;3;0;1;0;2;2;0;1;1;0;0;0;0;0;0;0;0;0;1;0;1
280130605000016;5;636;636;169;124;219;55;3;6;9;0;33;1;8;0;9;0;0;0;0;0;0;9;0;1;0;0;0;1;1;4;0;0;1;1;7;15;17;10;7;4;16;10;14;14;12;22;9;20;20;14;19;12;13;15;13;13;5;10;9;10;18;14;10;6;12;10;13;6;9;12;8;6;2;5;7;10;8;9;6;8;9;6;5;3;5;6;8;5;4;5;3;3;6;5;3;2;4;4;1;1;0;3;1;3;1;0;0;1;1;3;2;1;3;1;2;2;0;0;2;1;1;1;1;0;0;0;0;0;0;0;0;0;0;0
280130605000017;8;119;74;46;23;43;3;1;0;0;0;0;0;0;0;0;0;3;0;0;0;0;0;0;0;0;0;0;0;0;0;0;0;0;0;3;1;1;4;5;1;0;1;5;3;2;2;2;5;2;4;1;3;2;4;0;1;1;3;1;0;3;2;3;1;1;0;6;1;1;1;0;1;0;2;0;6;0;4;2;1;1;1;1;0;2;1;0;1;2;0;3;1;2;1;0;0;1;1;0;0;0;0;2;0;0;1;0;0;0;0;0;0;1;1;0;1;1;0;0;0;0;0;0;0;1;0;0;0;0;0;0;1;0;0
280130605000018;5;308;308;82;59;106;28;6;0;1;1;15;0;1;0;4;2;3;0;0;0;0;3;0;0;1;0;1;0;0;0;0;1;0;0;3;4;4;6;5;7;5;8;8;7;7;5;9;6;11;8;6;6;4;8;3;3;4;6;8;7;5;3;7;7;5;7;6;5;8;3;4;3;1;4;1;7;2;1;2;4;2;3;1;3;2;2;5;2;3;0;1;3;4;1;3;2;1;3;1;0;2;2;0;3;0;0;0;2;2;1;2;0;1;1;0;1;0;0;0;0;0;0;0;0;1;1;0;0;1;0;0;0;0;0
280130605000019;8;447;447;113;81;157;48;16;6;4;0;11;0;4;0;3;0;4;0;0;0;0;6;0;1;0;0;0;0;0;2;2;0;1;0;8;9;9;13;8;11;12;14;7;14;11;15;9;6;14;11;10;8;8;13;5;9;9;8;8;8;5;8;8;6;7;10;11;9;7;10;5;4;5;6;1;2;4;5;3;1;3;1;2;6;1;2;2;2;5;3;2;5;2;2;4;1;2;1;2;1;0;0;2;2;2;1;1;3;2;0;0;1;2;0;0;1;0;0;0;0;1;0;0;0;0;0;0;0;0;0;0;0;0;0
280130605000020;5;284;284;84;59;75;28;15;3;1;0;16;0;1;0;2;0;0;0;0;0;0;5;0;0;2;0;0;0;1;0;1;0;1;0;9;6;7;8;2;10;6;7;3;8;4;6;5;2;3;5;4;7;6;4;6;5;4;3;5;11;5;6;5;5;7;7;4;3;6;0;2;2;1;2;4;5;2;0;2;4;4;3;0;5;1;3;1;2;1;0;3;0;3;1;0;3;3;2;5;3;1;1;2;1;1;1;1;1;0;0;1;1;1;0;0;2;1;1;0;1;0;1;0;0;0;0;0;0;0;0;0;0;0;0
280130605000021;8;153;153;47;29;41;13;7;3;0;0;13;0;0;0;0;0;0;0;0;0;0;4;1;0;0;1;1;0;0;0;1;0;0;0;3;2;4;6;7;3;5;5;3;3;3;3;5;4;2;0;3;1;2;3;1;3;1;3;0;4;4;3;2;0;3;2;1;1;1;2;1;5;0;0;2;1;2;1;1;1;0;0;1;5;1;1;0;1;0;0;4;1;1;1;2;2;3;1;5;2;0;0;1;1;2;0;0;0;0;0;1;0;0;0;0;0;0;1;0;0;0;0;0;0;0;0;0;0;0;0;0;0;0;0
280130605000022;5;383;383;103;66;127;43;5;3;0;0;28;2;2;0;4;0;0;0;0;0;0;12;1;1;0;0;0;1;2;0;0;3;1;3;3;9;4;10;10;7;9;10;9;13;15;15;11;14;9;10;6;7;6;13;7;5;6;3;6;3;3;5;9;9;5;8;6;8;7;4;1;4;8;2;3;4;3;6;4;0;3;2;2;2;3;4;3;2;2;0;2;1;0;1;0;1;2;3;0;6;1;0;0;2;0;2;2;2;0;1;0;0;2;0;0;0;0;0;0;0;0;1;0;0;0;0;0;0;0;0;0;0;0;0
280130605000023;5;435;435;107;79;140;38;8;6;2;1;31;4;8;0;9;0;2;0;0;0;0;11;0;2;2;0;2;1;0;1;1;1;1;0;3;5;12;11;14;9;9;9;13;11;5;8;10;7;12;8;11;9;6;9;5;7;9;9;6;13;10;8;10;8;5;7;4;5;3;7;2;4;1;3;8;5;6;5;4;7;2;8;1;3;3;6;4;4;4;1;2;4;2;5;3;2;1;3;1;1;1;2;0;1;0;2;2;1;0;1;0;4;1;2;0;0;2;1;0;0;0;0;0;0;1;0;0;0;0;0;1;0;0;0
280130605000024;8;840;684;170;133;257;75;19;10;17;7;61;1;15;0;65;5;2;0;3;0;0;16;0;0;3;1;0;0;0;3;3;2;0;4;11;14;15;24;23;11;18;14;28;29;22;15;18;29;11;5;15;13;19;15;16;17;16;21;12;8;9;8;18;15;13;14;8;17;17;13;7;10;18;13;3;9;14;15;8;10;12;11;9;9;3;7;7;5;9;5;3;6;9;8;3;3;4;5;4;3;1;1;3;6;0;0;2;1;0;0;0;1;1;1;1;0;0;1;0;0;0;0;0;0;1;0;0;0;1;0;0;0;0;0
280130605000025;8;705;704;177;118;222;94;13;10;0;4;43;1;12;0;8;0;3;0;0;0;0;10;1;1;1;1;0;1;1;0;1;2;0;1;18;17;19;20;12;21;16;15;12;25;15;17;25;24;14;18;19;18;12;9;12;15;13;11;10;7;8;15;7;12;4;11;8;8;7;8;10;14;6;10;7;7;8;8;6;7;9;6;4;6;4;6;2;4;0;3;0;6;2;5;5;3;3;2;3;3;1;1;1;5;3;1;2;3;3;0;2;0;2;2;0;2;1;1;1;0;0;0;1;0;0;0;0;0;1;0;0;0;1;0
280130605000026;4;476;476;111;66;145;97;3;1;0;0;28;1;2;0;4;2;16;0;0;0;0;11;2;0;1;2;1;0;1;3;0;0;0;1;15;13;4;13;5;15;8;13;19;19;7;19;17;18;16;15;9;9;15;7;4;12;6;5;7;14;8;11;7;3;5;1;10;7;3;8;6;11;3;2;3;3;5;5;5;2;3;1;1;2;0;1;3;2;1;3;3;2;1;1;3;3;0;0;4;0;2;1;4;2;1;1;1;0;2;2;0;1;1;0;0;0;0;1;0;0;0;0;0;0;0;0;0;0;0;0;0;0;0;0
280130605000027;8;267;267;71;51;78;32;7;5;0;0;13;0;5;0;4;0;1;0;0;0;0;6;1;0;1;0;0;1;1;0;0;1;1;0;2;3;5;4;3;8;8;7;4;10;2;7;5;4;5;8;4;5;7;8;7;4;5;6;4;7;5;7;6;6;4;3;3;5;4;3;3;4;3;6;3;4;2;1;2;2;3;2;1;2;1;0;1;1;0;4;1;2;1;1;0;3;0;0;3;3;2;1;1;2;0;0;0;0;2;0;0;3;0;0;2;0;0;0;1;0;0;0;0;0;0;0;0;0;0;0;0;0;0;0
280130605000028;8;17;17;5;3;7;1;0;0;0;0;1;0;0;0;0;0;0;0;0;0;0;0;0;0;0;0;0;0;0;0;0;0;0;0;1;2;2;1;0;1;0;0;0;0;0;0;0;0;0;0;0;0;0;1;1;0;0;1;0;0;1;0;1;1;0;1;0;0;0;1;0;0;0;0;0;0;0;0;0;0;0;0;0;0;1;0;0;0;0;0;0;0;0;0;0;0;0;0;0;0;0;0;0;0;0;1;0;0;0;0;0;0;0;0;0;0;0;0;0;0;0;0;0;0;0;0;0;0;0;0;0;0;0;0
280130605000029;8;48;34;13;10;20;3;0;0;0;0;2;0;0;0;0;0;0;0;0;0;0;2;0;0;1;0;1;0;0;0;0;0;0;0;0;1;1;0;1;0;2;0;4;1;3;0;2;2;2;0;2;0;0;0;1;0;0;0;1;1;2;0;1;3;0;3;1;3;0;0;0;1;0;0;0;0;0;1;1;0;0;0;0;0;0;0;1;1;0;0;0;0;0;0;0;0;0;0;0;0;0;0;1;0;1;0;0;0;0;0;0;0;0;0;1;1;0;0;0;0;0;0;0;0;0;0;0;0;0;0;0;0;0;0
280130605000030;1;645;645;169;107;168;84;10;12;4;1;58;7;12;0;12;0;1;0;0;0;0;13;0;1;1;1;5;1;1;1;0;1;0;1;11;11;15;10;11;8;13;10;8;12;8;12;15;7;11;9;11;14;17;10;17;15;13;17;12;16;14;8;10;20;10;11;10;7;7;9;12;6;5;3;6;5;6;7;4;7;5;7;9;8;2;6;5;6;6;10;6;4;10;8;3;1;4;1;0;3;2;5;3;2;2;2;1;3;1;3;4;2;3;2;1;3;3;2;1;0;1;0;1;1;0;0;0;0;0;0;0;0;0;0
280130605000031;1;923;919;253;180;250;111;21;10;4;4;45;0;10;1;23;0;7;0;0;0;4;17;1;3;2;3;2;0;0;1;2;0;1;2;10;13;22;10;15;14;24;14;24;15;15;19;16;17;20;10;19;17;19;20;30;22;26;24;11;25;19;15;20;23;11;14;13;12;13;20;11;18;12;8;12;11;11;11;11;8;4;7;11;12;7;8;4;9;13;13;5;4;3;6;5;8;3;2;2;1;3;4;2;4;6;3;1;1;0;2;2;3;0;2;0;1;0;0;0;0;0;0;0;1;0;0;0;0;0;0;0;0;0;0
280130605000032;2;537;537;146;95;130;75;23;7;2;2;37;3;6;0;9;2;0;0;0;0;0;10;0;0;2;1;0;1;3;1;0;2;0;0;8;11;8;7;9;8;12;16;11;14;12;12;13;14;12;11;11;9;8;9;7;13;9;13;14;10;4;10;8;8;10;7;9;10;10;8;8;5;4;8;3;10;4;5;8;5;7;6;2;11;4;7;2;3;3;4;2;3;6;7;2;1;1;2;1;2;0;3;2;2;2;3;2;0;2;0;1;1;0;1;3;1;2;1;0;0;0;0;0;0;0;0;0;0;0;0;0;0;0;0
280130605000033;2;948;948;241;157;300;102;23;19;7;0;51;2;15;0;20;0;11;0;0;0;0;14;1;2;1;1;3;1;1;1;1;0;1;1;27;18;22;18;17;21;20;25;15;24;25;23;30;15;17;27;16;21;18;21;16;18;12;24;17;22;19;22;19;12;13;16;17;12;3;16;15;11;8;14;5;17;13;10;11;8;10;7;6;8;2;7;7;6;5;3;3;2;3;6;3;3;4;4;4;7;1;0;0;8;4;6;3;0;3;3;4;0;1;1;2;4;1;1;0;0;1;0;0;0;0;0;0;0;0;0;0;0;0;1
280130605000034;1;639;635;187;112;165;84;7;12;2;4;40;3;7;2;7;0;0;0;3;0;4;11;0;1;1;1;0;1;3;0;0;2;1;1;4;8;10;8;9;8;12;10;15;16;9;17;13;15;10;7;11;8;8;11;14;11;14;8;8;14;11;24;7;8;9;9;7;8;5;5;12;10;11;15;7;11;7;6;8;12;8;5;8;8;11;7;5;5;6;4;6;6;2;3;2;3;5;2;3;4;1;6;2;4;4;4;3;6;2;3;1;2;3;4;1;0;1;2;1;2;1;1;0;0;0;1;0;0;0;0;0;0;0;0
280130605000035;1;792;792;210;120;187;102;10;20;10;2;72;4;17;1;31;3;3;0;0;0;0;9;1;1;0;0;1;0;2;1;1;0;2;0;13;15;11;7;12;16;11;7;13;13;14;20;16;15;19;13;16;12;9;18;7;17;17;15;21;26;18;12;16;20;14;8;9;10;15;9;9;11;4;14;6;10;13;9;12;8;7;8;6;10;4;3;4;8;6;8;5;7;4;4;4;9;8;7;7;7;6;6;2;6;3;4;5;2;1;1;0;3;3;2;2;2;1;0;0;1;2;1;0;2;0;0;0;1;0;0;0;0;1;0
280130605000036;1;844;843;241;128;191;139;15;10;14;0;53;3;22;2;18;0;6;0;1;0;1;13;1;2;0;2;2;0;0;1;0;2;0;3;15;10;11;7;17;18;21;18;14;26;16;18;16;15;10;22;17;17;16;22;20;18;19;11;21;13;14;12;12;12;12;13;19;7;11;15;8;9;10;4;11;12;9;10;10;5;9;8;9;6;5;9;9;6;7;8;6;5;3;6;5;6;4;6;4;8;5;1;9;4;6;3;7;1;1;1;3;2;0;1;1;5;3;1;1;1;0;1;1;1;0;0;0;0;0;0;0;0;0;0
280130605000037;7;217;217;50;43;90;8;7;4;0;3;7;0;0;0;5;0;0;0;0;0;0;4;0;1;0;0;0;0;1;0;1;0;0;1;4;5;4;3;5;4;2;8;7;5;3;7;3;6;6;3;6;6;3;6;8;6;5;4;4;1;1;5;3;5;0;5;2;2;0;3;0;0;3;1;1;0;2;0;7;4;3;2;1;2;0;3;1;2;3;3;2;2;1;3;0;3;5;1;2;0;1;1;0;0;1;1;0;0;0;1;1;0;0;0;0;0;0;0;0;0;0;0;0;0;0;0;0;0;0;0;0;0;0;0
280130605000038;5;204;204;55;43;67;14;10;2;0;1;9;0;1;0;2;0;0;0;0;0;0;2;0;0;0;1;0;0;0;0;1;0;0;0;5;2;6;4;3;5;5;7;4;5;6;3;6;8;6;3;6;2;3;4;2;0;3;5;4;3;3;2;9;2;8;8;2;3;7;4;3;3;1;3;2;2;2;3;0;2;1;0;0;0;0;1;3;1;1;1;0;1;0;2;0;0;1;2;1;0;0;2;1;1;0;0;0;0;0;0;0;0;0;1;0;0;0;0;1;0;0;0;0;0;1;1;0;0;0;0;0;0;0;0
280130605000039;5;414;405;109;76;106;44;24;7;4;0;32;3;3;0;5;1;0;0;0;0;0;10;2;0;1;1;0;0;0;1;2;0;2;1;7;12;8;11;4;9;8;4;11;13;7;9;13;8;8;8;9;4;7;6;7;10;8;10;12;8;10;13;5;7;3;3;6;6;6;4;1;2;6;1;7;2;4;9;6;1;4;2;11;2;2;4;3;3;5;1;5;4;0;5;1;4;2;1;4;3;3;0;1;1;0;0;0;3;0;0;1;1;0;0;1;0;0;2;0;1;0;0;0;0;0;0;0;0;0;1;0;0;0;0
280130605000040;7;362;362;97;56;89;54;25;4;2;0;14;0;10;0;10;0;1;0;0;0;0;5;0;0;0;1;0;0;0;1;2;0;1;0;6;8;11;11;6;6;7;9;8;15;9;11;9;10;8;7;7;10;6;6;11;4;6;8;6;5;5;7;3;8;4;6;9;5;2;3;9;3;3;7;3;6;2;3;0;3;3;5;2;4;5;2;1;3;1;1;2;3;2;2;1;2;0;3;1;0;2;1;0;3;1;0;1;0;0;1;0;0;1;0;0;1;0;0;0;0;0;0;0;0;0;0;0;0;0;0;1;0;0;1
280130605000041;7;218;218;63;53;75;10;3;1;4;0;7;0;2;0;0;0;0;0;0;0;0;6;0;1;1;0;0;2;0;0;1;0;1;0;6;6;4;3;8;4;2;4;6;5;6;3;4;4;2;4;3;3;5;2;4;7;6;8;3;3;3;8;6;4;2;1;6;4;6;1;2;2;2;1;3;1;2;1;0;3;1;1;3;0;2;2;3;3;1;1;1;4;1;2;2;0;2;0;0;0;1;0;1;1;0;1;0;0;0;0;0;1;0;1;0;0;1;0;1;0;0;0;1;0;0;0;0;0;1;0;0;0;0;0
280130605000042;7;76;76;21;16;28;5;2;0;0;0;2;0;0;0;2;0;0;0;0;0;0;1;0;0;0;0;0;1;0;0;0;0;0;0;2;4;1;1;3;1;2;2;0;2;0;2;2;1;2;4;2;3;1;0;0;2;2;0;2;0;0;0;1;1;2;0;3;1;1;0;1;0;1;0;2;3;1;0;2;1;1;1;1;0;0;1;1;1;1;1;0;0;1;1;0;0;0;2;0;0;0;0;0;0;0;0;0;1;0;0;0;0;0;0;0;0;0;0;0;0;0;0;0;0;0;1;0;0;0;0;0;0;0;0
280130605000043;5;244;244;63;34;52;39;7;5;3;1;28;0;7;0;2;0;3;0;0;0;0;5;0;0;2;0;0;1;0;0;1;0;0;1;5;2;3;3;6;7;3;4;4;8;2;4;6;4;5;9;4;4;7;4;5;7;3;9;4;3;10;4;5;6;1;4;3;1;3;3;2;4;2;4;1;3;3;6;2;1;0;2;5;3;4;2;1;1;3;2;2;1;1;1;3;1;2;0;0;0;0;2;2;0;1;2;1;0;2;1;0;0;0;0;1;0;0;0;0;0;0;0;0;0;0;0;0;0;0;0;0;0;0;0
280130605000044;1;774;774;211;133;184;151;29;5;4;0;41;1;4;0;8;3;0;0;0;0;0;14;0;0;1;1;2;2;0;1;1;2;2;2;18;19;15;21;25;14;18;15;16;16;18;20;19;18;16;12;18;11;14;16;19;17;17;7;14;21;15;13;9;8;14;14;15;10;11;8;12;6;7;12;7;5;7;5;12;8;8;7;5;6;1;8;3;5;4;5;7;4;6;4;3;4;8;4;4;2;2;1;2;5;2;0;0;0;2;1;1;1;3;3;1;0;2;1;1;0;0;1;0;1;0;0;0;0;0;0;0;0;0;0
280130610000001;1;123;123;37;25;44;6;1;1;0;0;5;0;0;0;2;0;2;0;0;0;0;3;0;0;0;0;0;0;2;1;0;0;0;0;1;2;2;2;1;1;5;3;4;4;3;2;6;1;4;2;0;0;3;1;3;0;2;0;1;0;0;4;3;4;1;1;3;5;0;4;2;1;1;0;1;3;0;3;0;1;0;1;3;2;0;2;0;2;1;4;1;1;1;0;0;1;1;1;0;2;1;1;0;1;0;2;0;0;1;0;0;0;1;0;0;0;0;0;0;0;0;0;0;0;0;0;0;0;0;0;0;0;0;0
280130610000002;8;284;284;78;48;100;30;4;3;3;1;10;1;3;0;1;0;2;0;0;0;0;3;0;2;0;0;0;0;0;0;0;1;0;0;2;3;4;8;5;4;6;2;4;4;5;6;5;11;9;10;7;9;9;6;5;5;3;3;1;3;3;1;3;4;6;1;4;3;2;5;5;3;3;4;3;1;6;4;4;3;6;4;3;5;4;1;1;3;1;2;2;0;2;4;1;2;3;2;4;1;1;3;1;3;2;1;0;2;1;1;0;0;1;2;0;0;1;1;0;0;0;2;0;0;0;0;0;0;0;0;0;1;0;0
280130610000003;8;501;501;151;99;140;44;3;4;11;0;20;0;18;2;7;0;2;0;0;0;0;11;0;3;1;0;0;2;1;2;0;1;1;0;9;5;8;5;10;12;8;7;9;11;16;9;9;7;11;15;16;12;5;7;5;7;7;9;8;4;6;2;4;13;5;8;6;4;7;3;6;7;9;6;5;2;3;5;3;8;8;9;10;7;4;4;0;3;5;5;3;1;4;2;3;5;3;5;6;4;2;1;3;2;2;4;9;5;4;2;5;0;1;2;0;1;2;1;5;1;1;1;0;1;0;0;0;0;0;0;1;0;0;0
280130610000004;8;221;221;69;42;51;33;0;3;0;0;13;0;9;0;0;0;1;0;0;0;0;3;0;1;0;0;1;0;0;0;1;0;0;0;5;1;1;7;8;5;6;6;4;5;7;3;3;6;5;5;3;1;1;3;6;4;4;4;2;3;5;3;2;7;0;3;5;3;6;2;5;1;3;1;3;3;1;1;4;3;3;3;1;1;0;0;2;3;1;1;2;1;3;1;2;0;0;0;3;1;0;2;1;1;1;1;0;1;2;2;1;0;2;0;0;1;2;2;0;0;0;0;1;0;0;0;0;1;0;0;0;0;0;0
280130610000005;8;605;605;168;108;184;70;11;5;4;1;34;0;8;0;10;0;2;0;0;0;0;12;2;1;1;1;0;2;0;2;0;2;1;0;11;11;12;13;7;9;12;14;14;20;16;10;22;13;14;13;9;15;14;8;14;12;9;7;6;11;12;7;7;7;4;8;7;12;5;5;6;7;9;6;6;11;7;11;6;7;1;4;4;9;3;9;3;6;5;1;4;2;5;2;3;7;4;4;4;4;4;0;0;4;2;2;1;5;4;3;1;3;3;1;1;1;1;1;0;0;0;1;0;0;0;0;0;0;0;0;2;0;0;3
280130610000006;8;392;392;106;76;127;34;12;2;1;0;28;0;2;1;1;0;2;0;0;0;0;7;1;0;2;1;0;0;1;0;1;0;1;0;8;11;9;8;7;10;4;7;8;11;6;12;12;14;10;11;10;8;8;7;4;8;7;7;5;3;6;5;5;3;5;7;9;3;6;2;5;3;5;3;6;2;2;1;2;4;4;4;7;5;4;3;5;2;5;2;2;1;2;0;4;0;0;0;5;3;3;1;2;3;3;3;1;0;0;2;3;1;0;0;1;1;0;0;1;0;0;2;0;0;0;0;1;0;0;0;0;0;0;0
280130615000001;2;1112;1112;326;188;280;167;30;13;6;2;63;0;18;0;17;1;1;0;0;0;0;22;2;0;6;0;3;2;0;3;1;3;1;1;17;19;23;20;20;23;18;21;29;33;17;27;28;25;16;17;25;28;20;18;22;22;20;22;20;23;15;20;21;29;20;15;21;17;19;4;14;10;13;10;9;14;14;10;8;10;7;16;9;6;5;9;8;9;12;4;7;8;5;13;6;7;5;6;5;5;2;7;3;7;6;3;2;3;6;2;3;0;3;3;2;1;5;2;5;0;0;1;1;3;0;0;0;0;0;1;0;1;0;0
280130615000002;8;312;312;90;59;87;42;6;3;2;0;11;0;5;0;7;0;0;0;0;0;0;7;1;1;2;0;1;0;0;0;0;1;0;1;7;6;7;7;5;8;8;6;4;9;3;6;5;7;11;2;6;6;4;6;8;5;8;3;6;5;2;7;4;9;8;9;6;3;4;3;1;5;3;1;4;1;2;4;1;2;2;4;0;2;1;3;5;4;0;2;2;3;0;3;2;1;2;1;5;1;2;3;2;4;0;1;1;3;1;0;3;2;0;1;1;0;0;0;0;0;0;1;0;0;0;0;0;0;0;0;0;0;0;0
280130620000001;2;969;969;289;184;299;111;6;10;2;1;44;3;10;2;5;2;1;0;0;0;0;13;0;1;1;1;1;1;2;0;1;2;2;1;17;16;20;22;15;12;27;19;22;24;15;20;20;20;16;17;27;22;11;17;19;23;16;16;16;27;16;16;18;20;13;17;18;9;16;14;19;10;8;9;11;14;16;11;8;9;13;5;10;8;5;3;12;14;7;6;5;6;2;4;8;7;3;4;3;4;4;3;1;5;2;6;4;5;3;3;0;4;3;3;0;3;2;0;2;2;0;1;1;0;1;0;0;0;1;0;0;0;0;0
280130620000002;8;419;417;131;92;139;32;0;3;0;0;15;0;3;0;4;0;0;0;0;0;0;7;0;0;1;2;0;1;0;0;1;1;0;1;10;3;12;5;7;7;7;8;10;7;7;10;8;12;11;11;8;8;8;7;8;7;10;6;5;10;10;6;5;9;4;8;6;2;13;4;8;10;5;7;2;2;7;8;5;6;3;1;1;3;2;1;5;5;1;1;2;2;2;7;2;3;0;4;7;1;1;1;2;5;2;0;1;0;2;2;0;1;0;1;0;0;1;0;0;0;0;0;0;0;0;1;0;0;0;0;0;0;0;0
280130620000003;8;194;194;59;32;65;30;2;1;0;0;4;0;1;0;0;0;0;0;0;0;0;6;0;1;1;0;0;0;0;1;0;1;1;1;3;2;2;5;8;3;3;4;7;4;5;6;5;3;2;2;3;2;4;6;3;1;2;1;1;3;4;2;3;3;3;3;1;2;3;0;3;4;1;2;1;1;2;3;4;3;1;1;2;0;0;5;0;0;2;1;3;2;1;1;0;0;2;1;1;2;2;4;1;1;1;0;1;1;0;4;0;2;0;3;0;0;2;0;0;0;0;2;0;0;0;0;1;0;0;0;0;0;0;0
280130620000004;8;70;70;25;18;24;1;0;0;0;0;0;0;0;0;1;0;1;0;0;0;0;1;0;0;0;0;0;0;0;0;0;1;0;0;1;0;0;0;1;1;0;0;3;0;1;1;0;1;0;1;0;1;4;0;2;2;0;5;0;2;1;2;0;1;0;0;1;1;2;0;2;1;0;0;1;0;2;1;1;1;1;1;0;1;2;2;1;0;1;1;0;0;0;0;2;2;1;0;2;0;0;1;2;0;0;1;0;3;0;0;1;1;0;0;0;0;0;0;0;0;0;0;0;0;0;0;0;0;0;0;0;0;0;0
280130620000005;4;673;673;172;135;257;53;10;15;0;0;22;1;3;0;0;0;4;0;1;0;0;16;1;1;2;1;1;1;1;3;1;2;2;0;13;8;17;10;13;13;7;15;17;13;10;20;15;12;18;11;19;11;11;15;14;20;15;19;13;16;11;11;10;10;8;12;8;11;11;13;8;10;11;10;11;6;5;6;12;7;2;10;7;3;0;6;2;5;3;2;4;5;5;4;3;2;3;3;2;2;5;3;2;4;1;1;2;1;4;0;0;1;0;0;0;1;1;0;1;1;0;0;0;0;0;0;0;0;0;0;0;0;0;0
280140505000001;1;480;457;163;92;99;36;3;1;28;1;17;0;21;1;18;0;0;0;0;0;0;5;0;0;1;0;1;1;0;1;0;0;1;0;4;7;7;5;7;6;5;7;4;7;8;3;6;8;10;6;10;7;7;4;7;11;11;8;7;11;10;8;9;7;7;3;8;2;7;9;8;9;8;6;3;10;2;9;7;7;4;7;6;2;8;4;5;8;10;4;5;1;6;7;2;5;3;5;6;3;1;4;4;3;2;4;2;0;3;2;2;2;1;2;4;3;0;0;2;2;1;0;1;1;0;2;0;1;2;1;0;0;0;0
280140505000002;1;740;740;209;146;213;72;4;9;4;2;41;0;16;1;18;0;5;0;0;0;0;14;0;3;1;3;1;1;0;1;3;1;0;0;18;9;12;15;13;13;12;15;12;13;16;13;13;19;15;13;13;16;20;13;14;15;14;15;5;7;8;12;15;9;14;11;9;7;13;8;8;7;9;16;7;12;9;11;11;9;6;6;6;8;7;8;7;4;4;7;3;5;9;3;5;4;4;3;7;5;5;2;2;4;1;5;1;2;2;0;2;5;1;6;1;2;0;1;1;1;3;4;0;2;0;1;0;3;0;0;0;0;0;0
280140505000003;1;680;679;226;143;181;69;4;6;2;0;26;0;12;2;5;2;0;0;2;0;0;13;0;1;0;0;2;1;1;3;0;3;0;2;12;16;9;10;15;13;11;14;11;12;13;14;12;14;18;5;10;6;9;14;16;12;13;9;10;5;14;10;9;14;12;14;8;11;9;17;7;6;10;4;12;12;9;3;11;9;4;4;4;4;5;3;3;8;5;4;7;8;5;1;7;9;8;9;5;2;1;1;5;3;5;3;2;1;0;0;3;4;1;2;6;1;4;3;2;1;2;1;0;2;1;1;2;1;0;0;0;0;0;0
280140505000004;1;848;832;255;147;169;121;10;7;42;1;31;0;53;2;9;1;0;0;0;0;0;11;1;0;1;2;0;1;2;0;1;1;1;1;22;13;13;13;20;13;16;15;13;22;21;29;20;24;25;20;17;14;9;9;17;11;16;12;15;15;14;14;14;17;9;11;15;15;20;9;13;13;8;6;9;10;8;6;8;6;9;11;12;4;4;8;9;5;4;5;5;4;8;7;4;4;3;4;1;5;5;8;5;6;5;3;2;3;2;2;0;4;2;2;0;1;5;1;0;0;1;0;2;2;1;0;0;0;0;0;0;0;0;0
280140505000005;1;749;749;240;139;164;103;9;7;5;0;51;2;11;1;10;1;6;0;0;0;0;11;0;0;0;1;3;0;2;1;0;2;1;1;13;11;7;9;15;13;8;18;14;14;13;14;20;10;14;24;15;16;14;12;13;19;10;12;8;16;12;12;15;10;6;13;7;14;11;7;12;13;7;8;12;11;6;10;6;7;4;4;11;5;5;9;9;12;5;5;5;9;5;6;4;8;8;8;6;4;10;4;2;6;3;4;3;2;3;0;0;2;2;1;1;5;0;2;1;1;0;0;0;1;0;1;0;0;0;0;0;1;0;0
280140505000006;1;708;708;206;132;183;93;21;6;6;1;30;0;6;0;20;2;2;0;0;0;0;23;1;1;0;0;0;4;2;6;2;1;4;2;7;13;9;18;13;14;17;9;22;23;17;14;16;17;18;23;15;11;10;11;12;11;9;20;10;6;4;16;14;16;5;13;7;15;8;16;10;10;14;8;13;8;9;16;13;8;3;4;3;6;1;3;2;2;4;5;1;1;5;6;4;2;4;5;6;1;0;3;5;0;3;0;1;3;3;0;1;1;1;1;0;1;0;2;1;1;0;1;0;0;1;0;0;0;0;0;0;0;0;0
280140505000007;1;1090;1086;342;217;256;99;9;14;57;1;27;0;34;4;17;10;2;0;1;0;0;11;0;2;1;1;1;0;1;1;0;1;2;1;15;25;18;20;20;19;19;19;14;23;19;18;17;17;23;21;17;14;18;22;20;25;18;29;20;25;26;18;18;22;17;18;21;17;20;14;20;18;16;23;13;17;16;15;13;8;14;11;8;8;8;8;11;8;3;4;8;10;8;8;4;1;9;6;5;10;2;1;4;6;4;3;5;3;4;1;1;4;1;7;0;1;1;1;0;4;0;3;1;1;1;0;1;1;0;1;0;0;0;0
280140505000008;1;826;826;272;190;226;67;2;8;11;1;36;0;2;2;7;2;0;0;0;0;0;10;0;3;3;0;1;1;0;1;1;0;0;0;10;8;13;14;15;12;19;9;19;12;12;20;13;4;17;17;11;11;6;16;11;14;17;16;13;7;13;10;25;7;11;17;18;14;12;16;13;10;8;7;10;11;11;14;8;16;5;12;7;11;5;5;11;7;14;9;8;4;10;10;5;9;10;7;8;2;6;3;3;6;3;2;4;4;2;3;3;5;1;3;4;3;3;1;4;1;0;1;1;1;1;0;0;0;2;0;0;0;0;0
280140505000009;1;642;642;200;118;125;61;3;3;35;1;38;0;26;7;24;0;0;0;1;0;0;13;2;1;2;1;1;1;1;1;0;2;0;1;20;5;9;11;8;10;13;6;7;10;17;10;14;13;18;7;8;12;14;10;18;9;17;18;8;13;11;16;9;8;9;15;14;16;9;10;10;6;8;9;1;12;4;6;5;13;12;5;3;8;3;5;2;4;7;4;4;4;5;5;5;0;4;3;6;4;2;2;1;2;0;2;4;4;3;1;3;2;2;3;1;0;3;3;1;1;0;0;0;0;0;0;0;0;0;0;0;0;0;0
280140505000010;1;176;167;58;38;46;27;1;0;0;0;5;0;1;0;0;0;0;0;0;0;0;1;1;0;0;0;0;0;0;0;0;0;0;0;3;0;2;3;3;3;3;4;1;2;2;4;1;2;4;2;2;2;1;0;7;4;0;2;4;3;2;5;2;4;2;1;5;4;3;2;4;1;3;3;1;4;3;2;5;3;3;2;6;2;2;1;1;2;4;2;2;3;3;3;2;2;3;1;0;2;0;0;1;0;0;0;0;0;1;0;0;1;0;1;0;1;0;0;0;0;0;0;0;0;1;0;0;0;0;0;0;0;0;0
280140505000011;1;857;855;258;153;149;105;14;7;44;1;39;1;45;8;30;0;2;0;1;0;0;9;0;0;1;1;2;0;0;1;0;1;1;2;12;15;11;21;9;20;7;17;15;18;21;24;19;12;23;22;18;17;15;14;20;13;21;17;14;18;12;9;14;14;5;9;13;19;6;11;14;10;9;12;17;14;12;8;8;14;16;10;11;11;7;11;6;4;7;6;6;10;2;2;3;5;2;8;7;5;4;4;6;4;1;4;3;0;1;6;0;2;1;3;0;0;2;0;0;0;0;1;0;1;0;1;1;0;0;0;0;1;0;0
280140505000012;1;645;639;211;140;161;59;10;7;9;0;22;0;9;0;12;0;2;0;3;0;0;7;2;0;1;2;0;0;1;0;0;0;0;1;11;7;11;6;11;9;12;6;5;6;10;6;12;7;10;11;15;10;9;20;13;17;9;14;16;10;9;15;7;10;11;4;7;6;12;14;14;10;7;5;8;13;13;4;8;10;8;9;8;11;7;9;7;4;6;10;4;4;4;7;7;7;6;2;3;2;6;2;2;2;1;4;2;3;4;7;1;4;0;2;3;1;2;1;2;0;1;0;0;0;0;0;1;1;1;0;0;0;0;0
280140505000013;8;548;548;146;102;162;53;5;6;13;1;30;1;17;1;10;0;1;0;0;0;0;10;2;0;2;0;1;0;2;1;0;1;1;0;11;15;12;11;13;13;11;10;16;11;14;13;13;9;14;8;13;10;9;11;12;14;10;4;8;8;3;8;6;7;7;8;8;5;12;9;9;9;5;6;10;6;7;2;3;8;5;3;1;4;6;4;2;5;7;9;6;3;2;3;3;1;2;1;5;1;2;2;5;6;0;1;1;2;3;3;1;0;1;2;0;1;0;0;1;1;1;0;1;0;0;0;0;0;0;0;0;0;0;0
280140505000014;8;727;727;213;149;218;66;14;5;5;1;27;1;13;0;9;6;0;0;0;0;0;12;1;2;0;2;2;1;0;1;1;1;1;0;11;9;17;11;14;14;8;15;12;20;11;11;16;12;17;21;13;10;14;13;18;12;8;7;11;8;12;9;10;11;12;16;6;13;8;10;11;6;9;13;13;10;7;4;7;13;6;6;5;8;4;5;8;5;7;11;8;6;6;8;6;4;6;1;9;2;5;8;6;2;4;4;2;6;5;1;1;5;1;1;1;2;1;0;0;2;0;0;1;0;1;0;0;1;0;0;0;0;0;1
280140505000015;8;191;191;51;40;62;4;0;1;6;0;8;0;9;0;8;2;0;0;0;0;0;1;0;0;1;0;0;0;0;0;0;0;0;0;0;1;0;2;2;3;5;3;4;5;6;7;2;3;4;3;4;5;3;3;6;7;3;3;3;1;2;2;5;1;2;0;3;1;4;3;3;2;6;2;3;2;4;0;2;1;2;1;2;1;3;3;0;2;3;4;4;2;1;2;2;1;1;2;3;3;3;0;2;0;1;1;0;0;0;0;1;3;0;1;0;0;0;0;0;0;0;0;0;0;0;0;0;0;0;0;0;0;0;0
280140505000016;5;208;208;70;39;61;23;0;1;2;1;7;0;2;0;0;0;2;0;0;0;0;1;0;0;1;0;0;0;0;0;0;0;0;0;1;3;1;4;4;5;2;6;3;5;8;3;8;4;5;2;7;6;3;1;3;3;4;6;4;3;0;2;2;2;2;1;0;6;5;2;4;4;4;6;6;3;1;4;3;3;3;2;2;1;2;1;2;1;1;3;2;2;0;1;0;3;1;3;1;1;2;2;0;0;0;0;2;0;0;1;0;1;0;0;1;0;0;0;0;0;0;0;0;0;1;1;0;0;0;0;0;0;0;0
280140505000017;8;488;485;128;98;167;31;12;8;1;0;34;1;3;0;5;0;0;0;0;0;0;8;1;0;0;0;0;2;1;2;0;0;2;0;11;7;11;6;10;11;8;16;12;12;14;11;7;16;11;8;11;8;10;9;8;10;4;8;6;5;7;9;3;5;6;8;5;3;8;7;10;5;7;10;5;6;9;8;7;7;6;6;3;0;7;3;4;3;1;3;4;2;0;7;3;3;3;0;7;5;1;1;2;3;1;1;1;2;1;1;3;1;1;0;0;0;1;2;0;0;0;1;1;0;0;0;1;0;0;0;0;0;0;0
280140505000018;8;673;673;192;137;221;60;0;2;8;2;23;1;17;1;7;0;0;0;2;0;0;16;1;3;0;0;1;3;2;1;0;2;0;3;18;12;11;18;15;12;17;15;16;15;16;18;7;8;15;16;8;9;12;16;8;11;18;14;11;8;8;5;10;11;9;9;10;10;15;8;4;5;11;7;8;9;4;11;11;8;3;6;7;3;5;3;3;6;9;3;7;4;6;5;4;3;5;1;2;5;4;2;2;4;2;2;0;7;2;2;2;3;2;4;2;1;1;1;0;1;2;0;0;0;0;1;0;0;2;0;0;1;0;0
280140505000019;8;1057;993;296;198;154;276;33;14;3;2;61;4;6;0;10;0;0;0;0;0;0;15;2;0;0;3;1;0;0;5;1;2;0;1;22;24;28;22;23;25;22;27;21;29;24;29;21;27;29;21;17;24;17;16;22;24;17;18;13;15;18;20;6;14;14;11;17;7;13;14;9;11;14;12;16;22;11;9;14;15;9;7;8;10;12;10;4;7;11;7;5;7;8;6;6;6;4;3;8;9;3;7;2;8;0;3;2;0;2;2;1;2;2;3;2;2;2;2;1;2;1;0;0;0;0;1;0;0;0;0;0;1;0;0
280140505000020;8;435;435;123;98;123;24;7;3;12;1;18;0;14;0;12;0;0;0;0;0;0;9;0;0;2;1;0;1;2;1;1;0;1;0;11;7;4;7;8;5;10;11;9;6;9;8;12;7;9;10;8;6;9;6;5;11;6;11;9;2;15;5;5;12;6;2;6;6;6;8;5;7;6;1;4;6;7;1;1;2;7;3;1;6;3;5;4;4;4;4;2;6;4;3;3;6;4;5;6;3;2;2;5;1;1;3;1;1;2;3;0;1;1;1;0;0;1;0;1;0;0;0;0;0;0;0;0;0;0;0;0;0;0;0
280140505000021;8;618;618;166;118;183;85;7;4;4;0;25;3;10;0;9;0;4;0;0;0;0;8;1;1;1;1;0;0;1;0;0;2;0;1;8;13;16;13;13;12;17;15;12;20;11;18;8;12;15;17;16;13;10;9;16;8;7;9;9;9;10;9;7;8;3;8;11;6;10;8;13;9;4;3;4;4;11;7;10;4;5;2;3;6;4;6;4;6;5;4;4;5;2;9;6;9;7;5;5;3;5;4;3;4;0;0;3;5;2;1;0;3;0;1;0;0;1;1;1;0;0;0;0;0;0;0;0;0;0;0;0;1;0;0
280140505000022;5;288;288;65;40;53;40;2;3;24;0;19;0;33;1;8;0;0;0;0;0;0;5;0;1;0;0;1;0;0;0;0;1;1;1;5;4;4;6;11;4;5;4;10;8;9;4;5;5;2;12;6;6;4;3;6;12;4;4;3;6;9;5;3;4;2;3;7;3;3;1;2;4;3;0;2;2;0;4;2;5;4;3;4;2;1;6;3;1;7;4;9;2;3;2;0;0;0;1;4;3;0;0;1;4;1;0;0;0;0;0;0;0;0;0;0;0;0;0;0;0;0;0;1;0;0;1;0;0;0;0;0;0;0;0
280140505000023;5;729;729;229;132;187;118;1;3;5;2;38;4;5;0;4;0;1;0;0;0;0;12;0;1;0;2;0;0;0;2;0;1;3;3;20;7;16;12;10;17;21;17;21;15;14;12;16;15;19;16;17;10;21;13;16;12;10;12;9;11;13;7;13;10;10;3;10;11;6;11;7;13;9;9;6;9;7;4;3;13;7;11;7;4;8;7;4;9;4;12;4;5;3;3;2;6;2;3;3;3;1;2;2;6;3;1;3;4;2;2;1;2;5;1;0;3;7;3;2;0;2;0;0;3;0;1;0;0;1;0;0;0;0;0
280140505000024;5;189;189;49;42;75;9;4;1;0;0;7;0;0;0;0;2;0;0;0;0;0;5;1;1;0;0;0;0;2;0;0;0;1;0;3;1;3;2;4;4;3;1;5;7;3;6;7;5;5;8;4;4;5;3;3;7;3;3;1;2;2;5;1;3;3;2;0;4;0;7;3;4;1;3;1;3;4;2;1;2;3;2;2;3;1;1;2;4;1;1;1;1;3;0;0;1;1;1;0;0;1;0;0;0;0;2;0;0;0;0;0;0;0;0;0;0;0;0;0;0;0;0;0;0;0;0;0;0;0;0;0;0;0;0
280140505000025;1;646;646;194;117;139;65;6;10;33;1;30;0;19;3;22;1;6;0;0;0;0;13;1;1;1;1;2;1;0;1;0;1;4;0;14;9;8;13;7;12;18;6;16;15;10;14;5;14;9;12;10;8;13;14;12;18;18;17;13;12;16;7;16;14;9;12;8;11;5;8;10;8;9;9;5;5;7;3;6;11;8;6;7;5;4;3;2;6;4;8;6;6;8;4;5;7;3;4;1;5;3;1;2;4;2;3;0;1;1;1;2;3;3;1;0;0;1;0;1;0;4;1;0;1;0;0;0;0;0;0;0;0;0;0
280140505000026;1;678;678;198;138;182;95;7;4;3;2;32;0;2;0;13;1;1;0;0;0;0;14;2;3;1;0;1;1;0;1;3;1;1;0;6;15;10;19;15;17;15;12;17;19;17;17;16;15;16;14;12;9;13;13;9;12;8;18;14;10;22;8;15;15;8;9;14;12;8;9;7;10;5;6;5;4;6;7;4;7;6;5;3;7;5;4;8;9;2;5;9;0;3;2;3;0;3;5;6;5;3;2;2;3;1;4;3;2;3;1;2;2;1;0;2;0;0;1;0;1;0;0;0;1;1;0;0;0;0;0;0;0;0;0
280140505000027;1;527;527;170;98;112;68;8;8;9;1;30;0;12;1;5;0;1;0;4;0;0;6;0;1;0;0;0;1;1;0;0;1;2;0;11;7;9;5;1;13;2;10;10;3;10;8;8;6;8;11;7;8;11;13;12;18;10;7;15;14;9;8;7;11;5;13;7;7;3;3;9;6;3;11;9;4;4;8;4;6;3;9;8;5;4;6;4;3;5;5;3;6;2;5;4;4;4;5;2;3;5;0;4;3;3;3;4;7;3;2;2;3;2;5;1;3;1;0;1;0;0;1;0;0;0;1;2;0;1;0;0;0;0;0
280140505000028;8;836;836;223;174;298;69;7;10;2;1;37;2;8;0;3;2;0;0;0;0;0;8;0;1;0;1;1;1;3;0;0;0;0;1;14;16;14;18;25;16;16;17;25;16;11;19;20;27;30;15;16;17;13;12;22;16;19;11;12;13;16;9;13;16;8;14;12;10;11;8;8;6;6;14;9;6;12;7;7;6;12;6;15;5;8;10;8;6;6;9;7;7;3;7;7;2;6;3;6;2;3;5;3;4;2;2;4;4;3;3;1;2;3;2;0;0;0;1;1;0;0;0;0;1;0;0;0;0;0;1;0;0;0;0
280140505000029;8;669;668;177;118;205;77;6;4;16;0;22;0;25;2;16;0;1;0;0;0;0;13;4;2;1;1;0;0;0;1;0;1;1;2;8;11;18;10;20;8;12;14;15;20;11;19;20;14;18;11;13;13;14;13;13;11;5;13;16;4;9;7;12;15;10;11;7;8;17;6;6;9;10;7;14;5;6;5;2;4;3;3;2;4;4;4;5;7;4;5;2;7;7;4;3;5;6;3;7;8;5;2;6;3;3;5;2;3;2;2;2;3;1;3;1;0;0;1;2;0;0;0;1;0;0;0;0;0;2;0;0;0;0;0
280140510000001;1;875;875;271;195;305;66;0;3;5;1;15;2;4;0;7;1;0;0;0;0;0;9;2;0;0;1;0;2;0;1;0;1;1;1;15;17;7;16;15;11;10;12;18;23;15;20;17;23;25;20;13;5;16;8;17;6;9;7;19;14;17;14;15;15;16;12;10;14;11;16;16;11;10;12;16;10;12;11;14;7;8;3;10;2;5;8;8;9;14;7;5;11;4;2;7;7;10;5;8;10;9;7;5;7;6;2;5;4;6;1;3;4;3;4;2;2;1;1;0;3;1;3;1;0;3;0;0;0;1;1;0;1;0;0
280140510000002;8;611;611;198;159;198;16;4;5;7;1;12;0;8;0;3;0;0;0;0;0;0;8;2;1;0;1;0;0;2;1;0;0;0;1;7;10;9;6;9;8;5;6;10;9;9;12;15;10;16;20;9;12;5;12;10;13;9;10;15;4;11;7;13;8;10;7;11;6;11;10;10;7;9;7;7;8;10;6;13;8;8;6;3;3;9;5;5;11;7;6;10;8;6;6;5;7;3;4;4;3;2;6;2;4;1;1;0;2;1;0;3;4;2;4;1;0;3;1;1;2;1;3;0;1;0;0;0;0;0;0;0;0;0;0
280140510000003;8;256;256;84;63;84;12;0;0;1;3;5;0;1;0;3;0;0;0;0;0;0;3;2;0;0;0;0;0;0;0;1;0;0;0;5;3;4;5;4;3;5;2;4;2;6;2;3;6;6;3;1;8;7;4;5;4;5;5;3;4;6;2;1;1;3;4;4;0;1;0;4;5;6;3;5;4;2;4;2;3;4;5;2;5;4;2;2;2;5;3;7;0;4;1;2;1;1;1;1;0;6;1;0;3;1;2;1;5;1;1;2;3;1;1;0;0;0;0;0;0;0;0;2;0;0;0;0;2;0;0;0;0;0;0
280140510000004;5;317;317;79;64;140;16;1;1;2;0;12;0;2;0;0;0;0;0;0;0;0;6;0;0;0;2;0;0;0;0;0;2;2;0;6;3;8;8;9;7;4;7;9;6;10;4;8;5;11;4;7;6;4;6;12;8;2;5;5;5;1;4;4;8;3;4;7;8;5;1;6;6;3;7;2;6;6;0;3;3;3;1;3;0;2;2;1;1;4;1;3;1;1;0;3;2;3;3;0;1;2;3;1;3;2;0;3;3;0;0;0;0;0;0;1;1;0;0;1;0;0;0;0;0;0;0;0;0;0;0;0;0;0;0
280150405000001;1;1464;1461;404;277;398;194;72;16;7;3;41;0;15;2;17;16;2;0;0;0;0;34;2;1;5;5;4;2;1;3;3;3;4;1;38;40;33;40;42;30;36;35;33;42;31;29;27;32;26;22;23;32;28;24;25;34;25;31;33;33;29;40;23;33;15;29;30;22;24;22;26;16;16;15;17;15;15;11;12;12;22;16;7;9;9;8;11;5;14;7;7;10;6;5;2;4;2;3;6;1;5;0;4;3;2;1;2;1;1;3;1;1;1;1;0;0;0;1;0;0;1;0;1;1;0;0;0;0;0;0;0;0;0;0
280150405000002;1;753;753;247;144;155;91;30;7;7;0;43;1;15;0;10;0;3;0;0;0;0;13;1;0;1;2;4;0;3;0;0;0;2;0;12;12;13;14;16;13;14;11;15;16;13;15;14;9;20;10;12;14;18;11;6;19;15;18;23;10;20;15;12;16;6;19;13;11;18;9;5;10;9;14;9;6;4;12;7;12;8;6;10;10;8;10;7;7;7;5;6;4;4;4;5;3;4;3;2;3;2;1;1;3;1;1;4;2;3;1;1;2;2;2;1;1;1;1;0;1;0;0;0;1;0;1;0;0;1;0;0;0;0;0
280150405000003;1;912;910;251;151;239;135;8;11;4;1;53;1;24;0;34;0;0;0;0;0;0;11;4;0;2;0;1;0;1;1;1;0;1;0;16;14;11;18;14;18;12;16;23;22;16;19;21;25;21;23;15;20;27;21;18;17;20;20;17;18;17;18;13;15;15;16;8;8;12;7;11;12;12;16;9;10;4;7;14;10;12;11;12;9;9;7;12;13;9;6;0;8;7;9;6;3;7;1;2;5;3;3;3;5;0;2;3;1;3;0;0;2;1;0;0;1;1;4;1;1;0;1;0;0;0;0;0;0;1;0;0;0;0;1
280150405000004;1;778;778;220;107;163;166;15;6;1;1;67;0;11;0;16;5;0;0;0;0;0;16;2;1;1;0;2;0;0;4;1;0;3;2;9;13;9;22;15;13;14;9;17;24;14;28;26;14;16;13;13;14;11;10;12;16;19;19;20;22;18;14;12;15;9;13;14;4;8;12;12;6;6;9;8;8;10;8;4;8;6;5;8;11;18;6;7;6;5;5;4;5;2;5;7;4;3;5;3;2;4;2;1;4;2;1;2;2;2;1;2;2;0;2;0;1;1;1;1;1;1;0;0;1;0;0;0;0;0;1;0;0;0;0
280150405000005;1;738;738;215;126;145;146;18;9;6;1;45;0;10;1;0;4;12;0;0;0;0;10;0;0;1;1;1;0;1;0;2;1;0;3;16;13;15;10;10;11;10;7;17;10;22;18;15;23;16;18;17;19;10;10;11;16;15;18;14;9;17;8;10;17;11;12;10;16;8;10;14;17;9;8;9;6;14;7;6;11;7;7;5;5;4;5;6;5;6;4;5;4;4;5;3;3;6;4;5;4;4;3;7;4;3;0;1;3;1;5;1;1;1;1;1;2;0;0;0;0;1;0;0;0;0;1;0;0;1;0;0;0;0;0
280150405000006;1;1081;1081;313;215;275;127;67;12;5;2;33;0;13;1;11;7;0;0;0;0;0;25;2;3;3;1;2;3;1;0;3;6;0;1;22;24;20;31;27;19;22;18;21;34;30;27;27;26;19;20;20;16;19;23;20;21;25;29;13;31;28;30;27;24;36;14;17;22;19;15;12;11;8;12;19;12;13;10;9;13;11;10;6;8;7;4;6;3;2;5;2;4;4;2;4;2;1;1;2;1;4;3;0;1;0;0;1;0;1;1;1;0;0;0;0;1;0;0;0;0;0;1;0;0;0;0;1;1;0;0;0;0;0;0
280150405000007;1;849;849;213;148;226;167;0;10;3;1;51;3;5;0;18;2;2;0;0;0;0;12;0;0;0;2;2;0;1;0;1;2;2;2;14;21;16;22;19;15;21;13;21;18;20;23;19;25;24;16;14;19;23;24;16;25;20;24;20;12;12;15;11;14;10;10;15;16;8;12;12;10;7;6;8;7;12;3;11;13;9;8;12;12;10;7;5;4;3;5;5;3;4;3;0;1;2;1;2;5;3;3;1;1;1;0;1;0;2;1;1;1;0;1;0;0;1;1;1;0;0;0;0;0;0;0;0;0;0;0;1;0;0;0
280150405000008;1;917;917;266;148;186;147;27;13;7;1;66;3;18;2;30;0;0;3;0;0;0;16;1;0;1;1;3;1;1;1;2;1;3;1;11;13;20;13;13;18;11;16;14;18;15;15;24;12;16;16;22;19;14;19;26;19;20;21;15;16;19;17;17;25;7;12;16;14;7;12;13;11;12;13;8;16;14;8;12;11;9;4;11;12;16;5;8;2;16;13;4;5;8;8;5;2;5;3;1;6;5;2;1;4;2;4;3;3;1;4;3;3;5;5;1;1;1;2;2;1;1;0;0;0;0;3;0;0;0;0;1;0;0;0
280150405000009;1;602;602;163;102;159;121;1;5;6;2;13;0;15;0;15;0;0;0;0;0;0;13;1;1;0;1;2;1;0;0;0;3;2;2;12;11;9;17;13;15;14;14;12;18;11;17;18;10;11;14;11;11;6;13;14;14;19;16;14;9;12;9;11;10;14;10;15;11;11;7;9;6;4;6;6;7;2;9;6;4;8;5;4;6;4;3;4;6;4;1;1;2;2;2;1;3;3;2;2;1;1;0;3;2;0;0;1;1;1;0;0;0;1;0;0;2;0;0;1;0;0;0;0;0;0;0;0;0;0;0;0;0;0;0
280150405000010;8;592;455;156;112;159;80;25;4;3;0;29;0;3;0;5;0;4;0;0;0;12;15;2;0;1;4;0;0;1;3;0;1;0;3;16;9;19;9;15;8;12;12;14;12;13;10;17;14;14;10;10;8;10;8;16;10;15;16;15;13;6;8;7;12;7;10;8;7;8;9;9;4;7;7;5;5;7;11;7;6;5;7;6;9;3;6;5;6;4;0;4;5;2;3;3;4;2;3;3;2;3;2;3;0;4;1;0;1;0;0;2;0;0;0;0;0;0;0;1;1;0;1;0;0;0;0;0;1;0;0;0;0;0;0
280150405000011;8;95;91;30;16;20;21;2;0;0;0;2;0;1;0;3;0;0;0;0;0;0;3;0;0;1;0;0;0;0;1;0;0;1;0;1;2;1;1;1;0;2;1;1;2;4;3;3;1;3;3;0;1;2;2;2;1;0;1;1;1;2;1;1;2;1;3;5;4;1;2;2;1;2;0;2;0;0;2;0;0;1;1;0;3;0;0;1;1;2;1;1;1;0;0;0;1;1;0;0;0;0;0;0;0;0;1;0;1;0;0;1;0;0;0;1;3;0;0;0;0;0;0;0;0;0;0;0;0;0;0;0;0;0;0
280150405000012;5;699;686;203;130;180;116;12;3;4;1;32;0;4;0;11;0;3;0;0;0;0;11;0;0;0;1;1;0;2;2;1;0;3;1;15;14;10;7;15;8;12;18;16;17;14;13;14;13;10;17;15;17;12;16;9;8;14;14;14;15;10;17;12;14;10;8;20;11;17;6;10;7;9;8;10;8;9;10;7;9;8;7;5;4;3;6;6;3;5;8;2;9;5;6;4;2;2;3;4;5;2;4;2;4;2;3;1;0;1;0;3;2;2;1;0;0;0;2;1;1;0;0;0;0;0;0;0;1;0;0;0;0;0;0
280150405000013;5;822;822;241;134;190;155;12;11;7;0;47;0;11;0;13;1;0;0;0;0;0;11;1;0;1;1;2;0;1;0;1;3;1;0;22;16;24;18;15;13;19;25;20;17;21;16;19;14;16;20;13;17;10;11;12;17;18;17;16;17;8;21;19;14;14;12;9;10;13;12;7;13;10;9;7;11;9;5;2;8;11;4;2;8;10;7;3;6;3;3;2;4;7;5;3;5;2;0;1;3;5;13;6;5;0;3;7;4;1;2;2;3;1;3;2;0;1;1;0;3;1;0;0;1;0;0;0;0;1;0;1;0;0;0
280150405000014;1;1170;1169;321;229;370;168;4;14;11;4;21;4;8;0;11;3;2;0;0;0;0;18;2;1;3;1;2;1;1;2;2;0;1;2;20;20;31;20;19;18;25;25;28;25;29;39;26;25;28;22;29;34;20;19;16;22;26;27;17;29;25;30;25;30;20;29;14;19;16;17;18;18;18;12;19;13;15;19;15;17;3;18;6;12;9;11;13;9;5;7;3;6;2;1;2;0;0;2;2;2;4;2;1;0;0;0;0;1;1;0;0;0;0;1;0;0;0;0;0;0;0;0;0;0;0;0;0;0;1;0;0;0;0;0
280150405000015;1;818;818;220;170;236;97;31;7;7;2;23;0;15;0;8;1;1;0;0;0;0;12;0;0;2;3;0;1;0;3;0;0;0;3;16;12;21;14;13;24;17;19;14;18;22;23;16;17;20;15;22;12;19;21;21;17;27;19;23;21;17;11;15;20;15;14;11;10;12;16;9;8;12;11;14;12;6;8;8;11;4;6;6;11;3;3;4;4;6;0;4;1;5;1;0;3;3;1;2;2;1;2;1;2;1;0;0;0;1;0;0;0;0;0;1;0;2;1;0;0;0;0;1;0;0;0;0;0;0;0;0;0;0;1
280150405000016;5;579;579;159;108;135;106;16;7;5;1;22;0;8;1;7;0;4;0;0;0;0;7;1;0;0;0;2;0;2;1;1;0;0;0;7;8;7;14;13;15;15;18;17;10;14;22;5;11;10;12;9;14;14;5;8;10;11;7;9;21;12;3;9;9;10;9;10;9;9;8;8;13;16;12;6;9;5;8;9;9;5;4;7;3;5;3;4;5;4;4;1;2;3;4;2;4;2;0;1;1;1;2;2;1;1;1;0;0;0;2;2;0;0;1;2;1;0;2;0;0;0;0;0;1;0;0;0;0;0;0;0;0;0;0
280150405000017;1;634;632;170;119;175;94;10;6;4;4;21;1;8;0;17;1;4;0;0;0;0;11;1;1;0;3;0;0;3;0;0;1;0;2;10;13;12;12;11;8;11;10;18;12;14;15;15;17;19;11;10;16;20;14;15;12;10;9;9;13;15;7;17;4;12;16;10;14;7;7;6;8;11;11;11;7;8;7;6;11;11;6;6;10;3;4;7;1;3;5;5;6;3;4;2;3;2;2;2;0;0;0;2;0;1;0;0;1;0;0;1;0;1;0;0;0;1;0;0;0;0;0;0;0;0;0;0;0;0;0;0;0;0;0
280160305000001;1;500;500;148;95;133;41;4;9;5;1;41;0;11;0;7;4;1;0;0;0;0;5;0;1;0;2;0;0;0;0;0;0;1;1;7;7;6;5;9;6;6;4;7;7;7;6;11;12;2;11;7;10;6;7;11;15;7;9;7;12;1;3;6;6;11;3;4;6;11;9;12;7;7;12;8;6;15;9;6;6;5;2;2;1;4;2;5;4;6;6;4;1;9;3;4;5;3;8;7;2;3;1;4;6;6;3;4;5;1;3;0;2;3;1;3;2;2;0;1;3;2;1;1;0;1;0;0;1;0;0;0;0;0;1
280160305000002;1;722;722;216;155;195;80;17;9;6;0;28;0;4;1;7;4;0;0;0;0;0;10;1;2;0;1;1;0;0;0;2;3;0;0;11;7;16;13;14;11;11;12;17;17;10;8;21;9;9;16;17;17;13;14;15;13;10;11;15;12;19;12;5;13;16;12;9;10;13;17;12;7;11;13;12;12;8;13;6;6;6;8;9;5;6;3;7;7;5;3;9;11;5;4;4;5;3;3;7;4;5;3;5;1;1;4;1;1;2;3;1;2;0;0;1;0;0;0;1;0;0;0;0;0;0;1;0;0;0;0;1;0;0;0
280160305000003;1;826;826;239;158;229;101;4;15;9;2;40;4;16;0;8;1;0;0;0;0;0;5;0;0;0;1;0;0;0;1;0;0;2;1;11;21;20;16;17;21;18;15;19;14;18;21;15;20;15;12;15;9;10;14;14;14;20;15;10;11;13;16;18;15;9;16;15;9;13;12;9;8;11;19;17;13;8;14;15;10;8;8;5;5;8;6;7;6;10;10;3;5;5;3;3;3;7;2;2;6;6;3;2;2;3;3;0;2;3;1;3;1;0;3;3;0;1;0;2;1;0;2;1;1;0;1;0;0;0;0;0;0;0;0
280160305000004;1;495;495;164;113;120;42;5;8;6;3;25;0;3;0;2;3;1;0;0;0;0;7;0;1;1;0;0;2;1;0;0;2;0;0;6;9;7;12;5;10;6;3;12;8;9;7;6;9;7;7;9;9;4;5;7;7;6;7;6;6;9;6;10;6;11;4;11;5;9;14;7;3;7;7;8;10;10;4;11;5;9;3;8;3;3;3;6;2;9;6;6;3;1;5;2;4;6;5;4;2;2;4;1;5;2;4;8;3;3;3;2;0;2;2;2;3;1;2;1;1;0;0;1;0;0;0;0;0;0;0;0;0;0;0
280160305000005;1;769;769;226;147;192;96;17;9;4;1;50;2;8;0;8;7;1;0;1;0;0;12;2;1;1;0;1;2;2;0;2;0;0;1;8;13;16;14;12;18;18;14;17;14;11;14;11;13;19;17;11;11;17;12;12;17;14;9;12;9;17;16;10;12;11;13;10;9;13;9;8;13;11;16;9;15;15;11;11;5;9;6;7;7;4;4;5;4;7;5;1;3;7;5;5;8;7;9;5;7;4;4;3;5;3;4;1;5;2;2;2;0;1;3;1;2;0;1;1;1;0;0;1;4;0;1;1;3;0;0;0;0;0;0
280160305000006;8;115;106;34;24;34;9;3;2;1;0;4;1;1;0;1;1;0;0;0;0;0;2;0;0;0;1;0;0;0;0;0;1;0;0;0;4;1;4;2;2;3;4;0;3;1;2;4;1;2;2;1;4;0;1;3;1;5;2;2;1;2;4;2;5;0;2;5;0;3;2;2;1;1;1;0;1;2;2;1;2;1;0;0;0;0;0;0;0;0;1;2;2;2;0;0;0;1;0;1;1;2;2;0;0;0;0;0;1;1;0;0;0;0;1;0;0;0;1;0;0;0;0;0;0;0;0;0;0;0;0;1;0;0;0
280160305000007;5;430;430;133;91;109;45;13;3;5;1;21;0;4;0;2;3;0;0;0;0;0;1;0;0;0;1;0;0;0;0;0;0;0;0;6;9;8;3;7;10;2;12;4;11;7;10;7;8;3;5;7;12;2;5;7;6;6;2;7;4;2;1;9;5;7;2;2;5;6;8;10;11;7;3;9;8;7;10;1;7;3;5;5;4;7;7;1;1;3;5;3;2;9;3;4;9;9;4;4;6;2;8;4;5;0;2;4;3;0;1;3;1;1;2;0;1;0;2;0;2;0;1;1;0;1;0;0;1;0;0;0;0;0;0
280160305000008;8;53;44;16;12;13;3;4;1;0;0;3;0;0;0;1;0;0;0;0;0;0;2;1;0;0;0;0;0;0;1;0;0;0;0;1;2;1;2;1;1;1;2;1;1;0;1;1;0;1;1;2;0;1;0;1;0;4;1;2;0;0;1;1;1;1;0;1;2;2;1;1;1;1;0;1;0;2;0;0;1;0;0;1;0;0;0;0;0;0;0;1;1;0;0;0;0;1;0;0;0;0;0;0;0;1;0;0;0;0;0;0;0;0;0;1;0;0;0;0;0;0;0;0;0;0;0;0;0;0;0;0;0;0;0
280160305000009;1;743;743;215;154;216;57;9;10;5;1;46;1;17;0;8;3;0;0;1;0;0;12;0;4;1;1;1;2;0;1;0;0;1;1;11;11;18;16;10;11;7;9;14;12;17;12;10;12;12;17;10;20;8;19;14;17;12;10;5;18;11;14;11;17;9;14;9;8;9;17;14;4;13;15;13;12;8;12;9;6;17;11;7;5;8;6;5;5;9;2;5;7;5;6;6;3;5;5;4;4;3;3;7;3;3;2;4;2;3;4;4;5;0;0;0;2;0;0;1;1;0;0;0;1;0;0;0;1;0;0;0;0;0;0
280160305000010;1;462;459;135;86;100;57;16;0;4;1;40;0;6;0;14;1;2;0;0;0;0;8;1;2;1;1;2;0;0;0;0;0;0;1;14;11;14;6;13;11;7;5;12;7;12;11;8;7;14;6;8;10;11;10;12;6;5;6;12;12;11;10;6;5;7;2;6;10;9;9;4;4;3;5;4;5;3;9;7;7;4;3;2;2;2;3;4;4;5;3;2;2;3;3;1;2;3;0;3;0;3;1;0;4;2;3;4;0;0;2;2;1;0;2;0;0;0;1;1;0;0;0;0;0;0;0;1;0;0;0;0;0;0;0
280160305000011;1;518;518;172;113;136;39;1;5;4;0;33;0;5;0;7;0;0;0;3;0;0;2;0;0;0;1;0;0;1;0;0;0;0;0;6;9;6;7;8;4;5;5;6;8;10;8;7;11;2;10;6;10;3;8;11;9;9;8;3;3;11;8;7;4;9;9;4;3;2;6;7;9;9;10;7;6;7;11;13;11;7;12;1;5;9;1;6;5;6;6;3;8;5;4;6;7;3;3;8;7;4;5;10;8;6;3;2;2;0;2;5;1;4;0;1;3;2;2;2;1;2;1;0;1;0;1;0;1;0;0;0;0;0;0
280170205000001;1;937;936;281;147;214;128;9;13;9;1;76;4;19;1;19;1;13;0;2;0;0;12;1;0;2;3;0;1;0;1;1;0;1;2;14;13;15;17;20;18;17;9;18;13;18;20;17;21;20;19;22;19;9;13;15;25;13;24;23;19;29;20;13;18;13;13;8;13;11;13;8;12;9;14;8;12;11;19;8;19;7;5;5;6;6;7;9;7;11;12;10;6;6;6;6;5;6;4;4;9;4;7;4;7;2;2;4;3;4;3;2;3;1;2;1;2;4;2;3;0;3;0;1;0;0;0;0;0;0;0;0;1;0;1
280170205000002;2;1191;1191;312;207;291;226;31;14;5;4;70;1;15;1;7;0;7;0;0;0;0;23;4;3;1;2;1;1;1;3;1;0;3;3;17;20;26;28;27;25;25;28;21;33;27;27;28;26;27;30;22;24;17;24;15;20;27;29;20;25;24;19;18;25;27;17;24;20;15;15;11;13;14;18;5;15;14;14;12;15;15;9;14;8;9;6;7;6;5;8;7;5;7;4;7;6;2;5;5;8;6;4;4;7;3;2;3;3;3;4;1;1;3;1;2;1;0;1;1;0;0;0;0;0;0;0;0;0;0;1;0;1;0;0
280170205000003;2;1218;1207;329;204;292;194;22;18;13;4;81;0;20;0;13;2;18;0;0;0;8;19;0;1;2;3;2;3;0;1;1;4;1;1;15;16;30;20;25;19;20;21;37;30;29;22;27;31;27;16;26;28;16;22;20;26;26;29;16;20;26;23;37;24;15;18;14;23;16;20;19;11;20;24;11;18;11;12;12;10;17;7;12;9;7;14;10;10;11;4;12;5;11;4;8;5;5;8;4;9;3;5;4;2;4;2;2;4;2;1;1;1;1;3;1;1;2;2;3;0;1;0;2;0;1;0;0;1;0;0;0;0;0;0
280170205000004;1;673;671;197;121;161;78;20;9;10;1;42;1;11;0;17;2;1;0;0;0;2;14;0;1;3;1;3;0;1;1;0;0;2;2;10;9;4;11;17;15;11;12;15;15;13;17;17;16;13;14;9;10;12;12;11;13;19;9;9;14;12;14;13;9;14;8;15;4;11;10;17;7;11;10;7;9;13;13;10;8;5;4;6;8;0;4;5;10;1;3;3;3;2;1;4;1;3;3;3;4;5;1;2;2;5;3;1;1;1;1;2;4;3;1;2;2;2;0;1;1;1;0;0;0;1;0;0;0;0;0;0;1;0;1
280170205000005;1;725;725;197;106;158;130;4;17;8;0;50;3;14;1;22;7;6;0;2;0;0;10;0;2;1;1;3;0;1;2;0;0;0;0;14;7;14;18;9;15;12;10;17;14;19;20;15;15;12;17;17;4;18;20;10;14;8;18;17;15;8;11;9;11;14;15;10;12;14;18;7;9;10;12;12;9;8;7;9;3;3;9;9;7;6;6;5;7;5;6;5;6;6;6;7;4;2;1;1;4;2;3;1;3;2;1;1;3;2;0;1;1;1;2;0;2;0;0;1;0;2;0;0;1;1;0;0;0;1;0;0;0;1;1
280170205000006;1;749;745;215;127;162;102;12;11;5;0;63;1;17;0;27;2;1;0;0;0;0;15;1;3;2;1;0;0;2;0;2;1;0;3;18;14;12;9;12;9;14;11;12;18;17;16;14;23;17;11;17;11;11;14;18;17;6;26;16;13;13;12;16;18;7;11;11;10;8;15;7;13;14;9;6;13;14;8;15;7;8;3;5;8;5;8;5;5;4;3;4;3;1;2;4;7;3;4;1;6;6;3;4;2;5;4;1;1;2;2;1;3;0;2;0;0;1;0;0;0;2;1;0;0;0;0;0;0;1;0;1;0;0;0
280170205000007;1;410;410;115;67;91;69;3;6;5;0;26;2;10;0;9;0;5;0;1;1;0;9;0;0;2;2;0;0;0;1;0;2;2;0;9;7;11;10;13;7;4;9;6;9;7;6;6;9;10;7;9;5;12;10;8;9;3;7;11;5;8;11;2;8;11;13;11;11;3;9;7;5;4;6;4;7;1;5;4;5;3;2;4;4;0;1;2;2;1;5;2;2;1;2;6;3;2;1;2;2;1;0;1;1;0;0;0;0;1;0;1;1;1;1;0;0;1;0;0;0;0;1;0;0;0;0;0;0;0;0;0;0;0;0
280170205000008;8;329;329;87;60;112;31;6;2;1;0;19;0;6;1;4;0;0;0;0;0;0;3;0;0;0;1;0;0;0;0;1;0;0;1;9;4;4;9;5;8;9;7;6;10;8;8;8;6;9;3;10;10;7;9;6;8;8;3;6;7;5;8;3;7;1;3;3;3;4;5;5;3;5;3;5;8;4;3;3;3;1;3;3;0;4;5;2;5;2;3;2;2;1;1;3;0;1;3;1;2;1;1;2;1;1;0;2;1;0;0;0;0;0;0;0;1;0;0;1;0;0;0;0;0;0;0;0;0;0;0;0;0;0;0
280170205000009;8;822;822;207;156;314;58;20;15;2;1;34;1;3;0;6;2;3;0;0;0;0;14;2;3;1;1;1;0;2;1;1;0;2;0;14;14;17;20;18;21;18;19;20;23;25;21;18;18;27;12;20;12;17;15;6;15;17;19;20;16;14;9;19;18;8;10;11;12;14;16;13;10;11;9;5;12;1;6;11;11;9;4;6;3;1;5;9;5;6;7;2;6;3;5;5;2;3;2;4;5;7;2;1;2;2;2;0;4;1;0;1;1;2;1;0;2;2;0;0;1;0;0;0;0;0;0;2;1;0;0;0;0;0;0
280170205000010;8;180;179;47;38;63;14;3;2;0;1;8;0;3;0;0;1;0;0;0;0;0;6;0;1;1;0;0;0;0;0;1;2;0;1;3;1;1;4;3;3;1;4;4;0;7;5;4;7;8;6;3;2;3;8;4;5;2;5;7;0;0;1;2;6;2;0;2;1;3;1;2;6;3;1;2;2;3;1;3;2;3;1;4;4;1;2;0;0;1;1;3;2;0;1;1;0;1;0;2;0;0;1;1;0;0;0;1;0;0;0;0;0;0;0;0;0;0;0;0;0;0;0;0;0;0;0;0;0;0;0;1;0;0;0
280170205000011;8;880;880;212;136;241;130;24;2;6;0;68;0;13;0;29;10;9;0;0;0;0;25;2;1;2;2;3;1;2;0;2;4;1;5;32;14;22;18;18;15;19;22;21;24;21;24;29;21;24;18;23;16;22;19;17;21;9;15;12;9;12;9;8;13;15;12;19;13;9;4;11;6;11;9;11;7;9;5;4;13;10;9;9;6;5;5;3;9;7;7;1;1;1;7;3;6;5;6;6;2;4;2;1;8;2;3;1;6;0;2;5;0;0;1;0;0;2;1;1;1;0;1;0;0;1;0;0;0;0;0;0;0;0;0
280170205000012;5;336;336;81;59;111;42;3;6;0;0;33;0;1;0;0;0;0;0;0;0;0;6;1;1;2;0;1;0;0;1;0;0;0;0;2;7;8;11;7;9;8;2;6;10;9;9;8;6;5;8;8;7;9;5;5;4;5;9;8;3;6;8;7;10;9;4;5;3;3;2;1;3;3;0;3;3;2;2;3;4;3;1;1;4;3;4;3;0;3;1;0;2;2;5;0;6;2;4;3;8;1;3;4;3;0;0;0;0;1;2;1;0;0;0;1;0;0;0;0;0;0;0;0;0;0;0;0;0;0;0;0;0;0;0
280170205000013;5;327;327;83;66;137;25;2;0;0;0;13;0;0;0;1;0;0;0;0;0;0;6;0;0;0;0;1;3;0;0;0;0;0;2;4;7;1;7;7;8;7;10;6;11;8;7;5;8;6;7;5;11;4;5;8;8;4;5;5;2;11;3;1;2;7;5;3;4;5;3;4;7;5;3;6;2;5;5;2;4;3;4;3;3;3;4;3;7;2;3;2;2;2;1;1;0;2;2;4;1;3;1;0;2;1;0;1;0;1;1;1;1;0;0;0;0;2;0;0;1;0;1;0;0;0;0;0;0;0;0;0;0;0;0
280170205000014;8;423;422;103;74;149;38;16;3;0;0;27;0;0;0;4;0;9;0;0;0;0;9;0;1;0;0;2;0;2;1;0;0;2;1;5;11;7;9;7;7;7;7;11;12;11;8;14;12;13;18;13;6;11;10;11;6;6;6;5;9;7;5;4;5;7;8;7;3;3;5;10;1;4;5;6;6;10;3;6;8;6;2;4;1;1;3;4;5;3;0;3;3;2;3;0;1;1;2;0;3;2;1;0;1;0;0;1;2;1;1;0;1;0;1;1;0;0;0;0;0;0;0;0;0;0;0;0;0;0;0;0;0;0;0
280170205000015;8;669;669;160;96;221;92;16;4;3;0;47;6;10;1;11;1;1;0;0;0;0;10;1;1;1;1;2;0;1;2;0;1;0;0;9;14;14;19;8;16;13;15;17;23;16;13;18;19;17;23;19;14;21;12;10;12;11;12;12;16;16;8;4;7;9;14;10;11;8;4;13;7;6;7;9;7;8;4;8;6;7;3;8;4;8;5;4;5;8;3;1;2;3;1;7;3;0;3;0;0;3;1;4;1;2;0;0;2;1;2;1;0;1;1;0;2;0;0;0;2;1;0;0;0;0;0;0;0;0;0;1;0;0;0
280170205000016;4;853;852;194;128;215;166;48;4;4;5;52;4;11;0;19;0;3;0;0;0;0;15;0;0;1;0;1;1;2;4;1;0;0;5;22;20;29;26;24;27;24;25;30;26;34;24;22;31;18;19;19;20;14;16;13;13;18;20;16;17;10;14;14;9;11;14;13;11;14;7;4;7;4;5;9;5;7;7;4;3;5;6;7;3;4;1;6;5;4;4;6;2;3;4;4;4;3;4;4;3;2;1;1;4;0;0;3;0;1;1;1;0;0;0;0;0;0;0;0;2;0;0;1;0;0;0;0;0;0;0;0;0;0;0
280170205000017;4;415;415;89;67;146;64;6;4;1;0;28;1;1;0;8;0;0;0;0;0;0;7;0;1;3;1;0;0;1;0;0;1;0;0;7;9;6;12;14;10;11;13;15;12;9;15;12;11;16;11;7;9;11;11;15;7;5;9;7;6;9;11;4;4;4;7;1;5;5;6;7;4;1;3;7;4;6;2;4;4;4;2;4;1;2;0;2;0;5;1;1;1;0;2;1;1;2;0;1;3;0;1;0;1;1;1;0;1;1;0;0;1;0;0;0;0;0;0;0;0;0;0;0;0;0;0;0;0;0;0;0;0;0;0
280170205000018;4;242;242;69;42;65;27;4;2;2;0;27;0;1;0;1;2;0;0;0;0;0;4;0;0;1;1;0;0;2;0;0;0;0;0;4;3;7;3;6;7;5;5;3;5;2;5;3;1;5;9;9;10;1;4;6;3;7;5;5;3;5;5;3;1;2;2;4;2;2;1;3;2;3;6;1;4;1;3;2;3;6;2;4;2;2;1;3;5;3;1;2;3;2;1;2;0;1;1;1;1;0;1;2;2;0;1;0;1;1;0;1;0;0;1;0;0;2;1;0;0;0;0;0;1;0;0;0;0;0;0;0;0;0;0
280170205000019;4;574;574;149;103;179;57;17;6;1;0;55;0;1;0;4;1;1;0;0;0;0;11;1;1;0;2;0;0;1;0;1;1;3;1;10;11;13;16;11;12;16;8;20;8;19;15;11;16;15;13;10;8;12;10;11;8;11;7;9;10;9;6;11;13;12;8;14;11;8;6;15;7;7;4;7;7;2;10;4;5;6;3;4;3;3;4;2;3;6;4;5;3;1;2;0;5;4;1;3;2;2;0;6;2;1;1;2;0;1;1;1;0;1;1;1;0;2;0;1;0;0;0;0;0;0;0;0;0;0;0;0;0;0;0
280170205000020;4;328;325;73;46;104;45;19;3;0;0;28;0;7;0;2;0;1;0;0;0;0;3;0;2;0;1;0;0;0;0;0;0;0;0;3;8;6;5;5;3;9;10;11;11;15;12;8;13;10;8;8;7;13;2;4;7;7;5;3;3;4;5;4;3;4;4;8;3;3;3;5;3;4;6;2;5;3;2;6;3;3;6;2;3;1;2;0;1;4;2;1;1;4;1;0;3;0;1;1;1;1;0;1;2;0;0;2;0;0;0;0;2;0;0;1;1;1;0;1;0;0;0;0;0;0;0;0;0;0;0;0;0;0;0
280170205000021;8;768;768;178;117;276;91;15;4;2;1;52;1;13;0;13;1;4;0;0;0;0;16;3;4;0;1;1;1;2;1;2;0;1;0;17;16;9;11;16;17;21;21;21;25;19;11;20;24;24;16;19;13;19;10;16;16;15;12;12;6;9;14;15;16;11;6;17;10;13;10;5;9;9;7;3;4;5;8;8;9;3;6;12;5;6;6;5;6;7;8;3;6;6;5;2;3;1;6;3;2;2;4;5;3;0;2;2;2;2;0;4;0;2;2;0;1;1;2;0;0;1;0;0;0;1;0;0;0;1;0;0;0;0;0
280170205000022;8;225;225;57;48;90;7;13;0;1;0;5;0;2;0;1;0;1;0;0;0;0;3;0;1;0;0;0;0;0;0;0;0;1;1;2;2;3;4;6;4;10;6;8;8;5;6;7;7;3;7;5;2;5;3;2;1;5;4;2;1;1;5;2;7;1;2;5;5;10;4;4;2;2;4;1;3;4;4;4;1;2;0;1;2;2;1;0;2;0;1;0;0;0;1;0;2;4;0;0;0;1;1;0;1;0;2;1;1;2;0;0;0;1;2;0;0;0;2;1;0;0;0;0;0;0;0;0;0;0;0;0;0;0;0
280170205000023;1;656;656;184;118;154;129;2;2;3;0;27;0;8;0;22;1;6;0;0;0;0;10;0;1;0;0;0;3;0;0;2;0;2;2;12;11;9;18;16;11;14;11;16;18;22;12;18;17;22;17;17;13;19;8;13;8;9;9;12;15;6;8;7;17;21;13;9;5;12;6;12;9;8;11;5;12;10;1;6;5;6;8;4;3;3;5;1;3;2;5;1;1;5;3;3;1;1;0;2;7;4;5;2;3;1;1;4;2;2;0;1;2;1;0;1;0;0;0;1;0;0;0;0;0;0;0;2;0;0;0;0;0;0;0
280170205000024;1;757;753;206;136;222;98;11;4;9;2;35;1;8;0;22;0;2;0;1;0;0;20;1;0;2;3;1;3;1;1;1;3;3;1;9;13;10;23;15;10;19;14;22;18;18;22;13;23;13;18;14;17;14;9;12;13;18;18;13;9;14;14;17;14;7;5;16;15;20;9;13;10;8;12;6;9;6;12;3;12;8;3;8;7;4;7;5;3;5;5;4;4;0;3;2;2;3;2;10;3;2;3;1;3;1;4;3;1;2;0;0;2;0;2;0;1;0;0;2;1;0;0;1;0;0;0;0;0;0;1;0;0;0;0
280170205000025;2;1020;1020;257;173;298;108;29;13;3;2;90;2;16;1;16;0;12;0;0;0;0;18;2;0;2;0;3;0;0;0;3;5;2;1;22;18;19;19;18;21;24;24;27;24;22;39;28;36;27;25;20;19;23;16;22;23;18;14;19;13;23;19;15;20;10;11;10;16;13;16;19;8;13;9;10;12;9;10;13;11;7;6;10;9;7;6;8;4;9;7;3;4;4;3;5;3;7;4;1;5;2;2;3;5;4;1;1;1;3;7;4;2;0;1;2;1;1;0;1;0;0;0;0;0;1;1;0;0;0;0;0;0;0;0
280170205000026;4;403;403;109;70;112;61;15;5;1;0;11;0;6;0;7;0;6;0;0;0;0;9;2;0;0;1;0;3;2;1;0;0;0;0;11;5;13;20;11;13;10;6;8;9;12;7;10;8;12;5;9;6;8;10;12;14;9;10;8;7;9;8;11;7;8;7;3;8;6;6;7;7;5;2;4;1;4;3;2;4;0;1;2;1;1;1;1;2;1;1;0;2;0;0;1;2;0;2;2;1;0;2;1;0;0;1;1;0;0;0;1;0;0;0;0;1;1;0;0;0;0;0;0;0;0;0;0;0;0;0;0;0;0;0
280170205000027;8;105;105;25;17;27;18;2;0;1;0;6;1;7;0;1;0;0;0;0;0;0;2;0;0;0;0;0;0;1;0;0;0;0;1;2;3;2;3;4;4;2;3;0;2;2;2;4;1;1;2;2;6;1;2;1;2;3;0;3;3;2;2;2;0;1;0;2;1;1;0;1;1;0;2;3;6;0;0;1;1;2;1;0;3;1;0;0;0;0;0;1;1;1;0;0;0;1;0;0;0;1;0;0;0;1;1;0;0;0;1;0;1;0;1;0;0;0;0;0;0;0;0;0;0;0;0;0;0;0;0;0;0;0;0
280170205000028;8;242;242;64;47;89;24;2;1;0;0;12;0;0;0;2;0;1;0;0;0;0;4;0;0;0;1;0;0;0;0;1;0;1;1;3;3;2;7;7;2;5;4;4;4;4;6;4;9;5;3;7;10;4;6;7;9;6;3;3;7;3;4;2;4;3;0;2;3;6;0;2;2;3;3;1;7;5;1;4;5;3;1;3;2;2;2;2;2;0;1;0;0;2;0;0;3;3;0;1;0;3;1;0;2;1;0;2;0;1;0;1;0;1;1;1;0;0;1;1;0;0;0;0;0;0;1;0;0;0;0;0;0;0;0
280170205000029;8;62;62;16;9;14;17;1;2;0;0;2;0;0;0;0;0;1;0;0;0;0;2;0;2;0;0;0;0;0;0;0;0;0;0;2;0;1;0;1;1;3;1;4;3;3;1;3;1;2;1;2;0;3;3;1;0;1;1;0;2;0;0;0;2;0;2;1;0;0;1;3;1;4;0;0;0;0;1;0;1;0;1;0;1;0;0;0;0;0;0;0;0;0;0;0;0;0;0;0;1;0;0;0;0;0;0;0;0;0;0;0;1;0;0;0;0;0;0;0;0;0;0;0;0;0;0;0;0;0;0;0;0;0;0
280190005000001;1;639;639;201;128;160;96;9;3;9;1;16;0;8;0;7;0;1;0;0;0;0;7;0;1;2;0;1;0;0;0;0;0;1;2;12;6;11;6;11;8;12;13;11;13;9;17;24;16;12;14;15;11;13;15;8;17;11;8;11;9;11;13;5;7;9;8;10;7;3;11;3;9;10;15;7;7;13;10;2;8;8;6;3;10;3;8;4;5;1;4;8;5;9;4;4;7;5;4;4;4;4;3;2;2;5;4;0;4;1;1;4;2;3;2;0;0;0;2;2;0;1;0;1;1;0;0;0;0;0;0;1;0;0;0
280190005000002;1;1046;1046;323;212;310;99;19;10;3;1;52;0;8;0;6;0;3;0;0;0;0;20;2;3;4;3;1;1;1;1;1;2;0;1;12;13;12;19;12;18;13;15;22;25;19;30;13;28;25;21;23;14;27;17;25;21;25;11;12;20;23;15;20;18;15;19;18;12;17;16;17;10;10;17;16;11;17;10;13;16;14;12;11;13;8;10;7;7;8;8;8;6;3;4;7;4;8;2;6;8;5;4;9;5;4;3;3;2;2;2;3;6;2;1;3;4;2;3;0;0;1;0;0;1;2;0;1;1;0;0;0;0;1;0
280190005000003;8;305;305;95;60;87;26;7;4;1;0;16;0;5;0;3;1;0;0;0;0;0;1;0;0;0;0;0;0;0;1;0;0;0;0;10;3;4;4;9;7;6;7;6;7;7;4;12;7;10;6;5;4;4;4;3;2;4;2;8;3;2;4;4;10;4;6;11;7;8;7;7;3;1;5;6;7;0;0;3;3;2;2;2;1;4;1;2;0;0;1;1;4;1;2;2;6;3;3;3;3;1;0;0;1;1;1;0;4;0;1;0;0;0;1;1;1;2;1;0;0;0;0;0;0;0;0;0;0;0;0;0;0;0;0
280190005000004;5;286;285;92;47;63;51;1;2;0;0;20;0;5;0;4;1;0;0;0;0;0;5;0;2;0;1;0;0;0;2;0;0;0;0;3;4;6;1;6;3;4;3;7;2;0;6;4;5;11;4;6;7;4;3;6;3;3;5;7;5;4;3;6;5;4;5;2;6;5;4;4;2;5;3;7;3;3;5;5;4;6;1;4;5;0;2;1;1;2;3;4;3;0;3;4;4;2;3;2;3;0;2;3;2;3;0;2;3;1;1;1;0;1;2;1;0;1;0;1;0;0;1;0;0;0;0;0;0;0;0;0;0;0;0
280190005000005;5;491;491;145;103;162;46;8;3;2;1;18;0;2;0;0;1;0;0;0;0;0;8;1;0;0;0;4;1;0;1;1;0;0;0;4;2;5;3;13;14;6;9;8;10;8;10;7;8;6;6;8;14;11;6;10;11;5;9;11;7;2;7;7;11;4;9;8;8;14;10;10;4;10;11;8;7;7;5;4;7;5;6;7;6;1;4;2;2;1;6;4;1;6;4;5;2;3;5;5;4;1;3;3;6;5;2;2;1;1;1;1;6;0;0;0;1;0;3;0;0;0;0;0;1;1;1;0;0;0;0;0;0;1;0
280190005000006;8;52;52;20;9;12;5;3;0;1;0;1;0;0;0;1;0;0;0;0;0;0;1;0;0;0;0;0;0;0;0;0;0;0;1;2;1;0;2;0;1;0;1;0;1;0;1;0;3;1;0;2;1;0;3;0;1;1;1;1;0;0;1;1;2;2;1;0;0;0;2;0;2;0;0;0;2;2;2;3;0;0;0;0;2;0;0;0;0;0;0;0;1;1;1;0;0;0;0;0;0;0;1;1;1;0;0;0;0;0;0;0;0;0;0;0;0;0;0;0;0;0;0;0;0;0;0;0;0;0;0;0;0;0;0
280190005000007;5;62;62;17;10;13;14;1;0;0;0;5;0;0;0;1;0;1;0;0;0;0;1;0;0;0;0;0;0;0;1;0;0;0;0;0;2;1;1;4;0;2;1;2;0;1;1;1;0;2;0;0;0;0;0;1;2;1;3;1;0;0;0;1;0;3;1;0;3;1;1;1;0;3;1;0;1;0;0;0;0;1;0;1;0;1;0;0;0;0;0;0;0;1;1;1;1;0;1;2;1;0;1;0;2;0;0;0;0;3;0;0;0;0;1;0;0;0;1;0;0;0;0;0;0;0;0;0;0;0;0;0;0;0;0
280190005000008;5;66;65;22;17;17;4;0;0;0;0;4;0;1;0;1;0;0;0;0;0;0;1;0;1;0;0;0;0;0;0;0;0;0;0;2;1;3;2;3;2;0;2;0;0;0;2;1;0;1;2;0;0;0;0;1;1;1;0;1;1;2;1;2;2;1;1;2;2;0;1;1;2;1;3;0;0;0;0;1;0;0;0;0;0;0;0;1;2;0;1;0;1;0;0;0;1;0;2;0;0;1;1;0;2;0;0;1;1;0;1;0;1;0;0;0;0;0;0;0;0;0;0;0;0;0;0;0;0;0;0;0;1;0;0
280190005000009;8;280;276;76;53;105;22;2;7;0;0;13;0;0;0;2;0;0;0;0;0;0;5;0;1;0;0;3;0;0;0;1;0;0;0;1;2;6;3;11;6;6;6;4;7;9;4;9;12;9;7;5;5;4;5;7;9;6;6;6;2;3;2;7;6;3;4;3;6;3;5;3;4;4;2;7;1;3;1;1;3;1;2;5;3;1;3;1;2;0;2;2;1;0;3;1;3;3;1;1;1;1;0;0;1;2;1;0;0;0;1;2;1;0;0;0;1;0;0;0;1;0;0;0;0;0;0;0;0;0;0;0;0;0;0
280190005000010;1;586;586;180;121;158;57;12;6;4;2;30;1;10;0;5;0;0;0;0;0;0;10;0;0;3;1;1;0;0;4;0;0;1;0;10;8;16;7;9;11;19;9;7;10;12;7;8;6;15;12;9;18;13;13;7;10;10;9;11;11;9;12;9;9;8;11;12;9;7;10;9;12;6;11;3;6;2;5;4;7;7;5;6;4;5;2;3;6;4;7;6;1;5;6;4;8;4;6;1;4;4;1;2;5;4;2;4;3;3;2;2;1;1;0;0;0;2;2;0;0;3;1;0;0;0;1;0;0;0;0;1;0;0;0
280200705000001;1;742;740;232;124;168;95;12;7;14;1;51;4;19;0;14;1;0;0;0;0;0;16;0;1;2;2;2;1;1;2;1;0;3;1;10;18;17;8;11;7;12;8;16;18;12;12;14;14;10;8;15;6;13;13;11;16;7;10;14;11;13;10;13;18;14;10;18;12;11;12;13;12;19;6;7;15;11;9;11;12;7;5;8;10;6;7;10;7;7;4;4;5;4;1;5;4;7;2;5;5;2;6;3;4;5;2;2;3;2;2;2;3;3;2;2;0;3;1;2;1;1;2;1;0;1;0;0;0;0;0;0;0;1;0
280200705000002;1;728;728;187;134;213;112;15;8;7;0;32;1;6;1;10;2;0;0;0;0;0;15;1;1;1;5;2;2;2;0;0;1;0;0;13;16;14;19;14;9;12;22;18;20;14;12;29;13;22;22;13;12;13;8;11;18;13;12;14;10;12;22;13;20;9;8;21;12;13;10;5;8;9;11;11;5;7;7;8;6;3;6;3;9;7;5;5;7;5;3;4;6;5;3;0;1;2;5;3;0;0;1;2;3;2;1;1;2;1;0;1;0;0;0;0;0;1;2;0;1;0;2;0;0;0;1;0;0;0;0;0;0;0;0
280200705000003;8;125;125;34;24;49;4;4;0;0;0;3;0;2;0;1;0;4;0;0;0;0;4;0;1;0;0;1;0;0;0;0;0;1;1;1;3;4;1;6;1;5;4;1;4;1;4;3;3;3;4;2;3;4;4;1;4;2;2;0;1;1;4;1;2;1;0;0;1;2;1;1;3;1;2;5;3;1;3;0;1;0;3;1;3;1;1;0;1;1;0;1;2;0;0;1;0;0;0;0;0;0;1;0;0;0;0;1;0;0;0;0;0;0;0;0;0;0;0;0;0;0;0;0;0;0;0;0;0;0;0;0;0;0;0
280200705000004;8;264;260;75;45;74;31;10;2;1;0;18;0;2;0;4;0;2;0;0;0;0;5;1;0;0;0;0;0;0;0;2;1;1;0;4;3;7;8;7;6;7;5;3;8;6;5;8;6;6;6;6;7;7;2;8;5;6;0;4;6;3;4;6;4;3;4;7;7;2;2;3;2;5;3;2;2;1;2;2;5;4;3;4;2;2;2;3;3;1;1;2;2;0;0;0;1;0;0;2;2;2;0;2;1;1;0;0;0;0;0;1;1;1;0;0;0;0;1;0;0;0;0;0;0;0;0;0;0;0;0;0;0;0;0
280200705000005;5;479;475;124;91;158;53;15;4;2;1;23;0;6;0;1;0;1;0;0;0;0;4;1;1;0;0;0;0;0;1;0;0;1;0;10;11;3;5;6;10;8;13;13;17;9;19;13;9;5;10;16;6;9;10;12;8;9;4;8;10;8;3;4;8;7;8;3;3;8;10;6;4;10;8;11;7;7;4;4;9;5;3;5;7;2;0;5;2;3;1;3;1;1;4;6;2;2;4;3;6;3;1;5;3;3;1;1;1;2;0;0;1;0;0;0;1;0;2;0;1;0;0;0;0;0;0;0;0;0;0;0;0;0;0
280200705000006;7;318;305;85;60;78;47;10;8;2;2;15;3;4;0;2;2;0;0;0;0;0;4;0;1;0;0;0;0;1;0;1;0;0;1;4;9;5;5;6;6;5;10;6;11;7;3;6;8;9;16;5;7;9;1;8;9;2;3;9;7;2;3;5;5;8;2;2;5;6;4;2;3;0;3;5;4;3;2;1;7;4;3;5;0;3;4;3;1;4;6;4;1;2;1;1;1;3;2;1;1;2;1;2;0;2;0;0;0;0;1;0;1;2;0;1;0;1;0;0;0;0;0;0;0;0;0;0;1;1;0;0;0;0;1
280200705000007;5;456;456;133;85;146;58;5;6;2;1;16;1;0;0;1;1;0;0;1;0;0;8;0;0;0;1;1;3;1;1;1;0;0;0;8;9;4;11;10;10;10;9;8;14;11;14;13;13;9;11;7;9;8;7;7;5;7;5;1;8;7;7;8;11;11;13;8;10;10;7;8;7;8;4;6;7;6;3;7;10;2;0;1;5;3;1;2;3;1;2;1;2;2;1;3;3;3;3;1;3;1;5;2;3;1;1;0;0;1;1;0;1;0;0;1;1;0;0;0;0;0;0;0;1;0;0;0;0;0;0;1;0;0;0
280200705000008;5;585;574;156;105;170;82;17;4;5;1;25;2;8;0;6;3;1;0;0;0;0;7;0;1;0;0;0;1;1;1;1;0;2;0;13;10;22;16;15;14;14;8;15;16;20;15;12;17;17;14;10;13;11;12;11;15;10;13;10;12;11;11;14;9;2;5;6;6;5;10;2;9;6;9;10;9;3;3;4;7;4;1;4;5;7;5;2;3;2;3;3;2;2;5;2;5;2;2;2;4;0;3;1;0;1;5;1;1;0;0;1;0;0;1;0;0;0;1;0;0;0;1;1;0;0;0;0;0;0;0;0;0;0;0
280200705000009;1;629;625;176;109;166;71;19;6;11;0;31;2;17;0;14;4;0;0;0;0;3;12;2;0;3;0;1;0;1;3;0;1;1;0;10;9;12;16;7;9;13;8;10;19;10;6;9;14;6;13;11;8;11;12;10;12;18;12;18;13;15;9;10;11;6;10;8;5;15;12;14;4;13;9;7;8;3;5;10;6;5;10;4;9;3;4;6;4;5;6;5;4;4;6;1;3;4;6;1;1;3;2;4;2;1;8;2;4;2;0;6;3;1;1;0;3;1;2;2;0;2;0;0;1;0;0;0;0;0;0;0;0;0;0
280210605000001;1;892;861;249;146;198;104;13;17;13;0;59;2;23;0;26;5;3;0;3;0;16;8;2;1;1;0;2;0;0;0;0;1;1;0;10;7;13;11;12;7;7;10;13;21;10;15;15;16;18;10;19;17;13;20;19;15;18;20;10;23;9;16;13;14;13;9;10;12;9;8;15;11;12;14;14;9;12;19;14;7;13;13;15;16;6;9;12;10;9;12;6;8;11;7;4;7;6;7;7;4;4;6;2;6;6;7;4;5;8;5;4;6;7;3;6;2;5;1;1;1;1;0;0;1;0;0;0;1;0;1;0;0;0;0
280210605000002;1;775;775;216;120;163;112;4;15;15;1;64;7;17;1;31;4;1;0;4;0;0;11;1;3;0;1;0;0;0;0;1;1;3;1;12;5;10;7;4;13;14;4;11;11;19;11;13;15;8;13;16;16;14;14;21;18;22;19;13;14;12;19;8;8;11;11;11;13;7;12;3;12;19;8;4;13;16;11;8;14;11;6;6;12;12;8;11;7;10;10;9;6;8;5;2;7;2;6;7;4;6;1;3;7;0;5;4;2;3;2;2;1;2;3;0;4;0;4;2;3;0;0;1;0;0;2;0;1;0;0;0;0;0;0
280210605000003;1;737;737;236;120;138;108;3;8;14;2;51;2;16;1;22;0;9;0;7;0;0;9;0;1;0;2;0;1;0;3;0;1;0;1;7;8;7;7;6;11;7;8;13;8;14;12;9;13;7;5;14;10;9;11;5;21;10;14;9;14;19;9;9;15;12;13;7;5;6;10;7;7;9;10;7;10;13;10;18;10;5;14;13;7;11;13;10;9;10;8;12;5;4;8;4;6;5;6;5;7;5;3;8;13;8;3;7;4;6;4;2;1;1;4;4;7;0;0;1;3;3;1;0;4;2;2;2;0;1;0;1;0;0;1
280210605000004;1;1244;1235;360;246;350;136;14;12;13;4;47;0;22;1;32;0;7;0;0;0;0;28;2;2;4;1;0;3;4;1;5;0;4;2;15;26;24;26;16;15;23;29;18;27;21;24;30;16;29;20;32;29;25;18;30;27;29;21;21;20;21;21;19;24;13;24;22;25;27;17;17;21;34;26;15;21;22;20;13;18;19;11;9;8;11;7;7;9;7;6;6;6;3;1;6;7;3;4;2;1;4;3;3;4;1;6;2;2;5;2;1;2;3;3;1;1;1;2;0;2;1;3;0;0;0;0;0;0;0;0;0;0;0;0
280210605000005;1;750;750;205;138;187;101;15;10;4;2;48;2;8;0;25;1;4;0;0;0;0;18;3;1;1;1;3;1;2;2;2;0;0;2;11;8;17;9;6;15;9;10;8;17;15;12;8;10;16;22;16;14;16;7;27;17;13;20;20;21;12;11;15;12;10;12;10;3;13;12;6;9;8;13;10;7;12;7;12;11;16;8;5;14;7;13;7;8;6;5;7;6;3;2;5;2;3;4;8;3;2;3;3;3;0;1;2;2;3;0;3;1;0;2;1;0;0;1;2;0;0;0;0;1;0;0;0;0;1;0;0;0;0;0
280210605000006;1;961;961;270;183;252;114;21;9;6;3;64;2;9;0;26;0;1;0;1;0;0;13;0;0;1;2;2;1;0;2;1;2;2;0;16;15;8;12;10;19;11;12;12;9;19;17;17;21;20;14;22;15;12;23;21;21;25;25;13;23;21;19;17;16;15;10;8;11;15;16;7;11;14;17;19;11;14;16;18;17;11;13;12;18;15;15;9;12;6;3;5;10;4;6;6;3;8;10;5;3;5;7;2;2;4;3;5;5;1;3;1;2;0;2;0;1;2;1;2;1;0;0;0;0;0;0;0;1;0;0;0;0;0;0
280210605000007;1;1214;1214;365;203;262;182;18;19;7;4;77;4;26;1;36;4;2;0;2;2;0;12;1;3;0;0;0;0;1;1;0;3;1;2;15;18;21;11;18;14;23;14;17;23;20;26;20;19;19;25;23;27;15;26;31;27;21;24;27;27;17;24;23;7;19;29;15;17;18;17;15;23;20;9;17;17;17;19;14;14;14;12;16;12;17;20;10;17;16;10;9;6;15;9;6;8;12;7;6;6;6;4;6;7;3;6;2;4;3;1;4;3;2;3;1;1;2;1;1;4;1;1;1;1;0;0;0;1;0;0;3;0;0;0
280210605000008;1;1725;1725;437;278;400;258;28;33;24;2;175;13;25;1;49;0;2;0;0;0;0;26;3;7;1;4;0;1;3;3;0;3;1;0;43;31;37;28;37;32;43;30;33;34;36;31;38;36;43;38;40;40;28;25;40;43;31;23;32;34;29;29;33;32;31;33;23;22;19;24;31;33;24;16;18;18;17;19;16;19;27;17;9;21;11;15;8;14;11;8;14;9;9;12;10;11;5;7;5;9;8;6;4;7;4;2;6;4;2;8;1;1;4;4;0;1;2;4;1;2;1;0;0;1;1;0;0;0;0;0;0;1;0;0
280210605000009;1;1060;1060;304;124;164;204;14;23;9;2;65;4;19;0;43;7;60;0;18;0;0;18;1;0;1;4;2;4;0;1;1;2;2;0;5;17;16;15;14;11;14;17;15;26;12;12;16;15;17;17;20;25;15;13;14;33;17;29;18;17;23;12;19;14;10;14;12;17;17;15;6;13;23;19;16;12;9;11;10;16;13;13;14;10;13;21;11;13;7;6;8;14;8;9;10;10;12;9;6;5;5;5;3;7;5;4;8;4;4;5;3;6;7;3;3;1;6;3;4;4;1;2;0;2;3;2;0;1;0;1;0;0;0;0
280210605000010;1;570;570;174;98;132;73;3;5;9;1;39;0;14;0;17;1;4;0;0;0;0;3;0;1;0;1;1;0;0;0;0;0;0;0;4;6;9;5;5;8;4;7;8;15;8;10;7;12;12;11;11;12;10;6;12;11;14;4;8;13;11;9;9;10;9;4;4;8;9;8;6;7;6;9;10;11;8;7;11;9;7;4;10;9;9;10;8;3;7;3;8;7;4;3;8;5;6;4;2;1;3;4;3;5;3;4;1;4;0;1;4;2;3;2;5;0;1;1;0;2;1;0;1;1;0;0;0;0;1;0;0;0;0;0
280210605000011;1;1046;1046;308;182;231;146;17;11;20;2;60;1;24;1;15;9;11;0;7;1;0;11;0;4;1;0;0;2;0;0;2;2;0;0;16;8;16;13;15;11;12;14;16;19;19;16;19;15;18;15;15;20;18;23;21;29;27;25;19;11;18;20;16;24;22;15;15;17;14;13;16;14;14;9;8;14;12;13;17;14;20;8;16;14;17;15;9;10;11;7;15;11;3;8;9;10;8;4;10;5;5;5;1;8;4;5;5;4;4;4;2;2;0;0;1;3;3;1;1;0;2;1;3;0;1;2;1;0;0;0;1;0;1;0
280210605000012;1;433;433;119;61;79;96;22;3;1;0;31;3;8;0;7;0;3;0;0;0;0;10;0;1;2;2;0;2;0;1;1;0;0;1;14;8;7;7;5;6;13;12;6;14;6;8;11;8;10;11;12;10;7;10;7;6;11;14;9;7;5;6;5;3;11;6;2;3;6;2;2;9;6;3;6;6;6;5;8;4;1;5;2;5;4;4;2;2;6;3;7;1;6;1;3;2;2;0;0;3;2;3;0;1;2;0;0;0;3;1;1;0;0;3;0;0;1;0;1;1;0;0;1;0;0;0;0;0;0;0;1;0;0;0
280210605000013;1;526;526;134;75;115;98;24;7;2;1;39;3;3;0;25;0;0;0;0;0;0;6;1;1;1;0;0;0;1;1;0;0;0;1;8;13;5;6;11;13;16;12;15;16;10;11;14;10;13;10;14;7;11;10;14;14;13;10;14;11;8;8;15;10;11;4;8;6;6;1;4;6;9;5;7;7;1;4;6;3;9;4;3;7;3;0;7;3;2;1;7;2;2;2;3;2;2;7;1;1;0;5;3;1;1;0;1;2;0;1;0;0;1;2;1;0;0;1;1;0;0;0;0;1;0;0;0;0;0;0;0;0;1;0
280210605000014;1;623;623;169;92;119;121;6;9;13;5;50;2;13;3;21;0;0;0;0;0;0;14;0;2;2;0;2;1;0;3;1;0;2;1;10;14;12;16;6;10;9;10;10;15;15;15;14;14;13;14;11;12;12;8;11;17;14;14;11;10;9;10;7;7;9;12;10;11;8;6;9;7;13;6;8;8;8;3;7;6;5;5;4;8;1;9;4;5;4;9;2;6;4;4;3;7;2;2;3;2;2;5;3;5;2;0;1;0;1;2;0;2;1;2;1;0;1;2;2;0;0;2;0;0;1;0;0;0;0;2;0;0;1;1
280210605000015;1;515;515;137;77;102;61;11;11;6;1;47;3;7;0;17;5;28;0;2;0;0;10;1;0;2;1;1;1;0;0;0;3;1;0;8;13;5;9;9;6;10;9;8;11;11;2;10;5;14;10;14;13;10;16;11;14;12;8;6;8;11;5;3;3;6;11;6;4;5;8;10;10;8;10;8;10;11;9;8;4;8;5;6;7;6;3;2;4;4;1;4;2;2;3;3;1;2;0;2;2;1;2;3;1;1;0;2;4;1;5;0;1;2;2;2;0;3;3;1;1;0;0;0;1;0;0;0;0;0;0;0;0;0;0
280210605000016;1;822;817;248;131;161;132;24;13;6;1;69;6;18;0;10;3;0;0;0;0;0;14;1;1;0;1;2;2;2;1;1;2;0;1;11;9;14;6;15;13;12;9;17;11;19;11;21;17;21;17;17;21;16;17;18;19;9;15;15;17;15;7;16;12;9;8;11;13;9;12;9;12;12;14;9;22;11;15;10;11;4;14;9;5;6;5;8;5;7;3;9;6;9;6;3;3;1;3;4;6;1;7;3;6;5;4;3;3;5;4;3;2;5;5;1;2;3;0;0;1;0;0;0;1;1;0;0;0;0;1;1;1;0;0
280210605000017;1;644;639;198;104;121;107;14;8;5;1;49;4;7;0;16;1;3;0;5;0;1;7;0;0;1;1;1;0;1;1;1;0;1;0;8;8;9;9;15;12;8;6;11;14;8;16;8;8;12;14;12;11;8;14;10;13;13;14;13;6;15;10;10;9;8;7;14;8;4;10;7;8;9;13;13;8;16;14;8;5;9;7;8;9;6;6;10;6;7;6;5;5;5;7;3;3;1;3;3;3;2;0;4;7;3;1;3;2;1;8;4;0;3;2;0;0;3;0;0;0;0;0;2;1;0;0;1;1;0;0;0;1;0;0
280210605000018;1;436;432;127;83;90;62;7;4;14;0;20;6;7;0;12;0;0;0;0;0;4;2;0;0;0;0;0;0;0;0;1;0;0;1;11;7;4;4;7;8;6;5;9;8;11;9;8;5;8;10;8;6;9;4;7;10;12;6;6;9;6;7;8;5;4;7;3;3;7;5;6;9;6;11;6;8;9;8;8;8;10;2;7;5;8;6;5;2;3;3;4;0;3;3;3;2;3;3;0;0;0;1;2;1;2;3;4;3;3;1;1;2;1;1;0;1;0;2;1;0;0;0;0;0;1;0;0;0;1;0;0;0;0;0
280210605000019;1;904;903;271;161;173;133;15;13;13;2;67;5;18;1;31;0;1;0;0;0;0;15;1;1;2;1;3;1;0;2;0;2;1;1;14;15;19;16;10;14;10;9;12;19;16;16;8;23;16;17;28;14;16;11;18;27;19;10;11;19;15;12;18;20;16;23;13;23;12;13;9;14;19;10;14;15;6;9;8;8;14;9;8;11;8;5;4;9;7;11;10;5;5;5;2;4;8;5;1;6;1;5;6;6;4;5;2;5;2;3;1;2;2;2;3;3;4;2;0;0;1;1;1;4;0;0;1;0;1;1;0;0;0;0
280210605000020;1;1145;1143;327;181;221;200;16;25;27;3;94;11;18;4;16;0;2;0;0;0;0;15;1;4;0;3;2;0;0;1;2;0;1;1;13;21;16;18;19;13;18;15;21;35;14;33;26;14;29;20;25;25;17;21;32;24;29;16;26;21;18;20;19;27;22;17;18;11;14;16;16;13;12;10;8;11;7;10;16;7;14;13;15;11;17;13;12;13;2;10;12;9;10;7;9;6;8;10;8;3;5;3;5;3;4;7;3;7;3;3;1;5;3;4;4;5;1;2;2;0;0;1;2;1;0;1;0;0;0;0;0;0;0;0
280210605000021;1;836;792;239;133;179;91;11;10;7;3;58;4;18;0;29;3;2;0;5;0;44;5;0;0;0;1;2;0;0;0;1;0;0;1;10;8;8;9;10;6;13;16;11;21;14;13;10;19;15;14;11;7;12;16;17;16;10;14;10;9;13;18;14;15;12;6;18;12;8;9;9;10;11;16;6;16;12;11;15;8;14;5;11;9;10;8;8;11;7;4;6;11;4;8;5;12;8;6;8;6;8;9;7;6;5;9;2;6;1;4;3;3;6;5;1;5;4;1;6;4;4;2;2;0;1;3;1;1;1;1;0;1;0;0
280210605000022;1;985;984;297;192;221;119;20;18;9;1;55;6;16;0;26;0;3;0;2;0;0;15;0;0;0;3;4;2;0;1;1;1;1;2;25;10;12;17;12;11;15;14;13;16;17;12;23;20;16;15;15;17;21;14;21;19;22;17;20;20;20;19;23;27;21;19;20;14;16;27;16;9;13;13;14;16;12;20;13;8;17;9;12;5;13;9;4;12;8;12;7;3;6;8;3;3;4;2;3;2;4;2;2;2;6;2;3;9;0;1;1;3;1;6;0;2;1;3;0;1;1;1;1;0;1;0;0;1;0;0;0;0;0;0
280210605000023;1;688;688;200;128;159;90;23;12;3;1;47;1;6;0;17;0;1;0;0;0;0;7;0;0;1;0;3;1;1;0;1;0;0;0;9;11;13;7;9;6;14;6;7;10;6;8;11;7;15;17;17;21;13;14;15;11;11;20;15;8;10;13;13;14;11;8;7;9;12;12;6;13;17;7;10;15;12;10;7;16;8;7;14;9;7;7;5;5;8;5;3;3;11;5;2;3;1;6;5;6;3;6;2;1;0;3;1;2;0;3;2;4;1;2;2;1;0;1;0;1;2;0;0;1;0;0;0;0;0;0;0;0;0;0
280210605000024;1;864;864;252;158;218;118;18;6;9;0;56;0;10;0;17;1;0;0;1;0;0;7;2;0;1;0;0;1;0;0;1;0;2;0;10;16;18;10;13;12;13;21;20;22;15;11;16;14;19;23;15;17;15;17;17;28;15;22;18;12;13;19;21;12;15;13;13;14;12;10;17;14;5;15;9;8;14;8;10;6;11;10;7;7;10;11;5;3;13;4;7;4;4;7;5;7;7;3;5;2;3;4;10;5;1;1;1;1;2;2;4;2;3;1;0;1;2;0;3;0;0;0;0;0;1;0;0;0;0;0;0;0;1;0
280210605000025;1;631;631;179;124;177;69;13;4;1;2;41;1;3;0;14;0;3;0;0;0;0;8;1;1;2;0;0;0;0;1;2;0;1;0;11;15;12;10;16;15;9;17;13;21;16;8;7;11;11;11;10;13;14;7;10;10;6;12;11;14;20;15;11;11;8;10;12;6;13;9;13;10;8;5;8;8;10;6;9;4;7;3;5;9;1;2;8;5;5;1;3;7;4;3;3;6;3;1;4;4;3;1;3;2;2;1;1;1;2;5;1;1;0;1;0;0;2;1;0;0;2;0;1;0;1;2;0;0;0;0;0;0;0;0
280210605000026;1;726;726;212;117;137;135;34;12;4;0;43;0;9;0;23;0;0;0;0;0;0;23;4;2;0;2;2;3;1;3;2;3;0;1;11;9;16;7;15;20;5;22;18;15;7;18;13;11;13;15;24;18;14;22;17;16;10;16;11;17;21;10;12;11;10;13;8;8;10;7;11;11;13;3;10;6;9;9;13;3;4;3;4;8;3;4;6;3;11;4;2;8;3;3;2;3;6;2;1;3;5;6;4;2;1;1;2;3;1;3;3;0;0;2;0;2;2;0;0;2;0;1;1;0;1;0;0;0;0;0;0;0;0;0
280210605000027;1;563;563;170;95;127;75;4;10;4;2;43;1;17;2;10;0;1;0;2;0;0;12;1;2;1;2;0;1;1;1;1;2;0;0;10;7;4;3;6;6;7;8;4;9;4;9;8;5;12;13;11;15;7;14;14;6;15;6;14;11;9;16;7;8;14;6;10;6;2;10;12;5;7;8;6;9;5;10;4;6;14;2;6;7;4;8;6;2;9;8;7;7;5;8;6;6;3;5;5;4;3;5;1;8;2;2;2;1;0;2;1;3;1;2;1;0;2;0;1;1;0;0;0;0;0;0;1;0;0;0;0;0;1;1
280210605000028;1;716;696;222;143;158;70;11;11;12;3;31;0;11;0;15;4;6;0;2;0;17;8;3;0;0;0;1;0;0;0;1;0;1;2;7;14;8;11;6;6;10;12;7;9;12;12;7;13;16;14;8;12;14;8;21;14;13;13;17;12;16;20;16;22;11;14;15;11;17;9;17;11;6;8;15;10;12;8;13;6;10;6;6;10;10;10;9;9;7;6;5;1;6;7;1;6;2;4;6;2;3;1;2;1;1;3;2;1;2;1;1;3;2;2;1;1;1;1;2;0;0;0;0;0;0;0;0;0;0;0;0;1;0;0
280210605000029;1;1044;1044;305;209;237;140;13;11;9;5;70;1;15;0;17;1;5;0;4;2;0;17;2;1;2;1;1;1;1;2;2;3;1;0;13;15;15;13;19;13;11;14;9;26;13;14;21;11;23;22;12;10;20;22;22;28;32;21;23;26;26;25;15;11;15;13;19;25;14;11;15;9;9;14;18;16;17;9;15;17;18;19;10;11;17;10;12;9;10;9;4;13;8;7;7;5;6;7;6;1;3;2;6;5;6;4;1;4;6;2;1;3;1;2;2;1;0;1;1;1;0;1;1;1;0;0;0;0;0;1;0;0;0;1
280210605000030;1;647;647;201;118;150;83;12;14;2;3;38;0;5;0;13;0;8;0;0;0;0;6;0;0;0;1;2;0;0;1;0;1;1;0;12;10;12;13;9;14;10;9;9;16;17;7;10;8;13;11;8;17;9;11;11;12;17;11;13;9;18;10;9;15;12;10;10;10;11;8;9;12;9;9;9;10;6;7;5;6;9;7;7;9;7;8;5;10;3;4;5;8;8;4;3;2;3;6;0;1;2;4;3;1;4;5;1;0;5;2;3;0;1;0;1;1;1;0;0;1;1;1;0;1;0;0;0;1;0;0;0;0;0;0
280210605000031;1;1322;1322;381;242;344;164;13;26;10;3;96;4;9;1;23;0;5;0;1;0;0;19;0;0;0;3;2;2;2;2;1;1;2;4;21;20;16;20;25;23;15;25;20;25;18;21;22;27;19;41;29;32;21;23;31;27;16;14;18;27;21;12;22;22;26;14;20;30;25;22;26;25;25;22;17;38;19;20;18;17;14;11;13;11;7;9;16;7;13;9;5;8;3;4;2;7;3;5;10;7;14;11;6;8;3;8;4;5;6;6;1;4;5;1;1;2;5;2;3;2;2;2;0;0;0;0;0;1;0;0;0;0;0;0
280210605000032;1;682;682;186;151;188;53;21;13;4;5;38;0;4;0;14;5;0;0;0;0;0;17;2;1;1;2;1;2;3;4;0;0;1;0;16;10;12;13;11;13;9;10;20;10;15;17;13;13;15;9;11;9;13;10;6;11;10;15;14;16;23;14;16;15;11;14;13;15;9;15;18;16;7;12;7;8;12;9;6;6;7;9;4;5;8;4;6;5;2;1;7;5;4;2;2;3;1;1;2;5;0;2;1;1;0;0;1;1;1;1;1;1;1;1;1;0;0;1;1;0;0;0;0;0;0;0;0;0;0;0;0;0;0;0
280210605000033;1;706;706;204;118;145;129;2;6;10;0;54;0;11;0;18;0;9;0;0;0;0;11;0;0;0;0;3;0;1;1;1;3;0;2;7;10;16;9;23;9;11;2;12;18;13;10;12;6;15;17;9;18;16;19;17;10;18;14;19;19;15;15;12;22;12;10;10;10;6;13;10;7;7;13;10;8;2;9;4;10;16;9;8;10;5;7;4;9;5;5;4;5;6;5;2;3;5;5;3;2;3;0;1;3;2;0;2;2;3;3;1;0;1;0;0;1;0;0;0;0;0;0;0;0;0;0;0;0;0;0;0;0;0;1
280210605000034;1;861;861;245;183;236;82;17;13;2;0;42;4;12;1;17;1;4;0;2;0;0;13;1;0;1;1;0;1;1;2;1;2;1;2;14;6;13;16;11;12;19;10;9;13;20;19;12;14;24;14;14;10;11;10;19;15;24;21;13;15;22;17;16;18;13;17;13;14;12;10;17;9;10;11;11;11;12;13;16;10;12;15;12;14;10;15;9;13;12;8;8;7;7;4;5;5;5;5;4;1;0;3;1;4;2;1;1;1;2;0;2;3;1;0;1;0;0;1;2;0;0;0;0;0;1;0;0;0;0;0;1;0;0;0
280210605000035;1;597;597;167;109;178;69;12;8;7;3;17;6;4;1;12;0;4;0;0;0;0;10;2;1;2;0;1;0;0;0;0;1;1;2;5;10;9;10;17;8;16;11;16;14;15;9;5;23;9;14;14;18;12;10;5;14;14;8;8;10;7;10;7;10;4;8;7;7;10;8;15;10;13;12;7;14;11;11;10;11;8;6;3;6;4;6;3;5;5;0;1;3;0;3;3;1;4;5;0;1;0;4;4;2;1;0;2;2;1;0;3;0;0;0;0;0;0;0;0;0;1;0;0;3;0;1;0;0;0;0;0;0;0;0
280210605000036;1;960;960;276;171;195;155;23;12;21;1;59;3;21;1;18;2;2;0;0;0;0;11;0;0;1;0;2;1;1;4;0;1;1;0;22;12;16;16;20;23;19;16;15;27;29;28;27;21;18;20;20;22;11;12;15;18;14;15;9;17;20;16;15;14;7;12;17;12;22;20;10;9;10;13;9;16;7;8;11;5;10;8;5;9;8;7;9;8;11;10;8;3;8;8;5;7;8;5;10;1;4;6;8;6;4;2;2;5;5;2;2;3;5;2;0;1;1;2;0;2;0;0;1;1;0;0;0;2;0;0;0;0;0;0
280210605000037;1;1080;1080;296;191;268;152;26;13;12;1;78;1;10;0;20;0;11;0;1;0;0;18;2;1;0;2;3;0;0;1;5;3;1;0;15;22;19;26;20;29;18;24;27;20;33;28;25;26;30;20;12;17;13;17;25;19;18;22;16;14;19;10;21;18;22;17;14;11;15;16;19;19;14;26;13;17;12;15;13;8;11;11;6;5;9;7;11;6;7;7;6;4;6;8;1;5;3;11;6;9;5;3;2;3;3;3;1;3;3;3;2;5;1;4;1;2;1;1;1;1;0;0;0;0;0;0;0;0;0;0;1;0;0;0
280210605000038;1;789;789;214;110;139;185;8;3;33;1;28;0;48;1;16;0;3;0;0;0;0;18;1;0;1;1;2;0;2;4;3;2;1;1;17;18;21;24;21;30;25;17;24;31;26;19;28;26;20;18;14;13;10;18;12;15;13;9;8;13;6;12;15;11;3;13;8;11;9;11;13;7;17;7;10;7;12;11;10;3;7;6;4;6;2;6;3;4;6;1;1;1;5;4;8;0;2;2;2;1;1;2;3;3;0;0;1;0;0;0;2;1;0;0;0;0;0;0;1;0;0;0;0;0;0;0;0;0;0;0;0;0;0;0
280210605000039;1;689;684;202;123;175;138;22;2;0;0;2;0;9;0;11;4;1;0;0;0;0;20;1;1;0;2;3;1;1;3;3;3;0;2;17;11;28;16;20;19;23;9;19;25;20;26;20;15;15;16;7;16;18;8;15;24;16;10;7;13;9;14;6;7;4;7;8;7;10;11;4;12;4;8;8;9;7;8;7;5;0;6;4;8;6;5;5;2;4;6;4;2;0;3;3;1;2;3;4;0;2;1;0;2;0;1;1;0;0;1;0;0;1;0;0;1;0;0;2;0;0;0;0;0;0;0;0;0;1;0;0;0;0;0
280210605000040;1;601;601;170;99;136;111;11;5;5;1;40;0;10;1;9;1;2;0;0;0;0;18;2;2;1;3;0;2;1;0;1;1;1;4;15;9;12;8;10;16;20;14;11;15;15;8;16;14;13;16;22;17;15;11;8;13;7;6;10;9;11;11;11;6;12;6;6;10;6;5;4;8;7;7;3;3;7;4;3;7;12;6;7;2;4;4;9;2;4;4;5;4;4;2;7;5;2;5;2;3;1;0;3;1;3;1;1;3;1;1;1;1;1;1;2;1;0;0;0;0;0;0;0;0;0;0;1;0;0;0;0;0;0;0
280210605000041;1;589;589;163;112;154;74;34;8;2;0;22;0;3;0;10;0;7;0;0;0;0;9;2;0;1;1;0;0;2;1;1;0;0;1;9;15;11;15;17;13;19;17;8;19;15;13;12;13;17;8;9;10;7;6;14;16;13;9;11;10;18;12;12;17;8;7;9;8;9;9;10;9;6;10;5;4;6;5;7;9;4;9;0;6;1;6;3;5;4;4;1;3;2;2;2;1;3;2;4;1;0;2;0;2;0;1;2;0;1;0;1;0;1;0;0;0;0;0;1;0;0;0;0;0;0;0;0;0;0;0;0;0;0;0
280210605000042;1;947;944;279;170;202;130;32;11;18;5;71;0;13;0;11;3;2;0;0;0;0;14;1;1;0;1;1;3;1;2;2;1;0;1;14;18;17;15;14;14;19;16;20;17;16;27;18;18;16;18;17;21;15;16;16;22;22;20;20;17;12;19;13;19;15;12;10;15;10;14;8;10;15;13;5;8;10;8;12;7;10;13;8;10;11;4;11;12;6;11;9;17;11;10;4;2;4;6;9;4;4;1;3;6;4;6;4;5;1;2;3;2;3;4;1;3;3;1;0;1;1;1;1;0;1;0;0;0;1;1;0;0;0;0
280210605000043;1;1067;1067;306;182;275;160;31;10;5;4;56;8;9;0;19;1;1;0;0;0;0;20;1;0;4;1;1;1;2;2;3;1;1;3;22;25;24;20;19;17;17;16;25;21;24;35;14;22;31;23;24;25;15;23;18;28;23;17;19;23;15;22;14;15;23;18;11;8;18;12;23;19;11;16;12;3;11;10;15;12;10;7;7;8;8;14;4;6;9;14;7;4;8;6;1;8;5;4;1;3;1;5;3;4;5;3;3;3;5;1;2;1;2;4;2;3;0;2;0;1;0;2;0;1;1;0;1;0;0;0;0;0;0;0
280210605000044;1;852;852;243;146;211;126;40;7;2;1;56;1;6;0;11;2;0;0;0;0;0;19;3;2;2;1;4;1;0;2;0;0;2;2;14;17;18;16;21;12;17;19;9;31;28;26;16;16;21;16;11;17;15;24;17;12;13;15;18;23;10;10;21;8;8;8;17;16;11;19;10;12;17;14;7;9;9;8;7;5;8;7;14;9;7;3;10;8;5;12;2;0;3;10;1;2;5;8;1;2;2;5;0;3;1;1;2;1;0;1;0;2;1;3;0;0;2;1;1;1;0;1;0;0;0;0;0;0;0;0;0;0;0;0
280210605000045;1;457;457;133;76;83;52;3;1;28;4;15;0;29;6;25;0;2;0;0;0;0;9;1;2;1;0;1;1;0;1;0;1;1;0;5;9;9;6;9;6;11;5;11;5;10;9;7;7;13;12;7;11;8;9;12;8;11;6;11;7;12;5;5;10;10;5;10;10;8;4;3;6;8;5;6;5;2;4;4;3;3;2;3;5;3;6;4;3;5;2;3;3;4;4;4;4;0;7;2;1;3;1;0;1;5;2;0;3;1;1;1;2;1;1;1;0;1;0;0;1;0;0;2;1;0;0;0;0;0;0;0;0;0;3
280210605000046;1;567;564;157;87;126;102;31;4;2;2;26;2;8;0;17;0;3;0;0;0;0;15;1;0;1;1;0;1;2;1;2;2;2;2;11;13;14;14;16;16;9;11;17;15;13;11;15;9;17;14;17;7;7;13;14;15;12;10;10;7;5;10;10;17;8;5;10;8;7;7;6;2;6;5;7;11;4;6;5;7;7;5;4;1;3;4;4;4;3;3;3;2;1;4;2;1;1;0;2;4;2;1;0;3;1;1;3;1;2;0;0;0;2;0;0;2;0;0;0;1;0;0;1;0;0;0;0;0;1;0;0;0;0;0
280210605000047;1;1035;1035;281;174;232;207;44;2;1;1;58;4;6;1;19;1;4;0;0;0;0;29;2;4;3;1;2;0;0;4;2;4;4;3;18;18;16;18;19;22;16;18;23;37;30;28;40;25;33;36;40;23;18;22;13;18;28;11;18;16;9;11;17;18;13;8;20;18;11;9;9;25;11;16;4;6;13;7;8;5;5;10;4;9;5;5;12;5;5;9;2;3;8;7;6;7;3;4;4;3;6;4;0;3;3;5;4;2;4;0;0;2;1;5;0;0;0;1;1;1;0;1;0;1;2;0;0;0;0;1;0;0;0;1
280210605000048;1;924;924;259;128;216;133;0;20;18;5;78;3;28;2;18;7;6;0;3;0;0;7;0;2;0;1;0;1;0;1;0;2;0;0;8;14;17;7;16;7;11;17;20;19;11;14;15;15;16;28;17;15;20;18;19;25;18;15;21;11;17;17;14;16;12;15;13;11;8;14;15;12;13;21;23;17;8;14;10;11;10;11;11;3;10;7;8;8;7;9;3;8;7;4;4;8;4;12;7;4;4;4;6;4;3;3;5;9;2;1;6;9;2;1;2;1;3;1;1;0;3;0;3;1;0;0;0;1;0;0;1;0;1;0
280210605000049;1;846;840;225;144;209;110;19;11;10;2;71;2;18;0;16;0;2;1;0;0;6;12;2;1;0;0;2;0;0;3;0;3;0;1;16;18;17;16;15;14;20;10;21;18;22;12;20;20;15;29;16;18;14;14;16;24;12;15;17;22;22;13;15;21;8;10;19;15;15;7;10;8;10;10;6;13;8;9;9;8;9;7;9;8;3;5;4;6;8;5;3;1;5;5;6;6;2;8;4;4;4;2;3;6;1;3;1;1;1;1;2;2;0;2;0;1;0;3;1;0;1;0;1;1;0;1;0;0;0;0;0;0;0;1
280210605000050;2;380;380;112;65;78;52;10;9;2;0;34;2;2;0;7;5;1;0;1;0;0;4;0;1;1;0;1;0;0;0;0;0;1;0;8;10;5;3;8;4;6;7;5;9;7;13;15;8;14;10;6;7;5;9;7;6;7;4;4;9;3;7;5;5;3;7;3;9;8;6;8;5;3;3;1;8;3;4;1;0;1;2;6;3;3;5;6;3;2;2;1;6;5;2;1;1;2;1;3;3;1;4;2;1;2;2;2;1;2;2;0;1;2;0;2;0;1;0;0;0;0;1;0;2;1;0;1;0;0;0;0;0;0;0
280210605000051;2;139;139;42;24;25;20;3;0;3;0;14;0;5;0;3;0;0;0;0;0;0;4;0;0;1;0;0;0;0;0;1;0;2;0;3;1;3;3;2;5;2;5;1;3;3;3;2;5;5;0;3;4;1;4;3;3;1;2;4;2;1;1;1;0;1;1;0;0;1;2;2;1;3;1;1;0;2;1;1;1;2;2;4;2;3;0;1;2;3;2;4;3;1;2;1;1;0;1;1;0;1;2;1;0;0;0;0;0;0;1;0;0;0;0;0;0;0;0;0;0;0;0;0;0;0;0;0;0;0;0;0;1;0;0
280210605000052;2;144;144;40;28;47;13;1;4;1;0;7;2;0;0;1;0;0;0;0;0;0;3;0;0;1;0;0;0;0;0;0;0;0;2;1;3;2;3;1;1;1;2;2;2;3;5;2;5;3;3;3;4;4;7;3;3;3;1;1;5;2;2;1;3;1;2;0;2;0;2;2;2;1;2;2;1;0;3;1;2;5;1;1;4;2;4;0;0;3;1;1;3;0;0;1;0;1;0;1;0;1;0;0;0;0;0;0;1;1;2;1;0;0;0;1;0;0;0;0;0;0;0;1;0;0;0;1;0;0;0;0;0;0;0
280210605000053;3;172;172;48;31;34;30;2;2;3;0;10;0;5;1;6;0;0;0;0;0;0;1;0;0;0;0;0;0;0;0;0;0;1;0;3;1;5;2;1;4;3;2;6;3;8;1;1;3;3;3;4;10;3;5;3;3;3;4;2;1;1;4;0;3;2;2;3;3;1;1;1;1;5;4;5;4;2;2;2;0;4;4;2;0;1;3;2;0;1;2;1;0;0;1;1;1;0;2;1;0;1;0;2;1;0;1;1;0;0;1;1;1;0;0;0;1;0;1;0;1;0;0;0;0;0;0;0;0;0;0;0;0;0;0
280210605000054;3;76;76;29;19;15;11;1;0;0;0;0;0;0;0;0;0;0;0;1;0;0;0;0;0;0;0;0;0;0;0;0;0;0;0;1;2;1;1;0;0;1;1;2;0;3;2;3;3;2;2;0;3;1;0;0;1;1;0;1;0;2;2;1;1;1;2;3;4;2;0;2;2;0;0;1;2;2;2;1;0;0;1;0;0;0;1;0;1;2;0;0;1;2;1;1;2;0;1;0;0;0;0;0;0;0;0;0;0;0;0;0;0;1;0;1;0;0;0;0;0;0;0;0;0;0;0;0;0;0;0;0;0;0;0
280210605000055;3;381;381;113;62;70;50;15;6;15;1;14;0;24;1;8;1;1;0;0;0;0;3;2;0;0;1;0;0;0;0;0;0;0;0;5;6;7;5;4;3;6;9;10;9;9;10;1;14;7;7;8;14;5;5;4;8;10;5;9;6;4;18;6;8;7;7;10;7;1;6;5;10;7;3;5;5;2;2;1;6;5;6;3;2;1;4;3;4;3;2;2;2;1;1;3;1;2;1;2;3;0;3;1;2;0;4;1;1;0;1;1;3;0;1;1;0;0;0;0;1;0;0;0;1;0;0;0;0;0;0;0;0;0;0
280210605000056;3;332;332;97;62;65;65;5;3;1;2;25;0;1;0;5;0;1;0;0;0;0;5;0;0;0;1;0;0;1;1;1;1;0;0;3;6;3;5;2;2;6;9;8;12;7;6;3;7;9;7;5;7;8;4;5;13;8;3;5;4;8;8;8;4;6;1;6;6;7;4;7;4;5;6;6;2;6;3;4;2;4;2;8;5;1;1;2;3;1;1;3;2;1;0;1;0;1;3;2;2;0;0;3;2;2;1;2;2;2;1;1;2;1;4;0;0;0;0;0;0;0;1;0;0;0;0;0;0;0;0;0;0;0;0
280210605000057;3;160;160;52;39;42;4;1;0;6;0;1;0;10;0;3;0;2;0;0;0;0;2;0;0;0;1;1;0;0;0;0;0;0;0;2;3;5;2;6;2;0;0;5;3;5;3;7;6;0;1;2;2;1;2;3;4;2;4;2;6;8;1;3;9;5;4;2;2;6;3;2;4;1;3;3;3;3;2;0;2;0;1;1;2;0;0;0;1;1;0;1;2;0;1;1;0;0;0;2;1;0;0;0;0;0;0;0;0;0;0;0;0;0;0;0;0;0;0;0;0;0;0;0;0;0;0;0;0;0;0;0;0;0;0
280210605000058;3;209;209;69;49;54;18;6;2;1;0;7;0;0;0;0;0;3;0;0;0;0;2;0;0;0;1;0;0;0;1;0;0;0;0;2;6;4;8;8;3;4;2;5;4;1;3;5;4;3;3;0;2;6;5;2;3;6;4;9;7;4;3;5;8;6;1;7;2;1;1;2;4;3;3;2;5;3;3;1;2;1;1;3;4;2;1;3;0;1;0;1;1;0;2;1;1;0;2;0;0;0;0;1;0;1;0;0;2;0;0;0;0;0;0;1;2;0;1;0;0;0;0;0;0;0;0;0;0;0;0;0;0;0;0
280210605000059;3;74;74;28;17;12;8;0;1;1;0;2;0;2;0;2;0;1;0;0;0;0;1;0;0;0;0;0;0;0;1;0;0;0;0;1;1;2;2;2;1;0;0;0;0;1;0;1;3;1;2;0;1;0;2;5;1;0;1;5;3;1;3;0;1;0;0;3;0;2;4;0;2;1;0;0;1;0;0;0;1;1;1;1;2;1;1;3;0;2;0;1;0;1;1;0;0;0;0;0;0;0;0;1;1;0;0;0;0;0;0;0;0;1;0;0;0;0;0;1;0;0;0;0;0;0;0;0;0;0;0;0;0;0;0
280210605000060;3;997;997;259;164;248;168;34;18;9;1;62;5;10;0;13;0;5;1;0;0;0;18;2;0;1;2;2;3;1;2;1;2;2;0;17;20;16;13;15;12;18;19;21;23;27;23;23;28;35;31;22;22;39;10;14;20;21;14;29;18;19;12;9;23;15;17;14;9;16;13;15;14;11;14;12;12;9;13;9;13;12;16;4;11;5;14;6;8;4;5;6;5;4;2;4;5;4;1;4;4;2;1;3;3;5;1;2;3;0;0;1;3;1;0;1;1;0;1;1;0;0;1;0;2;1;1;0;0;1;0;0;0;0;1
280210605000061;3;347;347;104;56;69;73;14;6;2;0;17;0;2;0;2;0;2;0;0;0;0;4;1;1;1;0;0;0;1;0;0;0;0;0;4;5;5;5;8;6;2;4;5;4;8;11;3;10;10;5;6;6;4;12;8;11;6;8;4;11;4;5;6;13;7;5;5;7;1;9;3;8;4;8;3;5;5;3;3;0;6;3;4;2;4;1;2;2;3;1;8;1;4;2;4;1;1;1;1;1;3;0;0;0;2;0;0;1;1;2;0;3;0;0;0;2;0;0;0;0;0;0;0;0;0;0;0;0;1;0;0;1;0;0
280210605000062;3;80;80;20;14;18;10;7;2;0;0;6;0;1;0;0;2;0;0;0;0;0;2;0;0;0;0;0;0;0;0;0;2;0;0;4;2;2;2;1;0;2;3;0;2;1;1;3;1;1;2;2;3;1;3;4;3;1;2;2;1;2;0;1;0;3;2;3;0;0;0;1;1;1;2;2;0;0;1;1;0;0;0;1;0;1;0;1;1;1;1;0;0;1;1;0;0;0;0;0;0;0;0;0;0;1;0;0;0;0;0;0;0;0;0;0;0;0;0;0;0;0;0;0;0;0;0;0;0;0;0;0;0;0;0
280210605000063;8;631;622;183;121;213;53;9;6;2;1;25;0;4;0;13;1;0;0;0;0;0;12;0;1;2;2;1;0;0;0;2;3;1;0;12;16;15;8;13;9;8;7;15;12;19;11;18;14;14;15;16;19;8;16;9;5;9;5;15;8;5;18;10;7;8;8;8;8;8;7;11;9;6;10;10;5;9;6;5;10;9;10;5;9;5;5;5;6;6;4;3;6;4;5;3;6;2;1;5;3;4;2;1;8;0;0;3;1;2;1;3;2;0;0;1;0;1;1;0;1;0;0;1;0;0;0;0;0;0;0;0;0;0;1
280210605000064;5;412;412;117;82;124;47;7;3;2;0;14;0;7;0;6;3;0;0;0;0;0;11;0;2;0;0;3;1;1;2;0;0;1;1;6;4;4;8;4;7;11;10;9;7;5;7;10;14;9;14;12;5;1;9;6;3;5;6;2;5;9;7;12;4;6;7;11;7;12;3;8;4;9;7;8;6;5;4;2;4;7;2;2;3;3;3;7;2;3;2;0;3;2;1;6;4;3;0;4;3;3;2;3;1;3;0;1;3;1;1;2;0;0;0;0;0;0;0;1;0;0;1;0;0;1;0;0;0;0;0;0;0;0;0
280210605000065;5;683;683;183;144;226;71;9;7;5;2;27;0;5;0;2;2;0;0;0;0;0;12;2;0;1;3;1;1;1;1;0;0;0;2;13;9;10;17;8;16;14;10;18;18;10;15;17;16;17;12;21;15;9;9;12;12;10;15;15;12;17;19;7;16;14;16;7;10;11;2;12;9;9;7;6;5;4;3;12;6;6;11;7;8;6;8;5;4;2;5;7;3;2;4;8;2;2;5;2;5;4;3;1;2;2;3;0;2;1;1;2;1;0;1;0;0;0;0;0;1;1;1;1;0;0;0;0;0;0;0;0;0;0;0
280210605000066;8;789;788;208;123;195;85;7;2;41;4;38;6;54;0;23;2;1;0;0;0;0;11;0;0;0;1;1;0;1;1;1;4;1;1;19;14;15;25;20;12;18;21;21;25;25;22;21;27;24;17;10;15;12;9;11;12;14;18;16;11;7;7;14;12;12;5;10;9;10;8;13;14;6;10;12;13;6;5;4;5;8;5;12;7;8;2;6;4;10;5;4;1;6;2;3;2;6;2;8;4;6;1;3;2;1;5;3;3;1;0;4;0;0;1;1;0;3;1;1;1;0;0;0;0;0;0;0;0;0;0;0;0;0;0
280210605000067;8;506;506;134;81;129;76;6;7;9;2;34;0;14;0;13;0;1;0;0;0;0;9;0;0;5;1;1;0;0;0;1;1;0;0;3;7;8;6;10;13;17;12;9;15;17;15;11;14;10;16;16;11;11;8;8;9;10;10;7;8;3;8;5;9;6;12;6;2;6;3;6;5;9;9;4;7;7;5;5;6;2;4;6;2;4;0;4;3;3;4;3;4;5;5;3;3;2;2;2;5;2;1;9;2;1;1;2;1;1;1;0;1;2;1;0;0;1;0;0;0;0;0;0;0;0;0;0;0;0;0;1;0;0;0
280210605000068;8;546;546;131;105;187;37;29;6;0;2;41;1;0;0;4;1;2;0;0;0;0;9;3;2;0;0;2;0;1;0;0;0;0;1;7;9;10;11;13;6;6;16;11;13;14;22;22;12;17;19;14;10;13;6;14;8;8;7;13;8;3;5;9;7;5;9;10;2;4;6;8;8;7;5;7;4;1;8;5;8;6;2;2;5;6;10;6;3;4;2;6;6;6;7;1;3;1;4;3;0;4;1;1;2;2;0;1;0;1;0;0;4;1;1;0;1;0;0;1;2;0;1;0;0;0;1;0;0;0;0;0;0;0;0
280210605000069;8;523;521;133;79;151;61;24;9;1;1;51;0;5;1;7;0;0;0;0;0;0;10;2;1;0;2;2;1;0;0;1;0;0;1;13;17;12;12;15;15;11;11;15;9;11;10;9;17;9;8;19;15;12;14;8;4;6;4;10;11;5;6;5;7;3;6;8;8;7;4;4;4;4;7;8;4;5;3;3;5;6;7;5;6;6;5;5;5;8;5;3;4;2;3;4;1;2;4;0;6;3;2;1;1;1;1;2;1;3;2;0;1;0;1;1;1;1;0;0;0;0;0;1;0;0;0;0;0;0;0;0;0;0;0
280210605000070;8;387;387;111;78;115;35;10;1;4;0;19;0;9;0;5;0;0;0;0;0;0;10;2;1;1;1;1;3;0;0;0;1;0;0;7;9;10;8;8;9;6;6;11;13;12;6;9;9;11;13;8;9;9;2;6;6;7;8;13;2;4;7;5;5;3;5;3;4;4;5;2;6;4;2;0;3;3;7;2;5;6;3;3;3;2;5;3;5;3;3;4;4;2;5;4;3;1;2;2;2;3;2;2;4;0;0;1;0;0;1;0;1;1;0;0;0;0;1;0;0;0;0;0;0;0;0;0;0;0;0;0;0;0;0
280210605000071;8;255;255;70;52;91;19;11;1;1;1;6;0;1;0;1;0;1;0;0;0;0;1;0;1;0;0;0;0;0;0;0;0;0;0;10;4;6;4;5;9;2;4;3;10;10;4;5;4;4;4;6;7;3;3;4;2;5;5;4;4;7;4;3;9;1;4;3;6;1;5;3;0;5;6;1;4;2;2;2;2;1;3;1;5;3;3;0;1;4;1;1;0;2;3;1;0;4;1;0;2;2;1;0;2;1;0;2;3;0;0;0;3;1;0;1;0;0;0;0;0;1;0;0;0;0;0;0;0;0;0;0;0;0;0
280210605000072;8;183;183;44;29;37;17;27;0;3;0;7;0;3;0;13;3;0;0;0;0;0;6;0;1;0;0;2;1;1;0;0;0;1;0;9;4;12;1;5;6;4;6;7;3;3;2;0;7;5;4;2;1;2;3;5;9;2;6;2;2;4;2;1;3;3;3;3;3;5;1;2;4;2;2;1;2;0;2;0;1;1;1;1;1;1;1;0;1;1;4;0;1;0;0;0;0;0;0;1;0;2;0;0;0;0;0;2;0;0;1;0;0;0;0;0;0;0;0;0;1;0;0;0;0;0;0;0;1;0;0;0;0;0;0
280210605000073;8;12;"X";"X";"X";"X";"X";"X";"X";"X";"X";"X";"X";"X";"X";"X";"X";"X";"X";"X";"X";"X";"X";"X";"X";"X";"X";"X";"X";"X";"X";"X";"X";"X";"X";"X";"X";"X";"X";"X";"X";"X";"X";"X";"X";"X";"X";"X";"X";"X";"X";"X";"X";"X";"X";"X";"X";"X";"X";"X";"X";"X";"X";"X";"X";"X";"X";"X";"X";"X";"X";"X";"X";"X";"X";"X";"X";"X";"X";"X";"X";"X";"X";"X";"X";"X";"X";"X";"X";"X";"X";"X";"X";"X";"X";"X";"X";"X";"X";"X";"X";"X";"X";"X";"X";"X";"X";"X";"X";"X";"X";"X";"X";"X";"X";"X";"X";"X";"X";"X";"X";"X";"X";"X";"X";"X";"X";"X";"X";"X";"X";"X";"X";"X";"X"
280210605000074;8;71;71;20;10;12;14;2;2;0;0;10;0;0;0;1;0;0;0;0;0;0;0;0;0;0;0;0;0;0;0;0;0;0;0;1;0;0;0;1;2;2;2;0;2;3;1;1;3;0;5;1;3;2;2;1;0;1;2;1;1;1;1;1;0;3;2;1;1;1;3;0;1;2;1;0;1;1;1;1;0;1;0;0;0;2;1;0;0;0;1;1;1;0;1;1;0;0;1;1;0;0;0;0;0;0;0;0;0;0;1;0;0;0;0;0;0;0;0;0;0;0;0;0;0;0;0;0;0;0;0;0;0;0;0
280210605000075;7;865;865;213;125;197;179;58;7;3;0;53;0;9;0;15;0;6;0;0;0;0;20;2;4;2;2;1;1;1;1;3;0;1;2;11;26;20;23;21;22;32;21;35;22;29;26;20;22;19;22;17;18;23;10;13;14;13;18;12;10;10;16;9;22;18;14;11;11;10;13;13;9;16;5;8;11;7;8;12;8;6;11;4;2;2;5;5;1;3;3;4;2;5;4;7;1;1;2;5;3;0;1;2;0;1;5;2;1;1;0;0;0;1;0;0;0;0;1;0;1;1;0;0;0;1;0;0;0;1;0;0;0;0;0
280210605000076;8;332;332;102;15;20;117;9;1;0;0;22;0;1;0;2;0;43;0;0;0;0;6;0;0;0;2;0;0;0;2;2;0;0;0;3;9;3;7;5;4;10;4;5;8;10;15;6;7;5;5;9;9;5;9;5;8;6;5;5;6;12;3;4;5;5;4;8;4;2;2;4;6;3;7;4;6;3;4;2;1;1;3;4;3;1;1;1;5;4;2;1;3;3;2;2;1;0;1;1;3;4;1;3;3;0;2;2;1;0;0;0;2;1;1;0;0;0;2;0;0;0;0;0;0;0;0;0;0;0;0;0;0;0;0
280210605000077;8;796;796;215;145;242;81;21;6;8;2;37;0;24;0;10;1;4;0;0;0;0;17;2;0;2;4;1;0;0;0;0;4;1;3;9;18;7;16;20;13;16;13;16;12;12;22;18;22;20;17;24;22;17;13;21;15;18;18;17;12;16;14;9;16;17;9;16;5;7;9;9;9;9;8;6;5;13;5;7;12;8;10;4;10;3;5;7;7;10;3;2;7;3;10;2;5;7;5;3;2;2;3;3;2;2;1;2;0;2;3;2;0;1;2;4;1;1;0;1;2;0;1;0;1;0;0;0;0;0;0;1;0;0;0
280210605000078;8;656;656;162;117;195;86;28;1;5;2;25;2;11;0;15;0;5;1;1;0;0;15;0;3;1;2;1;1;1;2;1;1;0;2;17;20;12;10;13;12;15;13;19;15;17;16;16;9;12;15;10;16;14;13;15;12;8;14;13;11;17;13;16;18;12;14;8;11;6;4;9;9;6;11;6;10;12;8;8;4;6;3;6;3;4;4;4;5;3;2;1;3;1;2;3;1;7;2;1;0;2;2;0;1;4;1;0;0;3;0;0;0;1;1;0;2;1;0;0;1;0;2;0;0;0;0;0;0;0;0;0;0;0;0
280210605000079;8;785;785;221;156;218;95;13;10;6;1;39;0;8;0;15;0;2;0;1;0;0;12;0;0;0;1;2;1;3;3;0;0;1;1;14;12;19;13;13;14;14;16;17;19;21;26;21;14;21;23;12;15;13;8;14;11;17;11;9;7;13;8;14;14;10;13;8;11;10;5;10;9;10;6;7;8;9;16;13;11;9;6;5;9;15;9;8;9;8;7;5;7;7;7;7;3;8;7;3;3;6;4;3;3;1;0;2;1;0;1;0;0;1;3;0;0;1;0;1;1;0;1;1;0;0;1;1;0;0;0;0;0;0;0
280210605000080;8;578;574;165;119;193;34;9;1;0;0;38;1;9;0;6;1;0;0;1;1;0;9;1;0;1;3;0;1;1;0;0;1;0;1;10;4;13;3;11;15;6;11;13;19;17;15;17;13;12;14;11;9;11;9;8;18;9;10;8;14;8;8;5;7;8;10;12;7;9;13;10;4;10;9;8;8;6;3;10;6;2;6;2;3;3;5;6;0;1;5;4;3;2;11;6;5;7;4;3;6;2;4;3;4;2;1;2;1;2;1;0;1;0;0;0;0;0;0;1;0;0;0;0;0;0;0;0;0;0;0;0;0;0;0
280210605000081;5;147;147;41;28;48;17;5;1;0;0;7;0;0;0;0;0;0;0;0;0;0;3;0;0;0;1;0;0;0;0;0;2;0;0;4;2;4;0;2;2;5;3;0;3;3;4;3;6;3;5;6;3;2;2;1;3;0;1;1;0;4;0;2;2;4;4;3;3;1;2;4;0;1;1;5;2;1;0;2;3;2;1;2;2;0;1;1;0;0;0;0;0;3;1;1;3;0;0;0;1;2;0;1;2;0;3;0;2;0;0;0;2;0;0;1;0;0;0;0;0;0;1;0;0;0;0;0;0;0;0;0;0;0;0
280210605000082;2;653;653;176;121;164;106;18;6;1;0;42;0;7;0;7;0;5;0;0;0;0;17;3;1;2;2;1;0;2;1;2;1;1;1;11;9;11;18;10;10;13;14;13;22;15;16;16;13;22;22;13;17;9;11;15;8;18;7;11;11;10;12;9;16;8;10;11;11;12;6;10;7;5;11;10;9;6;6;7;4;4;7;5;4;1;3;3;7;5;3;2;1;4;6;5;3;1;5;3;2;2;2;1;2;1;0;2;4;1;0;4;3;1;0;0;1;1;0;0;1;1;0;0;0;0;0;0;0;0;0;0;0;0;0
280210605000083;1;1018;1018;257;162;268;151;13;16;8;0;59;5;25;1;45;0;8;0;0;0;0;29;1;2;4;3;1;3;0;3;0;6;4;2;20;22;14;20;11;21;24;21;19;20;23;20;23;30;23;29;18;16;11;16;16;26;17;28;30;27;26;22;26;18;19;16;12;13;15;18;11;11;18;16;6;12;14;12;6;8;5;9;10;14;10;7;3;8;2;4;6;3;4;7;4;2;8;4;2;1;7;0;2;2;3;0;3;3;2;0;0;0;1;1;0;0;0;3;0;1;1;2;0;0;0;0;0;0;0;0;0;0;1;0
280210605000084;1;667;666;205;122;161;75;7;7;7;1;43;10;9;0;18;1;1;0;0;0;0;12;2;1;1;0;1;2;1;1;2;0;0;1;6;7;8;11;10;12;10;9;16;10;17;10;11;9;13;12;22;11;11;15;8;15;8;11;6;13;13;15;7;19;12;9;11;8;8;9;13;10;16;12;14;11;15;9;7;3;13;9;3;9;9;1;7;7;7;6;2;3;2;4;6;5;1;1;2;7;2;1;3;2;1;2;1;3;6;1;3;3;2;1;0;0;1;0;0;3;0;2;0;0;0;1;0;0;0;0;1;0;0;0
280210605000085;1;721;721;207;119;151;126;4;12;5;2;50;11;13;0;11;2;8;0;0;0;0;9;1;0;0;2;1;0;2;0;0;2;0;1;7;7;11;12;10;7;9;12;7;7;18;10;12;19;13;17;13;11;11;6;13;12;14;17;15;15;13;14;11;13;16;12;13;11;7;11;14;13;6;6;8;7;11;12;11;7;9;4;5;11;4;10;5;12;9;7;6;5;5;7;4;6;5;6;5;4;9;2;4;3;4;3;4;2;2;5;2;0;0;2;1;1;5;1;0;4;1;0;0;0;2;2;0;2;0;0;0;1;0;0
280210605000086;1;1020;1020;299;186;263;140;7;15;6;3;50;2;11;0;29;1;4;0;4;0;0;10;0;1;0;1;0;1;1;1;0;0;1;4;11;14;12;11;13;14;16;15;25;20;24;18;14;15;21;24;19;17;24;15;22;19;19;12;14;16;18;15;14;20;22;20;14;12;18;19;16;16;18;18;13;14;11;18;19;17;12;16;11;15;15;13;6;9;11;10;7;5;4;12;2;6;5;4;13;3;4;7;2;5;3;4;1;2;0;4;1;1;2;2;1;3;1;2;1;0;0;0;2;1;3;0;0;2;0;0;0;0;0;1
280210605000087;1;538;538;163;99;139;67;5;13;5;0;14;0;15;0;12;0;2;0;3;1;0;4;0;0;0;0;0;0;0;2;0;1;1;0;4;7;6;5;5;5;5;10;10;5;5;11;5;6;18;8;12;12;10;12;12;15;8;16;11;14;14;14;7;14;7;13;8;7;7;10;6;4;6;7;6;11;9;5;7;8;15;8;7;6;4;12;4;8;1;4;6;10;2;2;2;2;5;1;4;2;1;2;0;2;1;1;4;0;1;1;1;2;2;0;0;0;0;1;0;1;0;0;1;1;0;0;0;0;0;0;0;0;0;0
280210605000088;1;526;526;151;99;129;71;12;3;4;2;36;1;7;0;10;0;1;0;0;0;0;10;0;1;2;1;0;0;0;0;1;2;1;2;10;6;14;7;6;11;8;11;4;17;8;7;12;13;20;18;9;11;16;9;8;10;10;9;20;12;8;12;6;7;4;7;15;5;10;11;4;7;6;12;6;9;5;8;9;4;3;5;4;3;1;6;3;2;3;4;2;1;3;1;2;1;4;4;0;1;5;1;1;1;0;2;1;2;0;0;2;0;0;2;0;0;0;1;1;0;0;0;0;1;0;0;0;1;0;0;0;0;0;1
280210605000089;1;582;581;167;104;152;71;8;9;6;2;30;0;11;0;19;0;1;0;2;0;0;2;1;0;0;0;0;0;0;0;1;0;0;0;11;9;10;4;10;9;8;9;6;11;10;9;5;10;12;13;6;10;20;19;10;13;17;8;9;12;9;7;3;10;10;4;15;9;13;11;12;8;3;14;6;13;12;10;15;4;10;7;3;5;12;5;3;7;3;4;4;2;2;3;2;2;3;7;3;3;3;5;2;2;0;2;4;1;0;2;0;1;0;0;0;0;1;2;3;0;1;0;0;0;0;0;1;0;0;0;0;0;0;2
280210605000090;1;573;573;162;100;138;89;0;8;10;0;40;0;13;0;3;10;0;0;0;0;0;9;2;0;1;0;1;1;1;0;0;1;2;0;8;8;10;12;7;13;9;9;14;13;10;4;8;4;13;7;13;8;9;14;15;12;14;13;10;11;13;14;16;8;7;9;11;8;8;4;11;9;9;9;6;11;6;5;7;8;7;7;7;4;2;6;2;3;2;7;9;5;3;4;6;6;2;2;3;5;1;4;3;5;0;1;1;1;0;3;0;1;0;0;2;0;0;0;2;0;0;0;0;0;1;0;0;0;0;0;0;0;0;0
280210605000091;1;1033;1033;270;165;227;164;26;12;10;0;83;2;23;0;46;1;4;0;0;0;0;23;2;3;3;1;4;1;3;3;0;1;1;1;16;10;15;21;14;16;23;21;23;31;23;18;20;22;24;26;19;20;17;17;25;17;16;28;23;18;21;14;19;17;19;13;17;17;13;12;11;19;18;16;11;14;14;10;18;8;10;5;8;9;9;7;8;11;7;7;7;11;5;5;4;5;5;5;2;7;2;4;2;4;3;4;2;4;0;3;4;2;2;2;2;1;1;3;0;1;0;0;1;1;0;1;0;0;0;0;0;0;0;0
280210605000092;1;827;827;236;168;222;88;24;14;6;5;43;2;6;0;11;0;2;0;0;0;0;20;1;0;4;2;1;1;0;2;1;3;1;4;9;15;9;13;10;12;17;15;7;19;18;19;7;15;17;22;16;16;12;18;11;19;21;15;12;24;18;15;21;19;20;18;14;12;16;13;15;7;9;5;9;11;5;13;9;10;9;9;7;9;13;3;8;7;9;6;9;8;4;6;4;4;2;2;3;3;2;0;0;5;4;2;3;2;2;2;0;1;1;0;1;2;1;3;0;2;0;1;0;0;0;0;0;0;0;0;0;1;0;0
280210605000093;1;999;999;288;208;242;151;14;13;8;1;36;0;10;0;24;0;4;0;0;0;0;17;1;2;2;2;1;1;1;0;1;3;1;2;13;14;20;18;12;22;11;15;16;24;22;16;14;19;15;29;29;30;15;21;15;23;19;16;27;19;17;20;16;22;20;16;17;20;16;20;12;16;17;20;9;20;26;15;10;16;11;6;12;11;16;2;11;9;4;6;4;3;7;5;2;4;2;6;2;3;1;1;1;3;2;0;0;1;1;2;2;0;0;0;1;1;0;0;0;0;0;0;0;0;1;0;0;0;0;0;0;0;0;0
280210605000094;1;782;782;213;135;177;145;15;7;13;2;46;2;13;0;12;2;0;0;0;0;0;9;0;0;0;2;0;0;1;1;1;0;3;1;18;16;14;19;13;19;15;16;22;28;20;20;17;18;18;18;19;16;10;15;20;19;18;16;14;14;11;18;12;16;10;23;4;13;11;16;6;9;3;11;4;6;6;4;5;6;7;5;7;7;5;3;3;6;5;5;3;9;6;2;3;2;2;7;1;2;3;3;0;3;7;2;2;3;1;2;3;0;3;3;0;0;0;0;0;0;0;0;0;0;0;0;0;1;0;1;0;0;0;0
280210605000095;3;80;63;29;17;13;11;2;0;0;1;3;0;0;0;4;0;0;0;0;0;0;1;0;0;0;1;0;0;0;0;0;0;0;0;1;1;1;2;1;1;1;1;1;3;1;2;1;1;1;0;0;1;0;3;1;2;2;2;0;4;1;3;2;1;1;4;0;0;2;0;0;1;1;1;0;0;1;1;0;1;0;0;2;3;2;1;0;0;0;5;0;3;0;1;2;2;0;0;2;0;0;1;0;0;0;0;0;1;0;0;0;0;0;0;0;0;0;0;0;0;0;0;0;0;0;0;0;0;0;0;0;0;0;0
280210605000096;8;492;492;144;87;128;59;20;1;4;2;29;0;5;0;12;1;0;0;0;0;0;11;0;1;0;1;1;2;0;1;3;1;0;1;9;7;8;6;10;8;14;11;11;18;8;11;10;11;11;19;7;8;8;11;8;12;12;10;7;8;8;2;12;8;7;9;6;6;7;6;14;5;7;2;4;6;4;5;1;3;5;4;2;4;4;7;4;4;3;5;3;5;4;8;4;6;2;2;1;4;1;1;1;1;1;0;0;1;4;1;0;1;1;0;0;0;2;0;0;0;0;0;0;0;0;0;0;0;0;0;0;0;0;0
280210605000097;3;23;"X";"X";"X";"X";"X";"X";"X";"X";"X";"X";"X";"X";"X";"X";"X";"X";"X";"X";"X";"X";"X";"X";"X";"X";"X";"X";"X";"X";"X";"X";"X";"X";"X";"X";"X";"X";"X";"X";"X";"X";"X";"X";"X";"X";"X";"X";"X";"X";"X";"X";"X";"X";"X";"X";"X";"X";"X";"X";"X";"X";"X";"X";"X";"X";"X";"X";"X";"X";"X";"X";"X";"X";"X";"X";"X";"X";"X";"X";"X";"X";"X";"X";"X";"X";"X";"X";"X";"X";"X";"X";"X";"X";"X";"X";"X";"X";"X";"X";"X";"X";"X";"X";"X";"X";"X";"X";"X";"X";"X";"X";"X";"X";"X";"X";"X";"X";"X";"X";"X";"X";"X";"X";"X";"X";"X";"X";"X";"X";"X";"X";"X";"X";"X"
280210605000098;1;934;934;272;162;211;147;11;23;4;0;89;0;5;0;6;3;1;0;0;0;0;15;1;0;3;2;1;2;1;1;0;2;2;0;21;13;16;12;20;9;14;19;13;19;18;15;14;21;26;19;22;12;25;20;25;26;22;15;20;20;12;21;21;12;18;14;12;13;16;7;15;13;14;18;12;10;9;9;10;15;4;14;8;4;6;7;8;7;3;6;9;8;3;6;4;17;6;5;4;3;0;5;3;2;2;1;6;0;0;3;3;2;0;6;1;0;1;0;1;1;1;0;0;0;0;1;0;0;0;0;0;0;0;1
280220505000001;1;532;529;149;91;146;69;18;7;1;0;30;1;9;0;7;1;3;0;0;0;0;12;2;0;0;0;1;1;0;1;0;4;1;2;7;7;9;4;8;5;16;10;12;10;11;16;10;10;10;14;8;12;15;12;12;11;7;6;9;10;7;9;9;8;6;8;12;7;4;6;8;7;5;6;2;8;8;7;6;6;8;10;3;2;5;2;3;9;4;6;4;1;2;4;3;1;8;6;1;2;4;3;1;1;2;1;4;2;1;3;1;5;0;2;1;0;1;0;2;0;0;1;1;0;0;0;0;0;0;0;0;0;0;0
280220505000002;1;933;933;276;171;249;129;6;6;13;0;50;0;23;0;9;0;1;0;0;0;0;15;1;2;0;2;2;1;0;1;2;1;1;2;16;21;18;13;18;11;7;16;18;16;21;18;11;18;20;21;19;24;14;15;22;18;13;24;21;17;12;13;8;21;14;11;9;12;14;15;12;15;16;12;6;9;10;11;9;12;17;10;13;8;9;8;10;11;10;7;7;8;4;3;6;2;7;11;7;4;5;9;6;2;3;5;1;3;5;2;6;1;3;3;0;1;1;2;1;1;0;2;1;0;0;0;0;0;2;0;0;0;0;0
280220505000003;1;998;998;282;176;231;144;41;10;4;1;65;6;11;0;20;7;0;0;0;0;0;15;0;1;0;2;1;0;0;3;4;1;3;0;19;18;25;27;20;28;24;31;25;17;32;24;25;20;22;19;18;17;17;23;23;16;12;20;19;22;17;15;19;14;10;11;10;11;22;8;10;16;8;11;14;13;10;7;8;12;8;10;13;4;4;4;9;2;8;9;13;10;0;9;6;4;4;4;3;4;6;2;1;1;1;1;7;2;1;0;2;1;2;1;3;0;1;1;3;1;0;0;0;2;1;1;0;0;1;2;0;1;0;1
280220505000004;1;629;622;171;99;160;103;7;6;5;1;72;0;1;1;0;2;1;0;0;0;0;12;1;3;1;0;0;2;2;1;0;1;0;1;5;17;7;12;16;14;8;12;19;20;15;20;18;12;14;13;8;13;9;10;15;11;10;8;13;6;12;7;8;12;13;9;12;9;4;5;8;9;11;9;17;11;6;4;7;4;5;3;4;5;3;4;5;3;4;6;3;7;2;5;1;3;5;2;4;1;3;6;1;1;2;1;1;3;2;2;0;2;4;1;0;1;0;1;0;1;2;1;1;2;0;1;0;0;0;0;0;0;0;1
280220505000005;8;245;245;68;50;84;24;5;1;0;0;9;1;0;0;2;0;0;0;1;0;0;3;0;0;0;1;0;0;0;1;1;0;0;0;2;5;3;2;6;5;6;8;5;6;7;12;9;6;5;7;4;4;2;5;6;2;5;5;7;2;4;5;1;6;3;1;2;3;7;3;0;5;3;1;1;2;2;6;8;5;2;3;1;1;1;3;2;3;0;1;1;2;1;1;1;1;1;0;1;0;1;3;0;0;0;2;0;1;0;2;0;0;0;0;0;0;0;0;1;0;0;1;0;0;1;0;0;0;0;0;0;0;0;0
280220505000006;8;260;260;69;51;92;17;3;5;0;0;18;0;1;0;3;0;1;0;0;0;0;6;1;1;1;0;0;1;1;0;1;0;0;0;1;5;4;6;5;8;4;3;2;11;4;6;4;10;8;5;9;3;5;4;6;8;7;2;1;2;4;2;5;2;1;3;4;5;7;5;5;4;3;5;3;3;3;3;4;3;1;2;2;3;1;2;1;1;4;1;4;2;0;1;2;2;0;2;5;3;1;1;3;1;1;0;0;1;0;0;0;0;0;0;0;0;0;0;0;0;0;0;0;0;0;0;0;0;0;0;0;0;0;0
280220505000007;8;616;610;166;113;175;45;5;5;30;0;33;1;31;0;12;0;0;0;0;0;0;9;0;0;0;0;0;1;1;2;2;0;0;3;9;5;9;7;11;10;8;13;11;12;11;12;14;16;20;16;10;11;4;13;16;17;11;12;10;7;7;7;8;8;9;13;10;10;9;8;4;12;8;9;5;6;14;7;12;3;9;5;7;10;0;6;7;5;3;4;3;6;2;4;1;3;5;5;6;9;1;2;1;5;4;0;4;4;2;3;1;3;2;0;2;0;2;1;0;1;0;2;0;1;0;1;0;1;0;0;0;0;0;0
280220505000008;8;216;216;57;47;80;7;6;4;0;0;12;0;0;0;2;1;0;0;0;0;0;1;0;0;0;1;0;0;0;0;0;0;0;0;6;0;3;1;7;6;3;8;5;6;5;2;6;4;6;2;5;4;7;3;3;5;3;4;4;6;3;3;1;5;4;5;2;3;0;2;2;3;3;2;1;3;2;6;1;2;3;0;2;0;0;3;1;1;3;2;3;1;4;2;0;1;3;1;2;2;5;0;2;1;2;0;1;0;0;0;2;1;0;0;0;0;0;0;0;0;0;0;0;0;0;0;0;0;0;0;0;0;0;0
280220505000009;8;240;240;68;51;76;15;4;3;1;2;14;3;0;0;3;0;0;0;0;0;0;3;0;0;0;0;0;1;0;1;0;0;0;1;2;5;2;1;2;1;4;6;5;5;4;5;7;5;8;2;7;1;4;3;5;3;3;2;3;2;3;2;5;4;4;7;4;5;3;4;4;2;3;5;6;3;3;0;4;3;1;0;0;2;3;3;2;4;4;8;1;2;5;1;0;1;3;1;2;2;2;1;2;2;1;0;1;1;2;0;1;0;2;0;0;0;2;0;0;0;0;1;0;1;0;0;1;0;0;0;0;0;1;0
280220505000010;8;160;160;47;24;40;9;1;0;15;0;7;0;15;1;1;0;0;0;0;0;0;3;0;0;0;0;1;0;0;1;0;0;0;1;2;1;1;0;1;3;3;2;2;5;5;4;4;1;4;4;3;2;5;2;3;2;2;3;1;1;1;2;0;1;1;4;0;8;4;3;1;0;7;2;0;3;2;2;2;3;4;0;1;3;1;1;2;1;3;2;1;1;2;1;1;2;2;0;0;1;0;1;2;1;0;1;0;3;2;0;1;2;0;0;0;1;1;0;0;0;0;0;0;0;0;0;0;0;0;1;0;0;0;0
280220505000011;1;495;495;139;88;119;82;30;5;2;1;19;0;3;0;7;0;0;0;0;0;0;15;3;2;2;4;2;1;0;1;0;0;0;0;7;15;11;5;12;11;8;6;15;12;18;14;15;14;18;17;12;5;9;8;5;8;9;8;9;8;7;9;9;8;5;9;3;10;11;11;10;6;6;5;5;3;10;10;3;3;3;3;3;1;3;5;1;1;4;1;3;2;0;1;2;1;2;2;0;1;1;1;0;3;1;1;1;0;0;1;2;4;0;0;0;0;0;1;0;0;1;0;0;1;0;0;0;0;0;0;1;0;0;0
280230405000001;1;475;475;136;104;141;69;3;2;0;0;12;0;6;0;1;0;1;0;0;0;0;7;0;2;0;0;0;1;1;1;1;0;1;0;10;11;12;11;7;8;11;12;15;23;12;17;16;12;7;8;7;8;6;3;10;8;12;15;11;7;13;7;13;7;5;10;11;4;7;11;4;6;15;7;8;8;3;7;4;2;2;0;1;3;3;0;1;2;0;0;2;0;2;2;0;3;2;2;3;0;2;4;0;0;2;0;0;0;0;0;0;1;0;0;0;0;0;0;0;0;0;0;0;0;0;0;0;0;0;0;0;0;0;0
280230405000002;1;796;792;236;175;242;54;13;8;6;2;36;0;12;0;8;0;4;0;0;0;0;8;0;1;0;0;0;2;2;1;1;0;0;1;18;13;21;13;13;15;13;16;23;11;13;17;10;18;12;11;17;18;14;21;16;13;22;19;10;12;23;13;9;20;17;21;16;17;10;13;13;10;16;9;8;8;10;9;7;5;4;6;9;11;6;3;4;5;3;6;1;2;5;4;4;7;2;2;7;1;2;2;3;3;2;5;0;3;1;2;3;2;2;3;2;1;1;0;3;0;1;0;1;0;0;0;0;0;0;0;1;0;0;0
280230405000003;1;1116;1108;335;226;289;112;5;22;10;1;54;2;19;0;30;6;5;0;0;0;0;17;2;2;1;1;1;2;2;3;1;1;1;0;8;12;19;24;14;20;21;13;13;21;22;24;16;22;13;18;12;21;18;17;14;23;17;15;26;25;22;14;17;16;16;20;17;20;15;17;17;17;23;17;10;14;11;15;15;16;8;10;10;14;5;9;11;17;7;12;10;13;9;12;11;11;11;11;6;6;8;6;1;7;9;5;4;7;5;1;7;6;3;6;3;2;4;1;0;3;1;4;1;3;0;1;0;1;0;0;0;0;0;0
280230405000004;1;597;597;186;112;139;87;4;13;2;0;37;0;3;0;12;0;2;0;0;0;0;11;1;0;0;0;1;1;0;2;1;0;1;4;15;4;9;8;6;14;6;9;7;12;16;11;4;10;11;19;7;9;12;9;14;11;10;14;14;9;16;7;7;10;10;14;7;12;6;11;11;10;4;11;8;9;7;8;5;8;6;4;5;7;6;3;2;9;4;5;3;12;5;3;5;4;2;4;2;4;4;2;1;5;1;0;2;4;2;1;4;3;0;3;0;1;1;0;0;1;0;2;0;2;0;0;0;0;0;1;0;0;0;0
280230405000005;1;639;639;200;121;157;82;7;7;9;1;32;0;14;1;3;5;0;0;0;0;0;7;0;1;1;0;0;1;0;0;1;1;0;2;8;6;16;5;8;10;12;4;16;12;5;9;14;16;12;19;17;12;15;11;13;14;17;16;12;17;3;9;7;10;9;8;4;6;6;7;9;5;8;7;7;12;6;9;8;11;9;7;15;13;8;7;4;8;6;9;5;4;6;6;3;3;2;5;1;3;2;0;3;3;3;2;4;5;3;2;0;1;1;3;0;1;0;0;0;1;1;0;0;4;0;0;0;0;0;0;0;1;0;1
280230405000006;1;678;678;207;126;188;67;0;5;10;2;35;3;17;0;9;1;4;1;2;1;0;6;0;1;0;1;1;1;2;0;0;0;0;0;2;8;8;8;6;6;5;6;11;13;19;7;14;12;20;12;9;15;16;10;14;16;15;8;10;11;8;15;12;15;8;11;4;8;13;11;12;5;8;14;9;10;11;11;14;4;3;7;8;7;10;6;5;7;4;5;5;7;5;12;5;6;8;5;6;1;5;6;8;4;6;2;3;1;4;1;5;0;3;5;2;2;3;2;1;0;0;1;0;1;0;0;0;0;0;0;1;0;0;0
280230405000007;8;272;271;87;55;94;18;3;1;1;0;2;0;6;0;3;2;0;0;0;0;0;4;0;0;2;1;0;0;1;0;0;0;0;0;6;4;6;3;5;3;4;4;5;5;7;8;7;5;8;4;9;4;7;5;5;4;6;2;6;3;1;4;2;6;6;6;1;1;4;5;5;4;3;8;4;3;2;1;0;2;4;1;4;4;2;2;0;1;4;4;6;2;0;4;6;1;2;1;3;2;1;1;1;1;0;1;0;0;1;2;0;1;0;1;0;0;0;0;2;0;0;0;0;0;0;0;0;0;0;0;0;0;0;0
280230405000008;8;115;115;29;24;45;3;0;3;0;0;5;0;1;0;1;0;0;0;1;3;0;1;0;0;0;0;0;1;0;0;0;0;0;0;0;3;4;1;2;1;2;4;3;2;3;5;1;5;1;7;2;1;0;4;1;0;0;3;1;2;1;0;3;0;2;5;2;3;7;3;1;6;0;0;0;2;1;1;1;2;1;0;1;2;1;0;0;0;1;1;1;0;0;0;1;3;1;0;0;0;0;1;2;0;0;0;0;0;0;0;0;0;0;0;0;0;0;0;0;0;0;0;0;0;0;0;0;0;0;0;0;0;0;0
280230405000009;8;58;58;17;13;19;7;0;0;0;1;1;0;0;0;0;0;0;0;0;0;0;1;0;1;0;0;0;0;0;0;0;0;0;0;0;0;0;1;0;0;1;2;0;1;1;1;0;3;1;4;0;0;2;1;0;2;1;2;0;0;1;0;0;1;2;2;0;0;1;1;0;1;1;2;2;1;1;1;1;0;0;1;1;0;1;0;1;0;0;1;0;0;0;0;0;2;0;0;1;1;0;1;1;1;0;2;0;0;1;0;1;0;0;0;0;0;0;0;0;0;0;0;0;0;0;0;0;0;0;0;0;0;0;0
280230405000010;5;906;889;253;180;300;90;6;11;14;3;23;0;15;1;8;0;2;0;0;0;0;11;1;0;1;0;0;2;1;0;2;2;1;1;19;12;15;16;17;18;17;11;15;15;20;26;19;21;38;17;17;15;28;20;14;26;22;17;22;9;13;12;15;16;9;9;8;11;8;10;18;13;12;14;12;14;12;8;15;5;21;7;11;9;9;4;6;5;2;4;12;9;5;3;3;4;3;3;5;4;3;2;4;4;5;4;2;2;1;2;0;1;1;0;1;1;4;1;2;0;1;0;1;0;1;1;1;0;1;0;0;0;0;0
280230405000011;5;710;709;206;136;208;85;8;10;1;0;41;1;2;0;9;3;0;0;0;0;0;5;0;1;2;0;1;0;0;0;0;0;1;0;9;17;9;15;6;7;16;9;18;11;12;19;14;14;18;18;18;12;15;20;14;20;8;10;17;4;9;7;15;14;12;6;7;17;12;11;4;9;6;7;8;8;12;5;11;6;7;9;10;3;7;5;7;8;8;7;5;6;11;4;4;7;5;5;5;1;8;2;3;1;4;1;3;2;1;2;2;1;2;2;1;3;3;0;2;1;0;0;0;0;0;0;0;1;0;0;0;0;0;0
280230405000012;8;137;137;39;33;43;14;0;2;0;0;2;0;2;0;2;0;0;0;0;0;0;1;0;0;0;0;0;1;0;0;0;0;0;0;3;3;0;2;2;1;3;2;1;1;0;4;4;1;2;5;4;3;1;2;0;2;2;3;2;5;2;1;5;2;0;1;2;4;2;2;3;1;2;1;2;2;2;0;2;0;0;1;3;4;1;3;0;3;1;3;5;1;0;0;0;0;0;6;1;1;3;0;1;1;1;0;1;0;0;0;0;0;0;0;0;0;0;0;0;1;0;0;1;0;0;0;0;0;0;0;0;0;0;0
280230405000013;8;885;876;226;183;353;49;19;8;2;0;25;2;4;0;14;0;0;0;0;0;0;13;0;1;2;4;0;0;2;2;2;0;0;0;13;13;13;15;19;22;17;18;23;14;15;20;23;25;29;27;25;20;11;21;12;16;10;14;12;11;7;11;12;10;15;10;17;5;13;16;20;10;12;16;6;10;12;10;10;10;9;11;6;8;9;9;8;9;3;5;4;7;6;4;6;8;9;4;5;3;2;3;3;5;2;5;2;4;1;3;4;1;0;1;2;0;2;1;0;1;0;3;1;0;0;0;1;0;0;1;0;1;0;0
280230405000014;8;96;96;29;21;25;8;2;1;1;1;4;0;2;0;2;0;0;0;0;0;0;2;2;0;0;0;0;0;0;0;0;0;0;0;3;0;3;1;0;2;0;1;2;3;2;2;0;4;1;3;3;2;2;6;0;2;1;3;2;2;5;1;2;1;1;1;0;0;2;2;0;0;0;2;0;2;1;0;0;0;0;0;2;0;4;0;0;0;0;0;2;1;2;2;1;0;1;0;0;0;0;3;1;0;0;1;1;0;0;0;0;1;0;0;0;0;1;0;0;0;0;0;0;0;0;0;0;1;0;0;0;0;0;0
280230405000015;5;649;647;171;133;256;51;3;7;2;1;17;0;4;0;4;0;0;0;0;0;0;12;2;0;2;0;0;1;1;1;1;1;1;2;14;8;10;16;13;9;9;14;11;18;8;11;17;15;16;13;14;9;8;13;7;16;15;11;12;14;13;11;14;14;10;10;8;10;9;7;8;7;5;7;12;12;4;6;7;8;4;7;2;5;8;5;5;7;4;6;3;8;3;11;8;6;4;1;4;2;4;1;1;3;0;0;1;3;7;1;1;0;1;2;2;1;2;0;0;0;0;0;0;0;0;1;0;0;0;0;0;0;0;0
280230405000016;5;801;801;223;181;268;63;3;11;2;0;38;1;3;0;4;0;4;0;0;0;0;13;0;2;0;0;0;0;1;2;2;4;1;1;10;15;13;15;15;11;13;16;9;17;19;18;18;14;14;17;17;11;25;14;16;11;13;15;11;10;10;18;19;18;14;14;16;9;11;9;13;11;10;14;12;16;11;16;12;6;3;6;7;7;5;5;7;6;9;7;5;2;4;6;3;8;6;2;2;5;4;4;2;5;4;4;3;1;1;2;2;4;0;2;0;1;3;0;1;0;1;0;0;1;0;0;1;0;0;0;0;0;0;1
280230405000017;8;434;434;113;84;179;22;6;7;2;1;12;0;3;0;4;1;0;0;0;0;0;9;1;1;1;2;0;2;1;0;0;1;0;0;7;7;14;8;8;7;10;7;11;15;13;7;7;7;14;10;7;13;6;7;15;12;5;7;4;12;8;4;6;8;7;5;4;9;4;4;7;4;5;6;5;5;2;3;2;9;3;1;3;5;2;3;3;1;1;4;2;1;3;3;4;3;5;1;3;4;4;1;2;1;2;0;2;2;0;0;1;1;0;0;0;1;2;1;1;1;0;1;0;0;0;0;0;0;0;0;0;0;0;0
280230405000018;5;341;341;85;62;112;52;1;1;3;0;17;2;5;0;1;0;0;0;0;0;0;5;0;0;2;0;0;0;0;1;1;1;0;0;7;4;10;9;4;3;5;9;6;9;9;6;7;4;7;4;7;7;11;9;8;6;7;7;2;8;8;9;5;14;9;8;5;7;3;2;7;3;4;4;6;4;3;1;2;2;3;0;5;5;2;4;2;1;2;3;0;2;0;0;1;1;2;1;3;2;1;1;3;1;0;1;1;2;0;2;1;1;0;0;1;0;1;0;0;0;0;0;0;0;0;0;0;0;0;0;0;0;0;0
280230405000019;5;257;257;57;41;96;37;3;4;1;0;15;1;1;0;1;0;0;0;0;0;0;9;0;0;0;0;1;1;1;0;2;0;2;2;3;7;4;6;4;4;5;6;7;8;6;8;4;8;7;8;2;3;4;1;4;9;5;6;2;2;3;3;4;1;6;4;2;5;6;1;6;3;2;2;3;7;3;2;1;2;3;6;6;2;2;1;0;1;1;0;0;1;2;2;2;2;1;2;3;3;0;1;0;1;0;1;1;1;1;0;1;0;0;0;1;0;0;0;0;0;0;0;0;1;0;0;0;0;0;0;0;0;0;0
280230405000020;1;939;939;269;164;237;135;16;19;4;0;63;1;15;1;13;1;1;0;0;0;0;12;2;0;1;0;3;0;0;1;1;0;0;4;18;15;15;11;19;18;21;17;28;18;13;19;18;21;25;19;27;16;14;22;22;14;24;18;12;21;21;26;17;18;9;18;9;11;10;16;14;10;9;17;13;8;12;6;14;9;9;9;9;11;7;6;8;5;11;7;7;4;2;3;6;8;9;3;1;2;3;2;0;1;7;3;2;2;5;3;3;1;2;1;0;3;0;0;0;3;2;1;0;1;0;0;1;0;0;2;0;0;0;0
280230405000021;1;781;769;237;163;226;59;6;8;8;2;40;0;13;0;7;0;8;0;3;1;0;13;1;2;1;1;2;2;0;1;1;0;2;0;10;7;5;11;10;8;7;9;8;11;13;12;14;17;18;13;16;13;15;12;16;16;16;16;14;9;11;14;8;10;10;20;11;13;14;12;9;6;7;21;8;8;16;14;7;5;8;13;7;9;9;11;6;8;9;9;9;10;8;12;9;5;4;5;4;3;4;6;2;2;3;5;3;5;5;4;2;4;0;5;2;3;2;2;2;4;1;2;0;0;1;0;0;0;0;0;0;0;0;1
280230405000022;1;777;775;220;158;225;88;24;9;1;1;23;0;2;0;16;9;1;0;0;0;0;9;1;0;0;0;1;0;2;0;1;1;0;3;18;14;22;8;7;10;6;15;14;24;12;14;13;23;22;20;15;20;14;18;16;21;11;14;11;20;18;16;9;9;18;13;18;17;13;14;14;9;19;14;8;13;2;2;8;7;10;8;8;1;7;9;3;7;3;3;5;4;5;7;4;3;2;2;4;2;1;3;1;3;0;2;2;2;0;2;1;3;1;1;2;1;1;0;0;0;1;0;0;0;0;0;0;0;1;0;0;0;0;0
280230405000023;1;450;449;154;95;115;43;5;2;6;0;16;0;5;0;7;2;0;0;0;0;0;8;1;0;1;1;2;0;0;0;0;0;0;3;3;7;4;11;0;7;8;10;11;8;5;7;14;2;9;11;8;5;5;5;11;9;7;6;7;9;6;8;3;13;6;6;10;11;11;7;13;8;8;7;7;8;6;4;3;3;9;3;5;2;3;3;1;2;1;2;1;4;3;2;4;5;5;4;3;2;1;1;1;7;5;1;1;2;5;0;1;3;1;2;1;0;1;2;0;3;0;1;0;0;0;0;0;1;1;0;0;0;0;0
280230405000024;1;965;965;265;181;240;161;12;10;8;0;57;1;8;0;15;4;3;0;0;0;0;16;1;1;1;1;5;0;3;2;1;0;0;1;20;23;22;18;13;16;21;11;13;33;26;21;23;23;21;22;13;15;19;20;14;22;23;26;21;13;14;20;21;24;29;15;9;27;16;13;8;5;16;28;14;13;8;8;12;7;4;5;7;3;5;5;7;8;2;5;4;2;4;5;3;2;6;5;2;1;2;5;2;5;2;2;0;0;2;3;3;6;2;2;0;3;1;1;0;1;0;0;0;0;0;1;0;1;0;0;0;0;1;0
280240305000001;1;1013;1012;289;176;281;133;6;11;27;1;42;1;30;1;8;4;1;0;2;0;0;15;0;1;1;2;0;0;0;2;5;1;1;2;24;14;18;28;29;12;15;18;21;24;22;20;25;18;26;18;17;17;14;15;12;16;16;22;20;16;19;14;19;15;13;20;10;16;16;16;14;15;14;30;18;19;11;11;14;18;11;13;9;8;8;5;9;6;8;2;6;3;5;3;6;9;3;7;5;1;4;4;4;1;2;6;1;3;3;2;1;4;2;0;1;2;2;0;0;1;2;2;1;1;1;0;2;0;0;0;0;0;0;0
280240305000002;1;837;835;242;149;221;90;5;17;7;0;65;3;10;0;15;5;5;0;1;0;0;10;0;1;0;1;2;1;1;2;2;0;0;0;9;17;7;13;14;10;10;15;13;15;16;12;17;11;24;13;15;14;15;14;15;20;16;19;14;9;16;11;14;9;6;9;13;15;19;11;9;11;13;14;12;12;13;11;14;13;18;6;9;8;5;7;4;8;7;6;5;3;3;11;10;7;6;3;2;4;6;10;4;3;7;8;4;3;7;4;3;2;5;1;3;1;4;0;1;0;0;1;0;1;1;2;0;0;0;1;0;0;0;1
280240305000003;5;450;450;142;85;106;50;3;7;9;0;20;0;19;2;7;0;0;0;0;0;0;8;1;1;0;1;1;1;0;1;0;0;0;2;5;9;10;11;9;8;9;3;14;7;7;12;8;8;10;7;8;11;6;8;8;6;12;7;6;13;8;11;8;8;9;5;8;6;6;4;3;3;5;3;8;8;5;3;6;3;5;1;8;5;5;2;1;8;6;1;4;1;10;3;4;3;2;1;2;1;0;2;3;2;2;0;0;2;2;4;3;2;0;0;0;2;0;0;0;1;1;0;0;0;0;0;0;0;0;0;0;1;0;0
280240305000004;8;158;157;42;32;60;10;4;1;0;0;4;0;0;0;0;0;0;0;4;0;1;1;0;1;0;0;0;0;0;0;0;0;0;0;1;0;1;2;3;3;2;1;3;6;2;8;5;4;6;1;1;2;2;2;4;4;2;0;3;2;5;1;2;2;3;1;2;1;3;3;5;3;1;3;6;3;4;3;2;4;3;1;2;0;0;0;1;0;0;1;1;2;0;2;1;0;0;0;1;2;0;0;1;1;1;3;2;3;0;1;0;0;0;0;0;0;0;0;1;0;0;0;0;0;0;0;0;0;0;0;0;0;0;0
280240305000005;8;370;370;100;78;146;24;0;2;0;0;17;0;0;0;2;1;0;0;0;0;0;5;0;0;1;0;2;0;0;0;0;0;2;0;3;2;7;4;4;8;6;10;9;8;7;6;7;9;11;10;5;11;5;7;6;9;6;5;4;4;8;11;4;3;9;3;5;9;2;7;3;6;2;3;8;4;5;3;3;6;2;3;5;2;6;6;2;3;2;2;3;3;2;7;4;4;2;5;2;2;0;2;1;2;1;1;2;3;0;2;2;0;2;0;0;0;0;2;0;0;0;0;1;0;0;0;0;0;0;0;0;0;0;0
280240305000006;8;330;330;86;61;126;19;2;5;2;0;21;2;0;0;2;0;4;0;0;0;0;6;1;0;1;0;0;1;0;1;0;1;1;0;6;6;5;13;8;5;6;5;5;9;2;12;9;10;12;7;6;9;9;10;7;7;6;7;5;0;4;3;6;5;2;5;1;7;9;3;1;5;1;3;2;6;4;5;2;2;6;1;2;4;1;3;3;1;8;4;8;1;1;2;1;0;2;0;2;0;0;1;1;4;0;1;0;1;0;1;0;0;0;0;0;0;0;0;1;0;1;0;1;0;0;0;0;0;0;0;0;0;0;0
280240305000007;4;589;589;159;105;188;81;5;9;4;2;28;0;0;0;7;0;1;0;0;0;0;9;1;2;2;1;0;0;0;0;2;0;1;0;19;6;11;10;10;9;15;11;17;15;9;16;14;15;13;6;8;15;6;10;14;11;11;9;13;8;12;14;10;13;7;18;8;12;4;11;8;4;5;7;4;9;7;7;5;8;6;4;5;5;4;6;3;2;7;7;4;3;3;5;1;4;1;0;1;2;2;1;2;1;1;1;8;0;2;2;1;2;2;0;1;0;1;3;0;1;1;0;0;0;1;0;0;0;0;0;0;0;0;0
280240305000008;8;398;395;101;75;158;27;3;6;1;0;12;0;4;0;10;0;1;0;0;0;0;5;0;0;1;0;2;1;0;0;0;1;0;0;5;9;9;12;9;11;7;10;8;7;9;12;7;8;11;9;6;4;10;9;4;3;11;3;5;5;9;4;9;5;6;8;6;9;4;6;5;6;5;8;5;10;3;3;6;2;2;7;4;0;1;1;3;0;1;4;1;2;1;0;3;6;6;1;3;2;3;2;2;1;2;1;1;2;2;1;1;2;0;0;0;0;1;1;0;0;0;0;0;1;0;0;0;0;0;0;0;0;0;0
280240305000009;8;527;521;134;98;199;30;8;12;6;0;28;1;7;0;3;0;1;0;0;0;0;7;0;0;1;1;1;1;1;1;0;0;0;1;6;11;9;9;14;21;12;14;19;20;6;7;8;12;9;7;8;10;5;9;10;10;3;11;7;13;10;12;9;7;9;10;9;10;7;8;15;5;4;7;6;5;3;6;3;1;4;5;3;6;3;3;3;5;1;7;1;3;1;4;5;5;9;2;4;7;2;4;3;0;2;3;0;0;0;2;0;1;1;0;1;0;0;1;0;1;0;1;1;0;0;0;0;0;0;0;0;0;0;0
280240305000010;8;199;199;65;43;64;16;2;1;0;0;6;0;1;0;0;0;1;0;0;0;0;1;0;0;0;0;0;0;0;0;1;0;0;0;5;5;4;2;3;4;2;6;3;2;3;1;4;3;6;3;2;6;0;3;5;7;4;5;5;8;4;5;2;5;3;1;4;5;2;4;0;2;1;1;3;3;1;5;1;2;2;1;2;0;3;4;2;0;1;1;4;1;1;3;1;0;3;1;2;3;0;2;0;1;0;0;0;1;0;1;0;0;1;0;1;0;0;0;0;0;1;0;0;0;0;0;0;0;0;0;0;0;0;0
280240305000011;5;295;288;83;66;98;20;3;2;2;0;12;1;5;0;3;0;0;0;0;0;0;1;0;0;0;0;1;0;0;0;0;0;0;0;10;3;13;9;5;2;10;7;7;9;3;4;6;5;4;7;4;5;6;3;4;6;8;6;3;6;7;2;3;3;5;4;5;3;5;7;3;5;5;6;6;3;3;5;2;3;3;3;2;2;3;1;2;0;2;1;3;4;0;0;1;1;3;3;2;1;0;2;1;2;2;1;2;1;2;1;0;0;0;1;0;0;0;0;0;1;1;0;0;0;0;0;0;0;0;0;0;0;0;0
280240305000012;5;243;243;67;53;85;17;1;2;1;0;13;0;0;0;3;0;1;0;0;0;0;5;1;0;0;1;1;0;1;0;0;1;0;0;5;6;1;1;3;6;1;3;5;9;8;5;9;6;5;1;3;4;10;6;1;8;3;8;5;6;6;1;2;6;7;4;2;5;1;6;4;3;1;2;5;2;3;5;1;2;2;3;3;1;0;0;0;2;1;2;1;1;0;2;1;2;2;2;2;1;0;2;1;3;1;0;1;1;0;1;1;1;1;0;1;0;0;0;0;0;0;0;0;0;0;0;0;0;0;0;0;0;0;0
280240305000013;8;150;150;44;35;52;8;4;1;1;0;5;0;0;0;0;0;0;0;0;0;0;4;0;0;0;1;0;1;0;0;0;1;0;1;2;5;2;0;3;1;5;7;2;3;2;4;3;5;2;2;2;4;4;4;2;5;2;2;5;0;3;7;0;3;4;1;3;3;3;2;0;1;3;1;2;1;0;1;1;0;2;0;0;4;0;3;0;0;1;1;1;1;0;2;0;2;1;0;1;0;1;0;0;1;0;2;1;0;0;3;0;0;0;0;0;0;1;0;1;0;0;0;0;0;0;0;0;0;0;0;0;0;0;0
280240310000001;1;142;142;50;24;35;19;0;1;1;1;4;0;2;0;3;0;1;0;1;0;0;2;0;1;0;1;0;0;0;0;0;0;0;0;2;1;2;3;2;3;1;2;2;1;3;4;2;0;2;1;2;0;0;3;2;2;0;0;2;3;3;4;1;1;3;2;3;1;5;4;1;2;0;3;3;2;2;1;1;2;0;1;1;4;6;0;1;2;1;1;0;3;1;1;1;3;2;0;3;0;3;0;1;1;2;1;4;0;0;1;0;0;0;0;0;0;3;0;1;0;0;1;0;0;1;0;0;1;0;0;0;0;0;0
280240310000002;8;236;236;63;48;91;15;3;0;5;2;2;0;5;0;1;0;1;0;0;0;0;2;1;0;0;1;0;0;0;0;0;0;0;0;5;4;4;5;6;0;4;6;4;3;6;6;4;11;4;6;4;4;4;4;1;5;2;4;4;4;6;3;7;5;5;4;4;4;2;0;2;2;1;3;7;1;4;5;0;2;4;2;2;2;1;4;1;0;2;4;1;2;1;2;3;1;1;2;2;2;1;0;1;0;3;0;1;0;0;0;1;0;0;1;1;3;1;0;0;1;0;0;0;0;0;0;0;0;0;0;0;0;0;0
280240310000003;8;358;358;94;80;125;19;2;6;2;0;21;0;3;0;6;0;0;0;0;0;0;2;0;0;0;1;0;0;0;0;1;0;0;0;3;6;6;6;3;9;4;6;5;3;8;7;8;6;11;5;11;8;7;5;12;9;7;11;11;7;8;2;6;4;3;5;6;2;2;3;5;6;2;7;8;4;6;4;2;2;3;3;4;1;2;3;5;2;6;6;5;6;5;4;3;0;2;2;2;3;1;0;1;0;0;3;2;2;3;1;1;0;0;2;1;1;0;0;0;0;0;0;0;0;0;0;0;0;0;0;0;0;0;0
280240310000004;4;167;167;46;24;49;31;3;1;1;0;7;2;2;0;1;0;0;0;0;0;0;2;0;0;0;0;0;1;0;0;1;0;0;0;3;1;4;3;2;4;3;3;2;5;5;9;7;8;6;4;1;5;3;5;3;6;0;0;2;2;3;0;2;0;4;3;1;3;4;4;0;3;0;3;3;1;0;2;2;1;1;0;0;0;1;2;1;0;4;1;0;0;0;2;0;5;1;0;0;1;0;0;0;2;0;0;1;0;1;2;0;0;0;0;0;0;2;0;0;1;1;0;0;0;0;0;0;0;1;0;0;0;0;0
280240315000001;1;479;479;139;91;152;60;9;2;1;1;18;0;3;1;1;0;0;1;0;0;0;9;0;1;3;2;0;0;0;0;1;2;0;0;6;8;7;15;5;11;9;11;12;11;12;13;10;15;12;8;13;17;9;5;5;8;8;5;4;8;9;10;7;7;8;6;7;8;10;15;8;5;2;4;4;7;7;4;2;9;0;8;4;1;7;6;1;1;4;4;3;0;2;1;2;2;2;2;2;7;0;3;0;4;4;0;1;2;0;2;0;2;0;1;1;1;1;0;0;1;0;0;1;0;0;1;0;0;0;0;0;0;0;0
280240315000002;1;361;361;115;69;92;36;3;9;1;0;28;1;4;0;2;0;1;0;0;0;0;3;0;0;0;0;0;1;1;0;0;0;1;0;3;3;3;5;5;7;8;2;3;8;6;5;9;7;4;10;4;4;6;4;5;9;7;7;7;8;7;8;6;6;9;4;6;4;7;4;2;4;3;2;7;4;8;10;6;5;8;5;4;2;5;2;2;2;5;5;1;1;5;2;1;3;4;4;1;2;0;5;1;3;5;1;2;0;2;0;0;0;0;3;2;0;2;1;1;1;0;0;1;0;2;0;1;0;0;0;0;0;0;0
280240315000003;8;320;320;85;61;125;30;3;4;0;0;9;0;0;0;3;0;0;0;0;0;0;5;1;1;0;0;0;1;1;0;0;1;0;0;3;8;4;3;5;5;4;10;7;7;7;13;11;7;9;10;9;6;6;3;10;6;5;5;6;7;1;2;7;6;6;2;4;5;4;8;2;4;4;3;4;2;2;3;2;3;2;1;2;4;5;2;5;3;1;3;3;1;6;1;4;0;0;4;4;1;1;2;2;0;4;1;1;0;1;0;0;0;0;1;0;0;0;0;0;0;0;0;0;0;0;0;0;0;0;0;0;0;0;0
280240315000004;8;663;598;185;139;249;57;0;1;0;1;21;0;2;0;8;0;0;0;0;0;0;12;0;2;1;2;1;1;0;1;0;2;0;2;11;11;14;11;13;11;17;15;13;15;16;20;17;21;14;10;15;18;8;10;7;15;7;10;9;5;13;14;4;11;8;10;10;13;15;12;16;10;6;9;4;7;8;8;7;4;1;8;4;4;8;6;4;3;4;5;4;6;7;7;5;0;3;5;8;5;1;1;2;4;2;3;1;0;2;0;0;1;2;2;2;0;0;2;1;1;1;1;1;1;0;0;0;0;0;0;0;0;0;1
280240315000005;5;313;310;83;55;105;38;0;4;1;0;17;0;2;0;5;0;0;0;0;0;0;2;0;0;0;0;0;0;0;0;0;1;0;1;9;8;8;7;7;6;13;5;6;4;12;7;9;8;11;7;3;6;7;5;5;3;1;4;10;2;10;2;6;6;6;3;5;3;5;9;1;2;4;4;5;3;2;2;3;4;0;0;1;1;2;2;0;4;3;3;3;4;4;0;2;2;1;2;2;1;0;3;3;0;1;0;2;1;0;0;0;1;0;0;1;1;1;1;0;0;0;0;0;0;0;0;0;1;0;0;0;0;0;0
280240315000006;8;372;372;115;91;128;22;2;2;0;1;7;0;3;1;0;0;0;0;0;0;0;7;0;0;1;0;0;0;1;1;3;0;1;0;4;9;5;7;4;12;3;7;9;11;3;6;8;10;2;5;6;9;5;7;10;6;4;9;5;7;5;5;6;13;8;6;5;6;7;11;6;6;3;3;4;1;6;3;4;4;11;5;3;3;1;2;3;3;6;0;2;2;5;0;1;2;4;2;2;3;2;3;1;3;1;1;2;1;0;2;1;0;0;0;0;0;1;0;0;0;1;0;0;0;0;1;0;0;0;0;0;0;0;0
280240315000007;8;291;291;98;71;106;10;0;0;1;0;3;0;1;0;1;0;0;0;0;0;0;5;1;1;0;1;0;0;0;0;1;1;0;0;8;6;2;6;5;3;7;7;7;7;9;5;2;4;7;6;7;6;5;5;2;4;10;5;5;4;6;2;3;6;6;1;9;3;9;5;3;3;1;5;3;7;0;0;5;5;2;3;2;7;2;3;2;1;4;0;1;2;4;3;1;4;1;2;0;1;2;3;1;2;0;1;2;0;0;1;0;0;1;0;0;0;0;1;0;0;1;0;0;0;0;0;0;0;0;0;0;0;0;0
280240315000008;8;240;240;69;53;79;27;1;3;0;0;7;0;0;0;1;0;0;0;0;0;0;9;1;0;1;0;1;0;0;0;0;2;2;2;6;4;6;2;7;7;3;1;7;8;10;1;3;4;4;3;4;7;5;4;5;6;7;6;4;0;4;5;3;3;7;4;4;2;2;4;5;4;4;3;1;2;1;2;2;1;1;5;5;1;1;3;1;2;1;0;3;1;1;1;3;1;0;1;1;0;1;1;0;1;3;0;2;1;0;1;0;0;1;0;0;0;0;0;0;0;0;0;1;0;0;0;0;0;0;0;0;0;0;0
280240315000009;8;263;263;75;60;105;12;0;0;0;0;9;0;1;0;1;0;0;0;0;0;0;3;0;0;0;0;0;1;0;0;0;1;1;0;2;2;7;7;1;4;5;6;4;9;6;9;3;6;7;4;5;7;6;7;7;5;3;4;4;0;8;1;3;7;6;6;5;9;6;0;2;3;1;2;4;3;2;1;3;5;0;1;4;2;2;2;0;0;1;3;0;4;2;4;1;3;2;1;0;2;0;2;2;2;2;3;1;1;1;2;1;0;0;1;0;0;0;0;0;0;0;0;0;0;0;0;0;0;0;0;0;1;0;0
280240315000010;8;493;493;136;106;183;44;8;3;2;1;8;0;1;0;0;1;0;0;0;0;0;11;2;3;2;3;0;0;0;0;0;0;1;0;11;9;9;11;7;4;9;5;10;14;13;8;13;11;15;14;5;8;11;9;12;7;16;12;6;13;7;1;9;6;9;4;7;8;8;3;5;4;7;7;9;6;9;7;6;3;9;7;3;3;8;3;3;3;5;3;3;6;2;1;2;2;1;2;7;2;1;1;1;4;2;1;0;2;1;0;0;0;1;1;0;1;0;0;1;0;1;0;2;0;0;0;0;0;0;0;0;0;0;0
280240315000011;8;195;195;57;49;75;4;1;0;0;1;5;0;1;0;2;0;0;0;0;0;0;3;0;0;0;0;0;0;0;1;2;0;0;0;1;4;2;3;2;6;6;2;5;7;6;6;4;4;6;4;3;2;5;3;1;2;4;0;3;3;4;2;3;2;0;3;1;2;2;4;6;3;3;1;4;2;0;4;3;2;3;2;1;3;1;2;0;1;4;1;3;1;0;3;3;0;4;1;1;1;0;0;0;3;1;2;0;1;2;1;0;0;0;1;0;0;0;1;0;0;0;0;0;0;0;0;0;0;0;0;0;0;0;0
280240315000012;7;201;201;54;48;82;8;4;1;0;0;4;0;0;0;0;0;0;0;0;0;0;4;0;0;2;1;0;0;0;0;0;0;1;0;2;4;2;5;3;4;8;3;4;4;6;6;4;6;9;9;1;9;3;3;1;5;3;5;4;1;4;0;5;5;0;1;1;4;6;2;2;5;2;2;2;1;3;3;1;4;2;2;1;4;0;2;3;1;1;3;2;1;0;2;0;1;0;0;1;0;1;0;0;0;0;1;0;0;0;0;0;0;0;0;0;0;0;1;0;0;1;0;0;0;0;0;0;0;0;0;0;0;0;0
280240315000013;8;386;386;115;91;141;27;0;1;0;0;3;0;5;0;1;0;2;0;0;0;0;8;0;2;1;1;1;0;0;1;0;0;1;1;8;2;10;8;7;11;11;8;8;3;8;12;11;8;5;7;9;6;7;7;3;8;4;14;6;7;9;5;12;10;5;2;5;5;6;5;5;5;4;5;7;5;4;4;4;7;3;6;4;2;3;2;1;1;2;5;3;4;1;1;1;3;4;2;1;3;2;1;0;0;1;1;0;0;0;0;1;0;0;2;1;1;2;0;1;0;0;0;0;0;0;1;0;0;0;0;0;0;0;0
280240315000014;8;366;366;104;80;141;17;4;1;1;0;15;0;1;0;1;1;0;0;0;0;0;3;0;1;0;0;0;0;0;1;0;1;0;0;7;7;7;6;7;6;5;9;8;8;5;7;7;5;6;6;13;7;5;5;10;9;6;5;5;9;9;8;5;6;3;6;4;6;7;3;3;8;5;2;3;2;2;5;7;2;4;7;7;3;2;4;5;5;3;6;7;1;7;1;0;4;4;1;4;0;0;0;1;1;2;1;2;0;2;1;0;0;0;1;0;0;0;0;0;0;0;0;1;0;0;0;0;0;0;0;0;0;0;0
280250205000001;1;1006;1006;306;187;244;167;30;7;1;1;39;0;6;1;16;0;1;0;0;0;0;14;1;1;1;1;1;1;0;0;2;3;1;2;16;18;11;12;18;15;15;15;23;23;21;19;25;22;22;30;21;16;21;21;22;16;16;28;12;21;15;26;22;16;20;10;18;13;12;17;19;21;9;10;14;12;18;16;8;8;11;9;9;12;8;9;5;6;6;6;7;8;4;5;7;5;4;5;3;4;6;6;5;3;1;4;2;3;4;2;0;2;1;2;1;3;3;0;2;1;2;0;0;0;0;0;1;2;0;0;0;0;0;0
280250205000002;1;837;837;265;163;206;110;15;7;3;3;44;2;7;0;9;3;0;0;0;0;0;11;1;0;1;3;0;1;1;0;0;1;2;1;8;9;11;10;11;12;16;12;7;27;17;15;12;25;21;16;18;6;8;15;7;21;11;25;12;15;17;9;13;16;13;8;9;15;17;13;16;15;12;13;9;15;9;15;11;8;12;6;8;7;9;10;8;8;8;11;7;9;1;5;6;5;6;4;4;8;8;8;2;3;3;2;2;2;4;2;1;5;2;0;1;1;2;1;3;0;1;0;1;1;1;3;0;2;2;0;0;0;0;1
280250205000003;5;364;364;106;64;94;67;1;3;1;0;15;0;3;1;9;0;0;0;0;0;0;5;0;0;0;0;0;0;0;1;1;0;2;1;2;3;5;6;8;4;6;4;4;5;9;9;7;13;11;13;9;12;3;8;6;7;5;9;6;7;8;4;7;6;4;4;11;6;12;5;8;5;8;4;5;3;1;6;4;6;2;1;3;2;2;1;0;7;1;2;2;2;3;6;1;1;2;4;1;2;2;2;2;1;2;0;1;1;0;0;0;1;0;0;0;0;0;0;1;0;0;1;2;0;0;0;0;0;0;0;0;0;0;0
280250205000004;8;293;293;94;48;76;39;8;3;3;0;13;0;7;0;2;0;0;0;0;0;0;11;2;1;1;2;0;0;1;2;0;0;1;1;7;10;5;6;7;5;4;9;1;8;5;5;7;9;2;6;10;1;4;3;0;7;5;8;3;3;4;11;6;9;6;0;5;7;1;4;2;3;4;4;3;4;1;8;1;0;2;4;7;3;2;3;1;3;3;5;2;3;2;2;2;0;1;2;1;0;1;0;2;0;1;2;1;1;0;0;2;0;0;0;0;0;0;0;1;0;0;0;0;0;0;0;0;0;0;0;0;0;0;0
280250205000005;8;429;429;111;71;119;74;4;11;0;1;28;3;2;0;3;0;1;0;1;0;0;14;0;0;1;3;3;0;1;3;0;1;1;1;6;3;9;10;13;10;8;7;14;9;10;12;10;8;3;9;7;9;11;7;10;12;7;7;10;8;14;12;5;4;6;4;9;4;3;5;4;6;4;3;4;3;7;3;6;3;4;1;7;5;2;4;2;1;6;5;2;1;5;2;3;0;0;1;2;2;1;0;2;1;1;2;0;0;2;0;3;1;1;0;3;1;0;1;0;0;0;2;0;0;1;0;0;0;0;0;0;0;0;0
280260105000001;1;695;695;225;117;158;94;3;4;22;3;32;0;21;1;1;3;10;0;1;0;0;11;0;0;2;0;2;0;0;1;1;1;3;1;6;11;11;10;7;10;9;9;16;18;12;14;17;15;13;17;24;10;17;16;11;10;10;8;8;1;7;15;10;9;15;11;5;10;3;6;11;5;5;11;9;12;12;9;9;15;14;8;11;5;3;11;7;3;9;3;5;6;3;6;7;8;4;3;5;6;6;3;4;0;5;1;5;3;7;1;0;2;1;4;2;3;0;1;1;2;2;2;1;0;0;0;0;0;0;0;0;0;1;1
280260105000002;1;775;775;244;162;199;80;9;6;9;3;41;0;8;1;4;1;8;0;0;0;0;11;0;1;0;1;0;1;1;3;2;0;0;2;10;6;8;15;11;4;11;15;5;15;10;10;15;12;15;16;12;15;14;13;9;12;13;8;18;9;15;17;12;9;16;9;11;10;15;9;8;10;12;13;15;10;9;13;11;10;7;14;11;10;14;6;10;11;5;7;3;5;8;6;4;5;4;4;4;5;7;8;6;11;3;3;11;6;1;5;4;1;3;3;0;1;0;2;1;1;0;2;0;3;3;0;1;0;0;0;0;0;0;0
280260105000003;8;267;235;94;60;81;17;4;2;1;1;6;0;0;0;0;0;0;0;1;0;0;3;1;1;0;0;0;0;1;0;0;0;0;0;2;6;9;7;3;2;4;2;3;4;5;5;7;4;4;4;6;5;5;6;7;2;4;2;1;4;1;4;3;3;5;6;6;4;3;1;11;8;8;3;5;3;3;2;2;3;0;4;5;3;2;3;0;0;4;3;3;3;2;6;2;2;1;1;2;3;0;0;0;4;0;2;2;0;0;0;2;1;1;0;0;1;1;2;1;1;0;0;0;0;0;0;0;0;0;0;0;0;0;0
280260105000004;8;291;291;100;56;61;25;0;1;16;1;8;0;16;1;4;0;2;0;0;0;0;4;0;1;0;0;0;0;0;0;1;0;0;2;5;6;8;2;6;3;6;7;2;7;8;5;5;7;5;6;5;2;7;7;2;5;5;4;3;6;4;7;1;5;6;5;5;1;3;3;2;0;3;2;2;3;3;4;3;6;4;4;1;8;3;1;0;3;1;4;3;6;2;2;1;1;2;2;3;3;1;2;0;1;1;2;0;3;0;0;2;2;2;1;1;3;1;0;1;1;2;2;0;0;0;1;0;0;0;0;0;0;1;1
280260105000005;8;646;637;196;126;202;66;4;3;2;1;30;0;10;0;1;4;1;0;0;0;0;11;0;1;0;1;2;2;1;2;0;2;0;0;9;8;5;13;14;10;12;10;12;16;9;10;13;11;13;17;16;11;5;14;10;9;5;13;8;9;9;12;14;8;7;8;11;13;12;9;5;12;7;8;9;8;10;6;6;12;8;7;5;3;6;9;8;7;6;10;5;9;5;2;6;2;6;5;3;1;4;1;1;4;2;3;5;2;2;5;2;1;4;1;5;1;0;3;2;3;0;0;0;1;0;0;1;1;0;0;0;0;0;0
280260105000006;8;251;251;71;46;71;28;0;3;6;0;19;0;2;0;2;2;1;0;0;0;0;4;0;1;1;0;1;0;1;0;0;0;0;0;4;2;7;9;5;6;5;3;4;4;6;7;2;4;3;3;4;3;1;2;6;3;1;4;4;5;5;0;1;5;4;6;4;5;2;4;7;1;3;4;4;4;2;0;3;1;4;2;4;5;1;3;2;2;3;2;4;2;3;2;0;4;3;1;2;3;2;1;2;2;0;2;1;2;2;1;2;1;0;0;0;1;0;2;0;0;1;0;0;0;0;0;0;1;0;0;0;0;0;0
280260105000007;8;352;352;93;56;96;32;0;2;20;1;25;0;18;0;6;2;1;0;0;0;0;7;1;2;0;0;0;0;0;1;1;2;0;0;10;3;7;7;5;3;10;5;8;8;9;5;8;11;10;7;11;2;7;7;6;12;3;6;5;4;7;7;7;7;8;3;4;4;4;3;4;2;6;3;3;4;2;3;4;5;3;3;4;1;6;0;3;5;4;3;2;2;2;2;1;3;3;6;3;3;1;0;0;0;1;0;1;2;2;1;1;1;0;1;0;2;1;1;0;0;0;0;0;0;0;0;1;0;1;0;0;0;0;0
280260105000008;8;671;671;185;141;227;62;14;6;3;0;22;0;3;1;5;2;0;0;0;0;0;9;1;3;0;0;0;0;2;1;0;0;2;0;10;8;13;17;11;17;17;10;16;15;7;16;10;19;19;17;13;18;19;8;10;11;13;16;14;11;12;14;15;15;8;10;10;5;7;6;11;9;8;11;5;5;5;7;8;4;7;7;10;3;3;1;5;6;10;11;7;3;4;3;7;7;1;4;1;4;4;0;2;3;2;4;3;0;0;1;1;1;0;3;1;0;0;0;0;0;1;0;0;0;0;1;0;0;0;0;0;0;0;1
280260105000009;8;464;464;134;102;165;29;8;4;1;1;13;0;1;0;1;2;3;0;0;0;0;8;0;1;3;0;0;0;0;1;1;0;0;2;4;9;7;10;9;5;14;8;11;8;3;11;13;14;4;13;10;11;6;7;9;11;4;9;7;9;9;6;9;5;6;10;6;8;4;7;3;3;7;3;5;5;6;8;4;2;5;3;6;3;8;3;4;3;4;4;4;2;1;4;4;9;2;0;1;4;4;2;2;3;2;3;2;3;4;0;0;0;2;3;1;0;4;0;1;2;0;1;0;1;0;0;0;0;0;0;0;0;0;0
280260105000010;1;575;575;163;121;192;50;7;6;5;0;25;0;0;0;4;1;1;0;0;0;0;14;1;2;1;2;0;1;1;0;1;2;1;2;12;8;10;8;6;10;7;15;10;12;12;15;22;16;13;11;8;11;9;8;15;17;7;12;5;6;14;9;13;9;14;6;8;15;14;6;10;6;4;8;11;5;4;12;4;6;5;1;6;6;4;3;5;3;3;4;4;2;4;3;3;1;3;5;4;6;2;3;1;2;1;0;2;1;1;0;3;0;0;0;1;0;0;1;0;1;0;0;1;0;0;1;0;2;0;0;0;0;0;0
280260105000011;1;658;658;199;149;196;60;5;5;4;1;24;0;4;0;11;0;0;0;0;0;0;9;0;1;0;0;1;2;0;1;2;0;1;1;7;9;13;8;16;16;10;11;9;15;8;14;13;9;12;10;18;9;12;16;11;9;21;16;12;13;9;19;12;14;6;8;18;9;9;14;7;13;10;8;5;6;7;10;5;14;12;7;4;10;4;7;4;3;5;5;4;2;4;5;5;6;7;3;1;3;2;1;2;5;1;1;1;1;2;0;1;3;1;1;0;0;0;0;0;1;0;0;2;0;1;0;1;0;0;0;1;0;0;0
280270005000001;1;746;746;201;121;153;143;11;13;10;0;70;3;8;0;10;3;0;0;0;0;0;15;1;1;1;0;3;0;3;0;1;2;2;1;9;18;10;13;17;10;11;10;15;23;19;23;12;15;15;21;11;15;11;20;10;9;9;15;14;10;12;14;9;11;15;4;10;15;11;13;14;11;12;8;15;7;7;8;11;5;12;6;8;4;4;5;4;3;1;9;1;3;3;10;4;4;2;6;4;1;3;3;4;2;1;2;4;8;5;4;3;2;2;3;1;3;2;1;0;0;0;0;0;0;0;1;0;2;1;1;1;0;0;1
280270005000002;1;795;795;221;138;219;88;4;11;11;2;73;1;6;1;15;5;0;0;0;0;0;11;0;0;0;0;0;0;1;1;4;1;3;1;15;14;14;11;14;12;13;9;16;21;15;14;14;16;14;13;8;23;11;17;15;12;13;15;9;11;16;14;8;10;10;12;13;8;8;10;14;5;12;14;12;13;13;13;7;8;15;14;9;15;5;6;3;5;4;6;4;4;5;4;7;4;3;5;3;4;6;7;5;7;8;4;2;4;0;4;2;0;4;1;4;2;1;2;3;2;3;1;0;1;3;1;2;1;0;0;0;0;0;0
280270005000003;1;805;805;207;130;159;161;4;19;2;2;94;9;8;0;10;0;0;0;0;0;0;19;2;3;1;4;1;0;0;1;0;6;0;1;13;17;19;20;10;13;14;11;16;19;14;16;13;20;20;19;16;17;16;23;19;15;12;19;16;10;14;8;7;10;11;13;12;8;11;12;9;13;11;8;6;7;8;13;7;5;6;6;8;9;10;1;4;16;5;8;9;5;7;2;3;6;1;1;6;3;4;3;3;4;5;1;0;7;3;1;3;2;1;5;2;3;4;3;2;0;0;0;0;1;0;0;1;1;0;0;0;0;0;1
280270005000004;1;1243;1243;327;216;377;165;13;16;9;0;91;4;10;0;15;0;0;0;0;0;0;31;3;6;2;2;1;0;2;2;4;4;2;3;27;30;30;29;24;25;21;23;27;32;27;36;20;27;26;35;21;30;21;21;23;25;20;25;25;20;20;22;24;20;19;17;20;25;20;11;15;16;13;13;14;15;9;6;14;11;11;9;16;10;5;3;12;12;10;5;2;2;11;12;4;9;2;5;4;5;4;0;5;8;3;4;4;5;1;4;4;7;4;0;4;1;0;2;0;1;2;2;2;0;0;0;0;1;0;0;0;0;1;0
280270005000005;1;669;668;162;111;219;101;11;6;4;0;41;1;4;0;3;6;0;0;0;0;0;18;2;2;1;3;1;3;2;1;2;1;0;0;23;18;19;21;13;17;17;18;16;15;20;11;15;22;16;16;11;10;19;16;13;9;7;10;9;13;11;10;12;10;3;10;4;10;9;9;6;7;9;3;4;3;8;13;5;4;4;3;7;3;7;5;4;2;2;5;7;7;6;3;1;4;2;0;1;3;5;2;2;1;2;0;1;1;1;2;2;3;0;1;0;1;1;0;1;0;1;0;2;0;0;1;0;1;0;0;0;0;0;0
280270005000006;8;46;46;13;8;14;2;3;1;0;0;4;1;0;0;0;0;0;0;0;0;0;1;0;0;0;0;0;0;0;0;0;1;0;0;1;2;2;1;1;1;0;3;1;2;1;1;0;1;1;1;0;2;0;0;0;1;0;0;0;1;1;2;0;1;1;1;0;0;2;0;0;0;0;2;2;0;0;0;1;1;0;1;0;0;0;0;0;0;0;0;0;4;0;0;0;0;1;1;0;0;0;0;0;0;0;0;0;0;0;0;0;0;0;0;0;0;0;0;1;0;0;0;0;0;0;0;0;0;0;0;0;0;0;0
280270005000007;5;421;421;112;68;130;37;1;1;25;0;17;1;21;0;8;0;0;0;0;0;0;5;0;0;0;0;1;0;2;0;0;1;0;1;2;12;5;4;6;7;11;8;12;13;10;12;6;11;8;12;8;10;7;6;5;9;6;3;6;3;4;3;8;7;9;8;5;5;9;4;5;5;9;3;3;5;3;6;6;13;3;1;2;3;4;4;6;3;6;1;3;2;3;1;4;2;2;3;3;4;5;2;2;2;0;0;0;3;3;3;2;1;2;3;0;1;0;1;2;0;0;0;0;1;0;0;0;0;0;0;0;0;0;1
280270005000008;5;246;246;60;41;74;42;2;5;0;1;19;1;0;0;1;0;0;0;0;0;0;3;0;1;0;0;0;0;0;0;0;0;2;0;6;2;6;5;7;6;2;7;6;7;7;5;4;7;5;3;5;5;6;5;7;7;0;3;1;3;5;8;4;3;3;3;6;0;1;2;1;3;2;2;2;3;1;2;1;3;4;2;1;3;2;1;1;0;3;1;4;1;3;3;0;2;4;3;1;1;0;4;2;3;0;1;0;0;2;0;2;1;0;1;0;1;0;1;0;0;0;0;0;0;1;0;0;0;1;0;0;0;0;1
280270005000009;8;118;118;32;19;41;19;0;1;1;0;5;0;0;0;0;0;0;0;0;0;0;5;0;0;0;0;1;2;0;0;1;1;0;0;3;4;5;3;0;4;4;0;3;3;1;3;2;3;1;1;5;1;3;2;4;3;1;3;2;0;3;3;3;0;3;1;1;0;2;1;2;0;1;0;0;0;2;2;2;1;1;2;1;2;2;1;2;0;0;0;0;0;1;0;1;0;1;1;3;0;1;0;2;0;0;0;0;0;0;0;0;1;0;0;0;0;0;0;0;0;0;0;0;0;0;0;0;0;0;0;0;0;0;0
280270005000010;5;750;750;199;133;245;82;2;17;6;2;38;1;12;0;13;0;0;0;0;0;0;9;1;2;0;0;1;1;0;0;1;1;2;0;9;12;18;12;11;13;11;11;17;23;13;14;21;16;16;18;15;16;24;20;14;12;14;11;8;11;11;10;13;11;16;4;8;10;13;11;10;11;8;10;13;8;6;4;7;9;6;7;8;6;3;3;7;7;4;6;6;7;6;7;6;5;1;2;2;2;5;3;5;4;3;4;8;6;2;2;1;3;2;3;3;1;2;1;1;0;2;3;0;1;0;2;0;0;0;0;0;0;0;0
280270005000011;5;431;431;106;74;123;48;0;4;17;2;36;1;12;0;8;0;0;0;0;0;0;7;1;1;1;0;0;0;0;2;0;1;1;0;6;10;9;13;4;3;12;8;15;10;9;10;12;13;19;6;15;13;11;8;4;3;4;14;6;7;6;5;7;2;5;2;5;4;5;9;4;5;4;8;4;7;3;1;7;6;4;7;9;3;4;2;2;2;3;2;2;1;1;2;0;3;1;4;3;1;3;1;3;2;2;1;1;1;1;1;2;1;1;1;0;1;0;0;0;0;0;1;0;1;0;0;0;1;0;0;0;0;0;0
280270005000012;5;901;901;237;158;305;114;4;15;5;0;46;2;2;2;9;0;2;0;0;0;0;10;1;1;1;0;0;0;2;1;0;2;2;0;16;21;17;17;16;20;16;21;20;22;22;20;35;19;32;18;25;19;18;19;18;9;12;18;16;13;13;20;10;14;9;14;15;9;11;12;13;9;13;11;8;8;12;5;12;9;8;9;10;8;7;3;8;5;8;6;8;3;9;6;4;2;3;3;4;3;3;4;1;6;2;2;1;2;4;2;3;4;6;2;1;0;0;1;3;0;0;0;0;0;0;0;0;1;0;0;0;0;0;0
280270005000013;1;653;653;180;105;162;108;23;8;2;0;39;0;10;0;12;4;0;0;0;0;0;18;1;2;3;3;0;1;2;1;3;0;0;2;18;13;11;18;18;12;16;11;18;18;16;16;15;19;20;19;10;16;18;12;16;13;11;10;8;10;14;12;11;8;10;10;7;12;6;7;10;4;11;7;8;3;8;4;4;6;5;5;4;5;5;5;3;3;3;5;2;4;3;1;3;2;5;1;5;3;1;0;1;2;1;1;1;1;2;0;1;0;0;5;0;1;1;0;0;0;0;0;0;0;0;0;0;0;0;1;0;0;0;0
280270005000014;1;524;524;137;89;161;75;7;8;4;0;27;0;7;0;5;4;0;0;0;0;0;12;1;0;1;0;3;0;1;1;2;1;0;2;15;7;15;14;8;17;7;12;18;15;13;14;15;15;14;13;11;8;12;9;4;11;9;11;6;8;10;8;9;8;4;7;7;6;10;7;5;9;3;3;2;7;1;6;2;4;7;9;3;4;1;4;3;3;5;1;7;4;3;1;3;4;2;0;2;2;3;1;1;1;1;1;4;1;2;0;2;0;2;1;0;0;0;0;0;2;0;1;0;1;0;0;0;0;1;0;0;0;0;0
280280905000001;1;953;952;238;141;243;150;10;5;37;0;37;1;68;5;16;0;2;0;0;0;0;23;3;1;1;7;3;1;1;0;2;0;1;3;13;20;21;22;27;26;27;32;33;31;24;24;30;19;29;14;25;19;18;17;19;11;15;14;17;22;17;12;17;10;15;13;22;15;12;16;18;12;11;7;7;14;8;8;9;5;6;9;7;7;8;3;4;9;11;1;4;3;2;4;4;3;3;2;3;1;1;1;1;1;0;4;1;2;0;2;1;0;1;0;0;0;1;0;0;0;0;0;0;1;0;1;0;0;0;0;1;0;0;0
280280905000002;1;779;778;183;93;172;154;14;19;6;1;96;4;8;1;19;4;5;0;0;0;0;16;2;0;3;1;1;2;0;0;5;1;0;1;17;12;25;19;12;16;16;19;11;24;17;22;15;19;18;18;13;20;20;17;11;15;17;14;18;17;13;22;9;17;10;10;5;8;14;6;7;4;3;11;5;8;3;9;7;3;9;4;4;9;4;9;6;7;5;4;7;6;5;6;3;2;6;5;4;3;1;1;4;4;3;3;2;0;2;0;1;2;3;3;0;0;1;3;0;1;0;3;0;0;0;0;0;0;0;0;0;0;0;2
280280905000003;1;968;968;250;163;257;137;33;10;4;3;72;0;10;0;16;11;2;0;0;0;0;23;3;5;0;1;3;2;1;0;4;1;1;2;23;26;25;22;31;28;25;12;29;18;21;22;15;17;24;20;25;14;15;16;26;24;13;28;24;9;20;15;19;10;21;12;17;10;20;17;11;9;7;9;5;13;13;11;5;12;7;5;9;8;10;2;4;6;10;6;7;5;3;4;5;4;3;3;4;3;0;2;2;3;2;3;0;2;1;1;2;0;1;1;0;0;0;0;0;1;1;0;0;2;1;2;1;0;0;1;0;0;0;0
280280905000004;1;1157;1154;345;185;275;184;19;7;12;1;67;0;26;1;27;1;5;0;2;0;0;21;5;2;0;1;1;0;1;4;1;3;1;2;21;23;18;23;17;23;18;18;27;32;21;24;16;21;29;26;21;19;23;16;19;20;21;27;22;32;27;20;22;26;20;22;22;18;19;12;11;16;14;15;11;19;16;12;19;5;13;14;7;8;9;7;2;15;11;5;5;10;7;5;10;8;5;3;9;3;3;5;5;5;3;2;1;3;2;2;0;4;2;4;2;2;3;1;1;2;0;2;0;1;0;1;0;0;0;0;1;0;0;0
280280905000005;1;1037;1036;296;165;216;146;9;16;7;1;123;5;22;2;16;2;9;0;2;0;0;18;1;2;2;0;0;2;1;2;1;2;0;5;21;29;21;16;12;16;16;19;17;27;15;20;21;16;15;22;15;21;19;8;17;14;23;17;24;25;17;19;19;15;17;16;12;16;9;13;11;9;20;15;14;19;11;8;11;11;8;5;8;7;8;12;10;8;8;10;8;8;6;8;7;6;5;7;5;8;8;10;8;8;3;10;3;3;6;4;6;3;5;7;1;2;3;2;0;1;0;3;1;0;1;0;1;0;0;0;0;0;0;0
280280905000006;8;406;406;102;64;154;42;16;4;2;0;12;0;3;0;5;0;0;0;2;0;0;10;3;1;0;0;0;0;2;0;2;1;1;0;11;9;7;17;8;8;12;11;10;18;8;14;11;9;14;10;7;10;3;5;8;11;4;6;5;4;4;3;7;5;3;7;9;5;8;5;4;4;6;5;1;3;5;3;6;2;4;4;6;1;4;3;6;1;1;4;1;2;1;3;1;2;1;0;0;0;1;1;0;1;1;3;2;1;1;0;0;0;0;0;0;1;0;2;0;0;1;0;0;1;0;0;0;0;0;0;0;0;0;0
280280905000007;8;510;507;109;75;183;63;13;10;5;0;26;0;8;0;14;1;0;0;0;0;3;12;1;0;2;1;0;0;1;2;1;1;1;2;11;12;12;15;13;10;14;14;14;15;19;13;16;10;14;20;9;14;12;5;2;9;6;9;9;11;9;8;10;5;8;2;5;5;8;9;6;5;5;4;6;3;4;4;7;8;2;2;3;3;3;3;2;5;5;1;2;2;4;2;0;2;0;1;1;0;2;1;1;0;3;3;1;0;0;1;2;3;2;0;0;0;2;1;1;0;1;0;1;0;0;0;0;0;0;0;1;0;0;0
280280905000008;5;651;651;156;108;223;62;4;13;8;1;45;3;13;2;11;0;2;0;0;0;0;8;1;2;1;0;1;0;0;0;1;1;1;0;11;6;15;18;12;11;14;17;15;9;11;14;8;12;7;16;16;12;13;10;15;21;16;13;15;13;12;12;11;13;4;10;16;8;12;8;4;12;9;9;6;5;9;5;4;8;5;5;2;5;2;6;5;5;3;3;2;3;5;7;5;3;2;6;3;4;3;3;2;5;1;7;4;3;4;1;1;1;1;1;0;2;1;0;1;1;0;0;0;1;0;0;0;0;2;0;0;0;0;0
280280905000009;5;924;919;211;131;283;122;9;18;6;0;93;5;15;0;23;8;0;0;0;0;0;21;0;1;1;1;1;1;0;2;2;2;5;5;20;21;19;24;24;17;26;28;22;17;23;18;38;25;15;24;22;13;15;16;21;17;15;16;16;11;9;9;13;7;10;11;13;9;12;15;12;11;15;12;9;8;13;12;13;6;6;9;4;5;6;2;4;4;8;5;6;7;7;4;4;4;6;8;4;3;1;7;5;6;2;1;1;4;3;3;4;2;3;5;1;1;1;0;1;0;1;0;0;0;2;0;1;0;0;0;0;0;0;0
280280905000010;5;392;390;111;59;100;62;5;7;1;0;30;4;3;1;7;0;2;0;0;0;0;6;1;0;0;1;1;0;2;0;0;0;0;1;2;8;9;7;14;3;4;7;7;7;15;11;10;2;7;6;12;13;3;9;4;6;5;6;9;8;6;5;3;5;6;11;3;5;3;5;8;6;4;4;5;3;5;2;1;6;7;4;2;3;4;1;1;6;4;2;4;8;1;4;1;1;1;1;3;0;1;1;2;1;3;0;2;5;3;1;2;1;1;4;0;0;3;2;2;0;1;0;0;2;0;1;0;0;0;0;0;0;0;0
280280905000011;8;245;245;59;31;77;33;1;3;3;0;28;0;6;0;4;0;0;0;0;0;0;3;0;0;0;0;2;1;0;0;0;0;0;0;4;3;6;5;5;4;9;4;9;8;6;4;10;3;7;6;10;4;5;4;5;3;2;10;6;4;1;3;3;8;1;1;0;1;5;2;3;4;4;2;0;3;0;8;3;1;3;3;0;0;2;0;1;2;1;2;1;2;2;1;0;1;1;2;2;0;1;2;2;1;0;2;1;1;2;0;0;0;0;1;1;0;1;0;0;0;0;0;0;0;1;0;0;0;0;0;0;0;0;1
280280905000012;5;627;627;150;110;263;43;13;5;2;2;34;0;1;0;0;0;4;0;0;0;0;12;2;0;2;1;1;1;1;0;2;1;0;1;18;15;15;13;20;16;12;18;15;22;21;14;7;14;11;12;16;9;16;16;17;8;10;19;10;11;10;8;11;10;1;2;8;10;9;3;10;6;4;7;5;7;7;5;4;8;8;2;3;10;3;6;8;6;3;4;3;2;4;1;4;1;3;1;1;3;3;1;2;3;1;3;1;0;0;3;2;1;1;1;0;1;0;0;2;0;0;0;0;1;1;0;1;0;1;0;0;0;0;0
280280905000013;8;165;165;43;30;56;17;3;0;0;0;11;0;4;0;1;0;0;0;0;0;0;1;0;0;0;0;0;0;0;1;0;0;0;0;4;0;3;3;2;2;2;3;2;8;6;3;7;4;4;10;9;1;2;3;0;2;3;3;5;2;2;4;1;2;0;1;1;2;5;1;2;2;0;2;0;4;5;2;1;2;3;3;1;1;1;0;1;1;0;0;2;1;1;0;3;3;1;0;1;1;1;1;1;1;0;0;0;2;2;0;0;0;0;0;0;0;0;0;0;0;0;0;0;0;0;0;0;0;0;0;0;0;0;0
280280905000014;7;388;388;84;58;139;35;9;6;0;3;39;0;2;0;5;3;5;0;0;0;0;4;0;0;0;1;0;0;0;0;0;0;2;1;8;12;6;8;10;4;11;7;7;14;10;10;7;7;11;17;5;11;9;9;6;13;8;10;2;10;7;4;6;7;6;3;4;2;5;2;1;5;3;6;4;5;6;1;0;6;3;5;3;5;2;2;3;1;4;0;3;3;4;3;2;0;3;2;1;2;3;1;5;1;2;2;0;1;0;0;1;1;1;0;0;0;0;0;0;0;0;0;0;0;0;0;0;0;0;0;0;0;0;0
280280905000015;5;481;481;111;86;200;33;8;3;4;0;34;0;1;0;0;1;0;0;0;0;0;15;0;2;3;3;0;4;1;1;0;0;0;1;6;9;12;10;9;10;15;13;12;15;20;13;16;14;14;11;13;9;8;4;9;14;8;2;9;10;6;3;10;9;8;5;4;6;5;4;3;6;7;5;8;2;7;5;5;5;6;2;7;6;4;2;1;3;1;5;4;2;2;2;0;1;3;1;4;2;0;0;0;2;0;0;0;1;0;0;1;3;0;1;0;0;0;0;0;0;0;0;1;0;0;0;1;0;0;0;0;0;0;0
280280905000016;8;468;468;104;73;153;62;7;7;7;1;25;0;17;0;12;0;0;0;0;0;0;7;1;1;2;0;0;3;0;0;0;0;0;0;5;18;8;14;14;13;8;19;17;14;19;9;6;16;11;11;8;12;10;10;10;9;11;10;4;6;11;11;2;3;5;7;5;3;9;6;4;3;6;3;5;3;4;1;2;5;1;2;3;1;2;3;1;5;7;6;4;3;5;4;0;5;0;3;3;0;0;0;0;3;0;1;1;1;1;0;1;1;1;0;1;0;0;1;0;0;0;0;0;0;0;0;0;0;0;1;0;0;0;0
280280905000017;8;560;560;130;96;198;70;13;5;6;0;25;1;11;0;5;0;0;0;0;0;0;7;1;0;0;0;0;0;1;2;1;1;0;1;12;13;10;15;6;13;22;9;11;19;18;12;11;23;18;22;13;10;16;8;8;16;12;6;11;10;6;9;6;6;8;6;12;8;8;15;8;6;9;6;6;4;6;4;2;11;2;5;3;9;1;4;3;1;7;2;1;2;1;4;1;2;0;0;2;3;2;0;0;1;0;0;0;0;0;0;0;3;0;0;0;1;0;0;1;1;0;0;0;0;0;0;0;0;0;0;0;1;0;0
280280905000018;5;663;660;182;138;222;62;4;2;6;0;26;0;12;0;9;0;0;0;0;0;0;11;2;1;0;0;1;0;2;2;2;0;1;0;9;17;16;16;15;11;9;14;7;15;10;18;10;18;16;21;17;11;11;9;16;14;18;14;9;5;9;17;6;14;12;9;12;6;14;17;11;5;10;2;9;8;14;9;7;10;5;6;4;3;6;3;2;2;6;2;5;1;3;5;2;3;4;4;4;5;5;3;0;2;2;5;1;3;1;1;2;1;0;1;0;0;0;0;0;1;1;0;0;0;0;0;0;0;0;0;0;0;0;1
280280905000019;5;842;842;218;146;270;115;2;5;19;0;38;0;19;1;7;1;1;0;0;0;0;15;0;0;2;0;1;1;5;1;3;1;1;0;12;14;14;22;18;19;17;19;31;27;22;23;21;18;18;22;24;14;16;19;10;16;9;11;15;13;19;12;13;13;15;15;18;10;10;14;14;10;12;10;12;12;8;6;8;8;8;6;7;4;5;8;1;6;6;6;3;8;1;3;4;1;4;4;6;6;4;4;2;2;1;3;1;1;1;0;2;1;0;0;1;1;0;1;0;0;0;0;0;1;0;1;0;0;0;0;0;0;0;0
280280905000020;8;572;569;144;82;174;95;8;10;1;0;44;1;3;0;8;0;2;0;0;0;0;12;0;1;0;0;2;0;0;0;3;1;2;3;19;12;10;14;13;14;11;14;11;15;14;14;13;16;13;8;15;16;12;11;11;11;8;11;11;7;9;7;10;10;8;9;11;7;6;9;7;10;7;4;1;3;7;9;3;7;5;5;2;3;4;3;5;1;4;4;2;1;4;4;2;2;3;2;1;5;3;1;4;3;3;1;2;2;2;2;0;3;0;1;0;0;0;0;0;1;0;1;0;0;0;0;0;0;0;0;0;0;1;0
280280905000021;8;947;947;245;160;315;147;15;6;7;1;37;0;6;1;5;1;1;0;0;0;0;7;0;1;2;0;0;0;0;2;1;0;1;0;14;14;14;18;21;24;24;20;23;21;31;25;37;23;27;29;21;22;28;13;17;26;12;20;16;12;18;11;19;7;10;15;14;9;13;11;10;13;12;11;15;9;14;3;5;9;9;10;4;5;8;6;6;7;11;8;6;7;4;6;3;8;3;2;4;4;7;0;1;3;3;3;2;6;2;2;1;1;0;0;1;2;0;1;1;0;0;0;0;1;0;0;1;0;1;0;0;0;0;0
280280905000022;5;50;50;14;10;17;4;1;1;1;0;2;0;0;0;0;0;0;0;0;0;0;2;0;0;0;0;0;1;0;0;0;1;0;0;2;1;1;0;0;0;1;1;0;1;0;1;2;2;2;2;0;1;1;1;1;2;0;0;0;0;1;0;3;1;0;0;0;1;0;0;1;3;1;0;1;0;1;1;0;1;0;0;0;1;1;0;0;0;0;0;0;0;0;0;0;0;0;0;1;0;1;0;0;0;0;0;2;0;0;0;0;1;2;0;0;0;1;0;0;0;0;0;0;1;0;0;0;0;0;0;0;0;0;0
280280905000023;5;277;277;60;38;80;64;5;2;2;0;24;0;1;0;0;1;0;0;0;0;0;9;0;3;0;1;0;1;1;1;0;2;0;0;6;14;9;11;6;6;6;9;4;7;13;7;3;7;9;3;9;6;3;2;14;5;6;2;6;5;4;2;5;2;5;1;3;4;4;3;0;2;0;2;3;3;1;3;2;5;2;1;1;0;3;1;1;1;4;1;1;3;1;0;1;2;1;0;0;4;0;0;2;3;1;0;0;0;0;0;0;0;0;0;0;1;0;0;0;0;0;0;0;0;0;0;0;0;0;0;0;1;0;0
280280905000024;8;360;360;84;61;143;31;13;3;2;1;14;0;3;0;5;0;0;0;0;0;0;4;0;1;0;0;0;0;0;0;0;1;2;0;12;5;10;6;12;11;10;12;12;12;7;13;10;11;14;13;4;11;5;4;4;5;0;3;3;4;6;7;2;5;2;5;8;8;4;7;2;4;1;8;4;4;2;4;2;7;3;4;4;2;2;0;3;1;3;3;2;2;1;2;4;3;0;0;2;0;1;1;1;1;0;3;0;0;1;0;0;1;1;0;0;0;0;0;0;0;0;0;0;0;0;0;0;0;0;0;0;0;0;0
280280905000025;1;691;691;175;89;163;132;7;9;6;1;74;8;15;0;10;0;1;0;1;0;0;9;1;0;1;0;1;0;1;0;3;1;1;0;12;16;11;15;16;10;18;18;20;13;15;17;18;18;14;19;13;16;10;14;9;10;16;11;17;12;14;9;15;14;14;10;8;11;6;6;3;8;12;5;6;8;3;3;5;3;11;10;1;3;4;10;7;7;6;7;2;2;3;6;5;1;2;4;6;3;1;2;2;3;3;0;2;1;6;3;1;2;0;1;2;1;1;1;1;2;0;0;2;2;0;0;0;1;0;0;0;0;1;0
280280905000026;8;718;718;169;104;235;82;9;6;20;0;31;1;47;0;14;0;0;0;0;0;0;22;2;2;3;3;3;0;1;0;5;2;1;0;17;21;14;19;18;19;19;16;17;23;14;20;22;16;15;16;18;17;13;11;14;16;21;7;12;11;12;9;17;7;8;12;8;9;12;9;8;12;6;6;5;10;9;5;3;6;3;4;4;6;3;4;3;3;8;5;5;2;3;5;0;3;3;3;2;1;2;2;5;4;2;2;2;1;1;1;1;1;0;0;0;1;0;0;0;0;0;0;0;1;0;0;0;0;1;0;0;0;0;0
280290805000001;1;627;627;208;122;139;71;6;4;8;2;23;0;5;0;12;1;22;0;4;0;0;4;0;0;0;2;0;0;0;0;0;1;0;1;7;7;4;13;1;4;3;7;8;10;9;7;9;13;9;12;9;11;16;10;13;12;10;10;13;9;6;15;4;5;12;6;12;8;10;7;8;7;12;10;10;11;11;13;3;10;9;8;2;6;12;6;9;5;6;3;6;7;6;7;7;7;6;6;9;4;10;6;5;3;5;2;4;6;1;3;0;2;2;2;4;3;4;1;0;2;0;1;0;2;1;0;1;1;3;1;0;0;1;0
280290805000002;1;430;430;141;80;81;57;3;4;11;2;25;1;9;0;11;0;1;0;4;0;0;2;0;0;0;0;0;0;1;0;1;0;0;0;2;5;3;5;0;5;5;4;4;5;13;5;4;6;14;6;7;4;7;7;9;5;6;7;6;7;1;9;9;5;6;10;6;1;4;3;5;4;7;10;10;6;1;6;10;6;5;5;7;9;4;4;1;8;4;5;3;4;4;9;2;8;6;7;4;5;2;5;4;0;3;5;2;0;4;3;2;2;2;0;2;4;6;1;0;2;1;0;3;0;0;1;0;0;0;0;0;0;0;0
280290805000003;1;640;637;219;114;121;86;12;11;3;0;33;5;13;0;13;2;4;0;1;0;3;8;0;0;1;0;1;1;1;1;1;0;2;0;9;14;5;7;5;9;4;10;5;10;5;14;12;9;8;7;8;11;11;15;19;15;15;20;14;9;11;20;19;10;11;10;7;12;5;5;17;7;10;9;7;6;6;13;8;9;8;5;5;11;6;4;8;8;10;3;5;5;6;3;5;3;1;2;6;4;4;4;3;2;2;2;2;3;1;2;3;4;0;1;2;3;3;3;2;1;1;0;1;0;0;1;0;0;0;0;0;1;0;1
280290805000004;1;796;792;247;176;209;82;1;9;5;0;39;1;6;0;7;9;1;0;0;0;4;3;2;0;0;0;0;0;0;0;0;0;0;1;8;10;13;7;6;15;7;12;10;12;12;8;12;14;11;9;16;11;18;23;24;17;13;16;15;9;13;15;20;12;13;8;11;11;17;6;7;14;19;15;14;12;13;11;11;5;9;4;7;11;7;11;8;9;9;12;6;10;7;5;7;5;3;5;11;4;5;4;1;10;3;6;5;4;5;0;3;6;1;0;1;1;3;3;3;1;0;0;0;1;2;0;0;0;0;0;0;0;0;0
280290805000005;1;162;162;49;34;43;15;0;2;3;1;5;0;4;0;4;2;0;0;0;0;0;1;0;0;0;0;0;0;0;0;0;0;1;0;2;2;2;4;1;4;1;2;2;1;1;2;4;2;2;3;0;3;3;4;2;2;3;1;3;6;4;3;1;6;3;4;3;0;2;1;2;2;3;2;3;0;1;1;1;4;1;2;1;4;2;4;3;1;5;5;2;0;0;0;2;1;1;4;2;0;0;0;1;2;1;0;1;1;1;3;0;1;0;0;0;1;0;0;0;0;0;0;1;0;0;0;0;0;0;0;0;0;0;0
280290805000006;1;595;595;193;114;136;99;3;2;11;0;18;0;13;0;3;0;3;0;0;0;0;4;2;0;0;1;1;0;0;0;0;0;0;0;5;4;5;8;6;7;4;3;2;7;11;11;8;6;11;14;8;13;11;18;16;10;10;11;10;11;11;12;13;9;8;9;6;9;9;8;7;4;10;7;7;8;9;11;9;8;8;13;13;11;6;7;7;6;9;7;5;6;5;7;6;1;5;2;5;3;6;5;5;7;4;2;1;4;2;2;4;2;1;1;0;4;0;1;0;1;0;0;2;0;0;0;0;0;0;0;1;0;0;0
280290805000007;1;599;599;195;117;148;68;7;5;7;3;25;3;6;0;12;1;2;0;0;0;0;5;0;1;1;1;0;1;1;0;0;0;0;0;10;5;7;7;8;7;8;9;11;12;11;4;7;10;12;9;12;12;11;12;9;10;9;7;8;9;18;9;11;6;5;9;6;8;7;8;11;7;3;6;10;11;10;7;12;13;9;7;9;12;10;7;7;11;4;7;4;5;5;1;7;5;1;5;2;6;2;4;4;6;2;3;2;4;3;0;3;3;3;3;1;1;2;3;2;3;1;2;0;0;0;0;0;0;0;0;0;0;0;0
280290805000008;1;624;624;218;109;131;88;4;3;9;0;32;1;15;0;11;2;0;0;1;0;0;5;0;0;1;1;0;0;1;0;0;0;2;0;6;7;5;7;6;2;5;6;7;5;8;8;13;10;9;11;15;10;12;10;15;14;8;10;17;16;11;12;7;11;10;5;11;8;5;13;11;8;11;4;4;12;10;6;8;8;11;7;8;5;8;6;7;5;12;5;5;8;3;3;7;11;4;4;4;3;4;6;6;8;3;3;4;5;3;1;1;6;3;4;3;4;3;2;1;2;0;0;0;0;0;0;0;1;0;0;1;1;0;1
280290805000009;1;757;757;255;125;118;75;1;4;56;1;24;0;46;4;22;5;18;0;3;0;0;4;0;0;0;0;1;0;1;0;0;0;1;1;7;11;7;15;4;9;6;13;13;12;11;5;9;13;11;14;8;7;10;19;16;20;10;8;17;9;12;10;12;10;11;8;6;10;13;10;13;8;10;12;14;9;11;18;12;15;11;10;11;6;6;6;7;10;7;8;10;8;1;9;10;5;6;7;8;7;11;8;4;7;5;1;4;6;4;4;3;7;3;4;5;5;1;2;1;0;0;2;0;2;1;0;1;0;0;0;1;0;0;0
280290805000010;1;1013;1013;293;212;297;101;21;11;3;5;46;0;2;1;12;3;0;0;6;0;0;21;0;1;3;2;1;1;1;2;5;2;1;2;17;17;18;12;13;18;15;14;25;26;11;19;19;15;24;31;15;23;15;17;14;19;20;15;17;7;17;17;17;18;15;17;13;19;23;11;14;14;20;23;16;29;15;13;11;22;12;7;10;8;7;7;6;7;8;8;7;13;5;4;7;5;7;4;7;2;6;3;5;8;0;6;1;3;1;2;1;3;1;0;1;1;1;2;2;0;1;0;1;0;0;1;1;0;0;0;0;0;0;0
280290805000011;1;740;740;232;155;170;109;5;7;6;2;21;2;11;0;6;10;2;0;2;0;0;8;0;0;0;2;1;0;2;0;1;2;0;0;7;4;5;8;3;10;12;5;8;12;11;7;10;7;16;11;7;8;14;23;10;20;9;16;17;12;13;14;13;11;12;11;7;7;8;5;11;11;12;3;14;7;8;17;11;7;16;11;10;12;11;12;7;8;8;16;13;10;8;7;9;6;11;4;4;5;8;10;2;6;3;4;5;4;2;2;6;3;3;1;2;0;2;2;0;0;1;0;1;2;0;0;0;0;1;0;0;0;0;0
280290805000012;1;627;603;186;97;114;65;1;3;39;3;26;0;45;3;18;8;1;1;1;0;16;4;0;0;0;0;0;1;0;1;1;0;0;1;10;3;8;2;5;7;5;7;4;9;9;9;10;7;13;13;13;8;9;16;17;16;11;15;9;7;14;13;9;7;5;10;11;5;7;6;11;9;7;15;8;7;10;12;8;8;8;13;7;8;4;9;6;11;6;4;3;6;6;7;6;4;6;2;6;6;4;4;8;9;4;2;4;0;4;3;6;0;1;3;1;2;2;1;2;4;2;0;1;1;1;0;0;0;1;1;0;0;0;0
280290805000013;1;751;751;233;144;173;98;0;8;6;3;50;4;14;0;12;1;0;0;4;1;0;7;1;0;1;1;1;1;0;1;1;0;0;0;8;11;6;8;8;6;6;12;14;10;15;15;7;13;10;10;5;12;13;13;13;13;9;15;22;16;10;13;22;10;9;7;11;16;13;10;9;7;12;12;9;10;8;10;12;10;11;13;12;12;13;12;6;13;14;13;7;5;5;7;2;5;4;2;5;5;7;1;2;4;6;3;3;4;2;2;5;4;6;1;2;2;2;1;2;2;1;0;1;2;2;1;0;0;0;0;0;0;0;0
280290805000014;1;1223;1214;345;228;315;165;19;10;9;0;65;1;20;0;30;0;6;0;1;0;9;21;1;0;3;1;2;3;5;0;3;0;0;3;16;17;18;26;21;19;23;19;21;29;32;28;15;25;31;24;27;37;23;20;27;29;19;19;25;14;19;19;22;29;15;16;23;9;26;20;19;16;28;19;16;13;15;21;18;18;12;14;14;14;11;9;11;7;13;7;8;7;4;11;2;10;4;7;6;2;5;5;0;3;2;1;2;2;3;2;4;1;0;0;3;2;0;0;1;2;0;1;0;1;0;1;1;0;1;1;0;0;0;0
280290805000015;1;886;886;262;189;247;101;6;13;5;2;34;1;10;0;6;6;2;0;1;1;0;12;1;2;2;0;1;2;2;0;1;0;1;0;12;10;3;7;13;8;13;17;10;16;17;15;11;16;23;22;22;16;19;17;19;20;16;15;18;16;18;24;16;16;12;17;19;14;16;10;15;15;15;11;12;12;7;13;11;13;16;7;11;8;11;10;9;8;9;4;9;7;11;12;6;5;4;5;3;7;2;2;3;3;1;5;1;3;0;1;1;0;1;2;3;0;1;1;3;0;0;0;0;1;1;0;0;0;0;0;0;0;0;0
280290805000016;1;983;983;303;203;256;121;18;8;5;0;30;0;18;2;13;0;6;0;0;0;0;16;1;1;1;3;1;0;1;3;1;0;1;3;7;9;19;14;16;16;16;12;16;27;26;17;28;16;22;19;20;15;19;18;23;19;23;26;18;17;22;24;20;23;21;21;21;26;15;14;24;15;13;19;13;17;10;7;16;11;12;8;7;10;10;6;6;7;4;4;3;4;5;9;2;3;1;6;3;0;2;3;4;1;0;4;1;2;2;0;0;1;2;1;1;2;1;0;0;0;0;0;0;0;0;0;0;0;0;0;0;0;0;0
280290805000017;1;770;770;220;147;170;59;0;8;68;2;14;2;47;3;14;3;9;0;4;0;0;8;0;0;2;0;1;0;0;1;1;2;1;0;12;9;14;8;11;16;10;3;12;11;15;12;8;11;27;12;12;19;11;21;15;11;12;13;18;8;11;19;17;22;13;12;13;17;21;9;13;13;19;16;13;10;10;12;13;12;13;9;16;5;12;8;9;1;5;5;2;3;2;1;4;2;3;3;4;4;4;2;3;0;4;1;2;2;2;2;1;2;1;3;0;0;3;0;0;1;0;0;0;0;0;2;0;0;0;0;0;0;0;0
280290805000018;1;1162;1162;346;240;303;143;33;12;5;3;42;0;14;0;19;1;1;0;0;0;0;15;0;3;0;1;1;3;2;1;1;2;1;0;30;28;25;24;36;18;22;25;24;29;30;34;22;28;32;22;21;19;22;30;18;31;22;26;29;21;33;26;21;26;15;19;23;12;21;21;12;12;22;14;15;12;14;6;14;7;4;5;6;3;8;6;9;10;5;3;7;4;7;6;0;4;6;6;3;1;3;2;4;3;2;1;2;4;0;1;0;1;0;2;2;1;0;1;0;1;0;0;0;0;0;0;0;1;0;0;0;0;0;0
280290805000019;1;539;537;145;101;118;72;3;4;21;1;7;1;32;0;20;14;0;0;0;0;0;15;3;0;0;1;0;0;2;3;1;1;2;2;12;11;16;3;14;15;8;12;9;15;12;17;11;6;7;12;8;8;2;10;5;10;8;5;9;12;11;12;13;20;10;10;11;15;13;3;11;5;11;10;6;4;3;7;6;5;5;2;3;5;2;1;6;5;8;3;2;3;2;1;3;4;2;5;1;2;0;1;0;3;0;1;1;2;1;2;0;1;0;0;1;1;1;0;0;1;0;0;0;0;0;0;0;0;0;0;0;0;0;0
280290805000020;1;1203;1200;350;244;312;137;40;9;13;2;36;0;33;0;18;5;3;0;1;0;0;26;2;2;3;3;0;1;0;2;0;5;6;2;31;23;21;28;32;21;24;24;31;31;32;24;29;18;25;29;22;29;20;22;28;25;17;24;31;23;21;29;14;22;24;22;8;26;19;24;15;18;10;15;16;17;14;18;9;12;15;11;16;7;5;4;8;4;8;5;3;4;7;6;10;3;4;3;2;4;2;3;3;0;1;5;3;2;1;0;0;1;0;3;2;1;2;0;0;2;0;0;0;0;0;0;0;0;0;0;0;0;0;0
280290805000021;1;862;862;259;195;261;74;7;9;5;3;23;0;10;0;6;2;1;0;6;1;0;15;5;1;1;1;0;1;1;1;1;1;0;2;6;14;10;8;8;10;14;11;10;9;18;14;18;11;20;15;19;16;25;7;16;22;20;12;15;16;15;21;14;18;11;15;18;23;17;14;16;14;20;17;10;11;13;13;20;17;15;9;13;7;5;11;5;9;13;9;9;8;4;2;5;4;4;2;3;2;3;2;1;1;4;2;2;0;0;1;0;0;2;3;2;0;0;1;0;0;1;1;0;1;0;0;0;0;0;0;0;0;0;0
280290805000022;1;519;519;163;107;133;64;7;7;1;0;21;0;4;0;7;0;5;0;0;0;0;9;1;0;2;1;0;0;0;0;2;0;2;1;8;6;1;4;6;3;7;5;3;6;11;7;5;12;7;8;11;9;10;10;20;11;9;8;15;8;5;11;12;10;6;8;8;12;10;2;7;10;7;9;7;8;14;12;9;7;8;2;1;9;6;3;7;8;4;6;2;9;7;1;4;4;1;1;5;3;7;1;3;5;1;1;2;4;1;0;1;1;4;0;0;0;0;2;0;1;0;0;0;0;0;0;0;0;0;0;0;1;0;0
280290805000023;1;258;258;86;56;72;22;0;2;1;1;12;0;4;0;2;0;0;0;0;0;0;3;0;0;0;1;0;1;0;1;0;0;0;0;4;3;5;0;4;3;1;1;2;7;3;6;3;6;6;5;4;5;4;5;5;2;2;6;3;7;6;6;7;7;5;1;5;5;10;4;2;4;1;4;5;4;2;5;2;2;3;3;3;4;3;8;6;1;6;0;1;0;4;3;1;1;0;0;0;0;1;0;1;1;1;0;0;1;0;2;0;2;0;1;3;2;0;1;0;0;1;0;1;1;0;0;0;0;0;0;0;0;0;0
280290805000024;1;195;195;64;37;40;31;0;2;0;0;10;1;4;0;5;1;0;0;0;0;0;0;0;0;0;0;0;0;0;0;0;0;0;0;3;5;1;2;4;3;2;1;3;2;3;3;3;3;5;2;5;5;3;4;1;4;3;6;4;3;3;4;6;7;2;2;2;1;2;3;3;5;3;2;2;2;2;2;2;0;4;2;2;1;5;2;5;0;2;3;2;3;1;3;1;0;1;0;2;0;1;1;3;0;2;1;0;4;0;0;1;2;0;1;1;0;0;0;0;0;0;0;0;0;0;0;1;0;0;0;0;0;0;0
280290805000025;1;954;953;291;190;274;102;7;10;11;4;34;0;8;0;18;0;4;0;1;0;0;23;3;3;0;1;4;1;2;2;1;3;1;2;10;17;10;13;9;28;15;13;13;11;17;19;16;18;28;21;19;10;19;25;17;19;29;22;12;23;20;20;16;17;15;20;20;19;13;19;5;17;8;15;9;17;7;10;8;9;12;18;9;14;5;10;10;4;4;11;7;5;8;8;3;4;9;4;6;3;7;2;0;0;5;2;1;3;1;2;2;0;0;4;3;1;0;2;1;1;0;0;0;0;0;0;0;0;0;1;1;1;0;0
280290805000026;1;891;890;257;174;247;97;6;15;14;3;50;1;13;0;11;2;0;0;1;0;0;11;1;0;0;4;1;1;0;2;0;0;1;1;9;13;14;15;9;11;8;14;16;14;21;13;16;15;21;17;14;16;22;27;23;22;19;22;18;13;10;12;14;15;13;18;13;6;12;15;16;6;10;13;13;15;12;19;10;13;10;13;12;9;12;16;6;4;13;7;6;13;4;8;9;9;6;5;2;3;2;3;0;1;2;3;3;2;1;2;2;6;0;1;0;0;2;1;1;0;0;0;0;1;0;0;0;0;0;0;2;0;1;0
280290805000027;1;1186;1186;348;242;336;142;19;10;8;1;44;0;18;0;18;0;0;0;0;0;0;14;3;0;1;4;0;0;1;1;1;0;0;3;14;11;19;20;24;15;20;17;17;20;20;23;22;22;22;22;26;27;21;31;27;34;17;23;29;23;24;29;15;13;17;23;23;10;21;18;16;22;26;20;16;16;13;17;17;15;20;18;23;16;11;13;10;11;7;7;10;8;3;5;6;5;4;3;6;2;3;3;7;1;1;1;3;3;2;3;3;3;3;1;0;1;2;0;1;1;2;0;0;2;0;0;0;0;1;0;0;0;0;0
280290805000028;1;980;979;311;180;213;76;1;6;68;3;26;1;58;6;28;2;0;0;0;0;1;12;2;1;0;2;1;1;1;1;1;1;0;1;11;15;9;17;27;16;12;13;7;18;20;20;13;17;17;21;19;25;21;20;18;23;14;17;23;14;20;20;20;17;22;26;14;11;16;7;14;18;9;22;11;18;20;13;13;12;19;14;8;10;8;8;6;11;15;5;7;5;6;8;3;1;1;4;2;4;3;0;0;7;3;2;5;8;3;2;3;1;2;1;0;3;3;2;2;1;2;0;0;0;0;0;0;0;0;0;0;0;0;0
280290805000029;1;940;940;263;183;231;123;4;4;46;3;31;2;34;3;11;1;0;0;1;0;0;10;0;0;2;1;1;3;0;1;0;1;0;1;12;13;11;13;13;9;20;10;10;16;17;21;20;19;32;21;13;21;28;17;25;19;19;15;17;12;17;19;17;21;11;20;11;10;10;16;19;18;14;14;11;9;14;12;7;13;8;13;6;15;7;9;10;6;7;9;10;11;5;10;8;6;4;3;7;3;6;7;4;4;1;1;1;2;3;3;3;2;3;0;0;0;0;1;1;2;0;0;0;0;0;2;0;0;0;0;0;0;1;0
280290805000030;1;461;461;144;95;117;57;0;9;4;0;21;0;2;0;7;2;0;0;3;0;0;4;0;1;0;0;1;0;2;0;0;0;0;0;6;3;8;4;7;5;7;7;7;8;5;6;8;6;3;6;4;6;3;11;14;6;7;8;8;11;9;12;12;7;3;8;11;5;7;4;4;10;5;6;2;11;8;5;4;5;13;3;8;5;2;4;2;6;1;3;5;5;5;7;7;3;3;8;7;2;2;1;3;3;4;2;2;4;6;0;1;4;4;1;1;0;1;0;2;1;0;2;0;0;0;1;0;0;1;0;0;0;0;0
280290805000031;1;580;580;193;118;140;53;10;1;13;0;13;0;19;1;12;7;0;0;0;0;0;9;0;1;0;1;1;2;0;0;2;0;2;0;9;9;10;6;9;9;4;10;12;5;12;11;10;9;6;7;9;9;12;12;15;9;15;10;15;6;15;12;12;17;6;6;13;8;6;13;8;8;8;11;3;11;8;6;6;6;8;7;2;6;5;7;4;6;3;4;6;5;4;4;5;5;4;3;6;1;5;2;2;2;3;3;2;4;1;5;1;1;2;2;1;0;1;1;1;1;1;1;0;0;0;1;0;0;0;0;0;0;0;0
280290805000032;1;775;775;229;150;203;74;7;4;32;3;20;0;28;0;16;8;0;0;1;0;0;9;2;1;0;0;1;1;0;0;1;2;0;1;11;10;20;16;13;14;9;12;10;17;13;18;21;17;11;18;19;12;20;10;17;12;14;14;17;12;13;15;15;14;8;11;15;10;6;13;11;8;8;13;9;12;11;12;8;6;4;11;13;11;9;8;12;5;5;10;7;11;4;4;3;3;4;5;4;1;4;3;1;2;2;4;3;3;0;2;1;2;3;1;2;1;1;0;0;0;1;0;0;0;0;0;0;0;0;0;0;0;1;0
280290805000033;1;711;711;209;135;163;130;8;4;8;2;33;0;14;0;5;0;0;0;0;0;0;9;2;2;0;1;0;0;0;0;1;0;1;2;14;12;8;19;11;13;10;18;8;23;16;19;17;18;23;21;10;17;12;17;17;9;8;14;8;16;13;6;13;15;12;11;18;20;7;7;13;7;9;3;12;11;5;8;10;8;1;7;4;5;1;6;8;5;11;3;3;4;3;6;4;3;4;5;3;0;3;2;2;6;1;0;5;1;3;0;1;0;1;0;1;2;1;0;0;1;0;0;0;0;0;0;0;0;0;0;0;0;0;0
280290805000034;2;1127;1127;333;258;320;94;26;12;11;1;50;1;9;1;5;4;2;0;0;0;0;23;2;2;5;2;1;1;1;1;1;1;3;3;23;19;20;29;20;23;24;14;23;21;24;23;23;23;11;22;19;22;27;27;30;36;33;26;32;22;28;20;26;25;23;20;22;25;22;18;12;15;9;14;16;11;15;8;11;11;9;10;5;11;1;10;8;3;8;4;5;4;6;4;4;4;7;3;1;0;5;1;2;3;1;2;4;2;0;3;0;1;0;0;0;2;1;0;0;0;1;0;0;1;0;0;0;0;0;0;0;0;1;0
280290805000035;2;739;739;212;163;245;57;12;3;2;1;30;1;7;0;3;2;0;0;1;0;0;15;3;1;0;3;0;1;1;1;2;2;1;0;22;15;17;18;13;15;18;16;20;14;16;13;17;13;17;14;16;17;10;11;16;11;14;13;15;16;17;18;23;15;13;6;24;10;8;9;11;9;8;4;4;4;7;8;10;8;2;2;6;4;5;8;6;1;4;6;3;3;3;6;4;4;5;4;6;2;3;5;1;2;1;0;5;1;1;0;1;1;0;0;1;1;1;1;0;0;1;0;0;0;0;0;0;0;0;1;0;0;0;0
280290805000036;1;724;724;189;139;234;59;0;8;26;0;17;1;34;0;5;12;0;0;0;0;0;11;0;0;0;1;0;2;2;2;2;0;2;0;10;8;15;8;10;11;15;17;16;19;21;30;11;17;22;16;12;14;16;17;18;15;7;11;8;18;11;14;8;8;12;11;11;5;10;17;10;12;13;8;15;8;11;4;10;10;8;5;6;11;6;7;6;5;2;0;8;2;6;5;3;1;4;1;3;4;3;2;1;5;1;2;0;2;3;0;0;1;0;1;1;3;0;1;2;0;1;1;0;0;0;0;0;0;0;0;0;0;0;0
280290805000037;1;874;874;253;200;273;71;19;5;10;2;11;0;16;0;12;1;1;0;0;0;0;22;4;0;1;2;1;1;2;1;2;4;1;3;18;13;12;8;11;17;21;18;13;22;19;18;21;18;18;15;21;16;17;16;14;19;21;24;17;18;19;15;24;16;9;14;21;15;21;12;13;12;10;12;19;17;14;10;8;9;5;8;3;8;5;4;5;7;6;4;4;6;3;4;1;2;5;2;4;3;2;1;4;2;1;0;1;3;1;3;2;1;1;1;1;1;0;0;1;0;0;0;1;0;0;1;0;0;0;0;0;0;0;0
280290805000038;1;542;542;153;94;143;107;13;6;2;0;18;0;3;0;1;1;1;0;0;0;0;7;0;0;0;0;2;1;0;1;1;1;1;0;4;10;7;6;14;16;14;19;17;17;17;12;21;21;14;23;11;9;16;4;5;8;12;8;6;6;6;7;4;3;7;16;5;14;10;14;7;7;7;8;9;5;5;3;4;11;7;5;4;4;6;1;7;2;2;1;1;2;2;5;1;2;2;2;0;0;2;0;2;2;0;0;0;0;1;0;1;0;0;0;1;0;0;0;0;0;0;0;0;1;0;0;0;0;0;0;0;0;0;0
280290805000039;1;239;239;76;42;43;9;0;1;31;0;4;0;25;0;6;2;0;0;0;0;0;3;0;0;0;0;0;0;0;2;0;0;1;0;6;4;1;6;0;3;4;4;5;5;4;6;2;7;4;6;3;7;4;7;2;4;5;7;4;1;4;7;4;3;5;3;2;0;0;3;2;2;1;7;1;0;10;8;5;1;3;3;4;5;4;0;2;2;1;2;1;0;4;2;0;3;2;0;1;2;1;0;1;1;0;2;1;0;2;2;1;0;0;1;1;0;0;1;0;0;1;0;0;0;0;1;0;0;0;0;0;0;0;0
280290805000040;1;883;883;279;190;227;100;13;5;13;6;28;0;13;1;8;0;0;0;0;0;0;16;0;1;0;2;3;0;1;1;2;1;3;2;8;12;9;7;13;10;11;18;10;21;24;14;17;19;18;15;16;19;13;16;16;20;18;14;24;17;23;12;13;13;22;12;17;13;18;14;16;16;9;9;10;18;12;9;16;13;10;10;12;9;7;12;5;9;9;10;4;5;3;7;6;7;8;4;4;4;4;2;7;2;2;1;0;4;2;0;0;3;1;2;3;1;0;0;0;1;0;0;0;0;0;1;0;0;0;0;1;0;0;1
280290805000041;1;883;883;281;170;209;117;19;9;3;0;56;1;12;0;5;1;0;0;0;0;0;13;1;0;2;1;1;0;2;2;3;1;0;0;11;12;11;7;12;11;15;13;12;8;16;14;10;21;14;6;18;16;17;24;16;22;19;8;18;21;20;20;20;15;16;15;12;11;5;15;9;11;14;11;10;10;12;11;16;18;13;5;13;9;8;6;6;11;7;11;5;7;7;11;7;5;6;8;3;2;4;8;4;6;5;4;9;4;0;5;4;2;1;1;5;2;1;4;1;1;0;0;1;2;0;0;0;0;1;1;1;0;0;0
280290805000042;1;740;740;214;137;199;112;11;5;2;0;40;2;5;0;6;6;0;0;1;0;0;12;1;0;2;0;2;0;0;1;0;4;0;2;7;11;14;10;15;11;12;15;13;18;15;22;19;25;14;14;14;16;21;10;7;15;10;6;12;14;14;12;16;20;11;12;13;11;12;12;9;10;9;17;7;15;15;8;5;7;3;4;3;5;8;6;3;6;7;8;7;2;4;5;2;7;4;5;6;2;3;2;1;0;4;2;5;2;5;0;0;2;2;0;0;0;1;1;3;0;1;0;0;0;0;0;0;0;0;1;0;0;0;1
280290805000043;1;57;"X";"X";"X";"X";"X";"X";"X";"X";"X";"X";"X";"X";"X";"X";"X";"X";"X";"X";"X";"X";"X";"X";"X";"X";"X";"X";"X";"X";"X";"X";"X";"X";"X";"X";"X";"X";"X";"X";"X";"X";"X";"X";"X";"X";"X";"X";"X";"X";"X";"X";"X";"X";"X";"X";"X";"X";"X";"X";"X";"X";"X";"X";"X";"X";"X";"X";"X";"X";"X";"X";"X";"X";"X";"X";"X";"X";"X";"X";"X";"X";"X";"X";"X";"X";"X";"X";"X";"X";"X";"X";"X";"X";"X";"X";"X";"X";"X";"X";"X";"X";"X";"X";"X";"X";"X";"X";"X";"X";"X";"X";"X";"X";"X";"X";"X";"X";"X";"X";"X";"X";"X";"X";"X";"X";"X";"X";"X";"X";"X";"X";"X";"X";"X"
280290805000044;1;1152;1152;350;265;326;106;34;4;14;1;20;1;9;0;7;10;4;1;0;0;0;24;0;2;3;2;2;1;4;0;0;2;2;6;17;21;23;25;24;23;23;20;22;26;24;21;25;22;15;15;24;16;25;22;27;25;26;28;28;28;25;25;26;30;23;23;26;15;18;25;16;18;23;19;13;19;27;10;8;7;5;7;5;8;7;8;2;9;4;3;5;3;4;4;4;3;7;3;7;2;1;7;2;2;2;4;1;2;3;1;0;1;0;0;0;0;1;1;1;1;0;0;2;0;2;0;0;2;1;0;0;0;0;0
280290805000045;1;1163;1163;370;235;273;152;10;5;16;1;61;1;21;0;13;3;2;0;0;0;0;16;0;4;1;1;2;1;2;2;0;2;1;0;13;9;16;15;16;14;20;19;17;22;14;21;22;19;26;25;25;27;23;29;25;21;30;19;21;21;24;28;18;19;18;27;19;10;9;22;21;11;15;18;20;14;12;19;16;7;31;5;11;12;12;11;11;11;10;7;9;7;10;7;5;7;8;4;3;4;6;4;5;9;3;7;3;6;7;3;3;3;1;6;2;2;0;2;4;3;1;1;0;2;0;0;0;1;0;1;1;0;0;0
280290805000046;1;997;997;328;203;246;102;7;5;18;3;35;2;16;1;24;3;2;0;2;0;0;11;4;1;2;0;1;0;0;1;1;0;1;0;15;12;7;13;4;14;10;9;9;14;14;8;18;7;15;16;16;19;19;24;14;22;22;14;17;20;17;24;24;21;13;11;10;20;11;16;10;12;7;17;16;23;11;18;12;15;14;13;11;12;14;9;9;7;14;13;2;13;8;9;7;9;9;5;8;8;11;6;8;5;1;5;4;5;5;7;6;6;3;8;3;0;10;4;3;1;2;0;1;1;4;2;1;0;0;0;0;0;0;0
280290805000047;1;535;535;170;111;164;56;0;3;5;1;15;0;2;1;6;0;1;0;0;0;0;6;0;1;0;0;1;0;1;1;0;1;0;1;6;4;7;5;8;7;9;6;12;14;11;7;11;10;10;7;12;11;7;7;9;11;7;9;9;8;12;8;11;7;9;10;7;7;11;8;7;7;7;7;7;6;10;9;5;12;8;3;4;9;6;6;5;4;11;9;5;1;4;5;8;3;3;3;3;2;4;2;0;3;2;3;1;1;1;0;2;4;2;1;2;1;1;2;0;1;1;0;1;0;0;0;0;0;0;0;0;1;0;0
280290805000048;1;110;110;28;25;39;9;2;2;0;0;5;0;0;0;0;0;0;0;0;0;0;3;0;0;1;0;0;0;1;0;0;0;0;1;2;3;3;2;3;8;2;1;3;2;2;2;1;0;4;1;2;0;1;2;4;2;6;5;3;1;4;0;5;1;3;1;0;1;2;1;2;0;0;2;3;0;0;1;0;0;3;0;0;0;1;2;3;0;0;2;0;2;0;1;0;0;0;0;0;0;1;0;0;0;0;0;0;1;0;0;0;0;0;0;0;0;0;0;0;0;0;0;0;0;0;0;0;0;0;0;0;0;0;0
280290805000049;1;579;579;183;110;119;103;10;3;7;3;25;0;5;0;10;1;0;0;0;0;0;3;0;1;0;0;1;0;0;0;1;0;0;0;6;7;10;8;13;7;5;10;12;11;13;10;11;15;11;18;12;7;13;15;8;10;12;9;18;9;11;9;8;6;9;7;13;8;7;14;9;9;15;4;3;5;5;9;2;6;8;6;2;14;6;6;6;8;4;5;3;4;5;6;4;4;3;2;2;4;2;0;3;2;2;2;4;4;7;0;2;0;2;1;1;0;3;0;0;0;0;0;0;0;0;0;0;0;0;0;0;0;0;0
280290805000050;1;668;664;203;134;194;83;16;6;9;0;8;0;8;0;5;0;2;0;0;0;0;13;1;0;0;1;1;0;2;1;3;0;2;2;14;11;17;8;9;19;14;14;14;15;10;22;10;10;14;8;13;13;19;17;15;19;11;12;16;10;7;14;10;11;22;9;12;17;11;13;12;6;6;10;4;4;6;9;6;4;6;11;6;5;9;2;4;5;7;5;3;3;3;2;2;1;2;3;1;2;1;1;2;0;0;4;1;2;1;1;3;0;1;1;1;1;2;1;1;0;1;0;0;1;0;0;0;0;0;0;0;0;0;0
280290805000051;1;793;793;247;150;194;129;17;3;2;2;28;0;5;0;9;7;0;0;0;0;0;12;1;1;3;0;1;1;1;0;0;0;3;1;21;13;12;8;13;14;16;16;20;17;10;18;15;19;15;26;22;15;16;18;15;17;17;23;14;18;7;10;15;18;12;15;12;9;10;11;6;10;9;15;9;7;9;4;9;11;6;6;10;9;5;7;9;7;5;6;3;4;6;3;3;4;3;4;5;3;3;4;1;0;3;5;5;0;2;0;2;1;1;2;3;1;0;1;0;1;0;0;0;0;0;0;0;1;1;0;0;0;0;0
280290805000052;1;1049;1049;279;181;252;226;24;3;10;1;34;0;7;0;31;1;0;0;0;0;0;23;3;0;1;4;3;1;2;3;0;3;1;2;26;23;25;40;32;31;26;30;32;26;31;26;26;23;27;30;41;17;22;18;24;27;20;16;14;12;19;10;14;18;13;15;15;17;8;15;5;14;7;12;12;9;8;12;13;13;13;9;5;11;12;8;11;3;3;2;3;1;1;6;1;2;1;3;0;0;3;4;1;1;0;1;0;0;1;0;1;2;1;0;0;0;0;0;0;0;0;1;0;0;0;1;0;0;0;0;0;0;0;0
280290805000053;1;718;715;212;153;184;90;1;7;9;2;36;0;12;0;6;1;5;0;0;0;0;12;2;1;2;1;0;0;0;1;1;0;2;2;8;10;14;8;18;11;14;9;14;15;21;10;20;16;18;20;4;25;12;8;19;12;21;15;12;17;14;15;11;17;9;16;19;8;11;15;9;10;11;7;7;9;8;11;8;7;5;9;5;6;2;4;7;4;7;8;3;6;5;4;1;2;4;5;2;3;5;1;4;2;0;1;0;1;3;1;1;0;0;0;0;0;1;0;0;0;1;0;0;0;0;0;0;0;0;0;0;0;0;0
280290805000054;1;843;843;266;165;215;117;8;7;0;1;36;1;13;0;9;3;1;0;1;0;0;13;0;2;1;1;1;0;0;0;2;1;2;3;8;17;11;5;9;14;12;15;17;16;9;21;12;17;17;15;20;15;18;16;20;20;15;20;16;19;9;16;13;11;12;20;9;11;12;13;14;12;9;11;13;11;10;14;11;13;12;10;8;8;7;5;10;5;10;5;6;8;5;2;6;7;11;6;12;4;2;2;1;2;8;3;1;4;3;2;0;1;0;0;0;1;2;4;4;0;1;1;0;0;0;2;0;0;1;0;0;0;0;0
280290805000055;1;1097;1097;340;218;249;134;8;8;21;0;70;2;23;3;19;1;1;0;0;0;0;14;0;3;0;1;1;1;2;0;1;2;1;2;18;14;10;16;21;21;16;27;15;22;15;17;24;14;23;13;15;23;14;12;27;22;16;21;28;15;23;21;31;18;19;15;20;8;16;14;22;19;23;14;18;18;17;14;19;12;10;11;7;12;8;6;16;9;4;6;9;8;6;11;6;7;11;11;11;7;8;3;4;2;2;7;4;5;5;1;3;4;2;5;1;2;2;1;0;1;0;1;2;0;1;0;0;0;0;0;0;0;0;1
280290805000056;1;865;863;273;190;234;86;12;9;1;0;36;2;7;0;13;1;1;0;0;0;0;8;1;1;2;0;1;0;0;0;1;1;1;0;19;13;16;11;11;11;11;17;21;13;12;14;20;21;18;12;16;18;14;10;13;20;13;17;11;19;19;21;17;25;19;16;14;11;28;20;11;14;10;11;12;8;6;19;13;8;8;7;7;6;9;4;7;9;11;3;7;8;4;7;4;4;3;7;6;6;3;3;0;8;4;1;2;2;0;1;3;2;0;0;0;1;2;0;0;0;1;1;0;0;1;1;0;0;0;0;1;0;0;0
280290805000057;1;568;503;155;83;95;90;17;5;1;3;36;2;3;0;12;1;0;0;0;0;65;11;0;0;1;2;0;0;0;2;3;1;2;0;9;16;12;11;14;7;10;8;13;7;10;8;17;7;17;9;9;4;15;9;9;11;12;10;13;4;6;6;6;9;10;7;10;8;5;12;6;7;6;5;5;4;11;3;8;6;1;3;11;5;2;3;4;3;1;2;5;6;6;4;3;7;4;6;6;1;7;3;2;6;3;3;3;5;1;2;0;2;1;2;2;1;2;3;3;3;4;1;1;1;1;0;0;1;0;0;0;0;0;0
280290805000058;1;420;420;119;71;119;70;13;4;2;1;14;0;2;0;4;0;1;0;0;0;0;7;0;0;1;0;0;2;1;1;0;2;0;0;9;9;8;9;9;7;6;5;9;7;6;13;9;13;7;10;12;7;9;6;14;11;9;9;5;2;14;5;9;10;11;7;7;5;6;3;4;4;6;3;2;2;6;4;2;3;6;4;4;4;4;5;6;4;1;3;3;3;4;2;1;3;1;0;2;1;3;0;3;1;2;1;2;2;0;1;1;0;0;1;0;0;2;0;0;0;0;0;0;0;0;0;0;0;0;0;0;0;0;0
280290805000059;1;837;837;254;158;208;117;4;8;19;2;25;0;20;1;17;0;4;0;0;0;0;18;0;4;2;3;2;1;1;0;0;1;1;3;10;18;14;11;10;15;18;24;17;20;18;11;14;10;19;19;18;12;28;18;18;11;14;16;16;10;15;22;14;23;11;13;13;12;12;16;18;9;17;14;21;10;6;7;14;9;14;9;13;9;6;3;5;5;2;4;2;4;4;4;2;2;5;5;7;4;1;1;1;1;3;2;1;3;5;0;1;1;0;0;0;1;0;1;0;0;0;3;0;0;0;0;0;0;0;0;0;0;0;0
280290805000060;5;242;242;79;60;72;4;0;0;7;2;6;0;3;2;2;0;5;0;0;0;0;1;0;0;0;0;0;0;0;1;0;0;0;0;2;1;1;1;2;3;2;6;4;5;4;7;2;7;3;3;9;2;4;7;4;6;1;4;4;3;3;2;4;4;5;2;2;5;3;2;4;1;6;1;3;1;4;6;7;2;4;4;3;5;1;1;2;3;7;1;5;2;2;2;2;2;3;0;1;0;0;2;1;6;1;1;1;0;3;2;3;1;0;2;2;0;0;0;0;0;0;0;1;1;0;0;0;0;0;0;0;0;0;0
280290805000061;5;247;247;80;61;92;9;0;0;0;0;1;0;1;0;3;0;0;0;0;0;0;4;1;0;1;0;0;1;0;0;0;0;0;1;6;4;1;4;3;2;3;1;8;5;1;3;5;5;6;5;4;5;5;5;2;6;8;4;4;5;7;7;5;6;4;6;2;7;5;0;5;6;2;4;2;6;1;4;1;1;3;2;1;3;6;0;3;1;3;1;0;2;2;2;3;3;0;1;1;1;3;1;1;1;2;2;0;1;0;0;0;0;0;1;0;0;0;0;0;0;0;0;1;0;0;0;0;0;1;0;0;0;0;0
280290805000062;5;415;405;121;86;133;53;4;4;0;0;11;0;3;0;0;0;0;0;0;0;0;9;3;0;0;5;1;0;0;0;0;0;0;0;5;5;5;9;3;9;8;13;9;7;11;9;17;15;8;17;3;9;6;8;16;6;9;6;8;4;4;5;2;5;5;2;6;5;5;12;4;9;7;2;9;5;2;2;8;5;3;0;6;8;1;7;1;1;3;3;2;3;1;0;4;2;4;5;2;1;1;3;0;2;0;2;0;0;2;0;0;3;1;0;1;0;0;1;2;0;0;2;0;0;0;0;0;0;0;0;0;0;0;0
280290805000063;8;110;110;35;22;38;7;4;0;1;0;0;0;1;0;1;1;0;0;0;0;0;0;0;0;0;0;0;0;0;0;0;0;0;0;1;3;4;1;1;4;0;4;0;4;5;3;3;1;0;4;1;2;0;2;1;1;2;0;2;3;1;1;3;1;2;2;2;2;5;1;0;2;0;4;3;2;2;4;0;0;1;1;1;0;0;0;1;1;3;3;0;1;2;0;0;0;1;0;1;0;1;0;0;1;1;0;0;1;0;0;0;0;0;0;0;1;0;0;0;0;0;0;0;0;0;0;0;0;0;0;0;0;0;0
280290805000064;8;132;132;44;32;38;12;1;1;0;0;4;0;0;0;0;0;0;0;0;0;0;3;0;0;0;1;0;0;0;0;1;1;0;0;1;3;5;0;1;1;3;2;3;3;4;2;0;2;5;2;2;2;2;0;1;3;3;4;7;1;4;2;1;4;2;2;2;3;1;3;0;2;4;2;2;1;0;1;0;1;1;0;1;1;1;1;1;1;1;4;0;3;2;2;3;1;1;0;0;5;0;0;0;0;0;0;0;0;0;0;0;0;0;0;0;0;0;0;0;0;0;0;0;0;0;0;0;0;1;0;0;0;0;0
280290805000065;8;253;253;74;58;95;13;0;4;2;0;6;0;0;0;1;0;0;0;0;0;0;2;0;0;0;0;0;0;0;1;0;0;1;0;3;6;3;5;2;1;6;3;2;6;7;1;10;6;10;5;1;4;9;3;3;5;7;4;3;3;4;2;2;2;1;3;3;3;2;9;3;5;2;7;6;2;5;6;1;5;4;2;1;1;3;2;2;4;1;0;4;1;3;3;1;3;1;2;1;4;4;1;1;1;1;0;0;2;1;2;1;1;1;0;0;0;0;0;0;0;0;0;0;0;0;0;0;0;0;0;0;0;1;0
280290805000066;8;229;229;68;50;78;15;8;1;0;0;6;0;1;0;2;0;0;0;0;0;0;7;0;0;0;0;0;0;2;1;0;2;1;1;1;1;9;2;8;3;4;11;5;4;4;8;6;4;6;3;2;5;4;0;2;2;3;4;3;5;4;4;5;5;2;5;4;3;2;4;2;5;4;2;0;1;4;4;3;5;2;1;2;1;2;3;2;1;2;3;1;4;3;3;2;0;2;3;1;0;1;0;0;2;0;0;1;1;0;1;0;0;0;0;0;0;0;1;0;0;0;0;0;0;0;0;0;0;0;0;0;0;0;0
280290805000067;8;423;423;120;91;158;29;7;1;1;1;5;0;2;0;4;4;0;0;0;0;0;5;0;1;0;1;0;0;0;1;2;0;0;0;5;6;5;6;10;5;9;9;9;5;7;8;12;11;14;9;7;7;8;5;11;6;6;7;4;5;3;6;12;9;6;7;8;4;3;4;6;7;5;7;6;6;4;4;1;11;8;5;3;9;5;2;4;6;5;4;3;2;4;4;6;1;1;3;1;2;1;2;0;2;2;1;0;1;1;2;1;0;1;2;0;1;1;1;2;2;1;0;1;0;0;0;0;0;0;0;0;0;0;0
280290805000068;5;590;590;166;131;196;51;14;4;4;0;16;0;6;0;2;0;0;0;0;0;0;5;0;1;0;0;2;0;0;0;0;0;1;1;12;9;9;13;7;13;13;12;11;9;19;15;11;27;14;13;13;14;9;13;7;10;8;9;13;7;4;17;6;9;9;6;14;12;7;12;13;10;18;5;5;11;7;10;7;6;7;7;1;5;7;5;5;4;1;3;5;4;4;5;3;1;3;1;1;2;1;2;1;1;1;0;2;0;3;0;0;0;0;0;0;1;0;0;1;0;0;0;0;0;0;0;0;0;0;0;0;0;0;0
280290805000069;8;349;349;112;84;129;19;1;0;0;0;1;1;0;0;1;1;0;0;0;0;0;5;0;0;0;1;1;1;0;0;0;0;2;0;2;4;4;9;4;1;0;9;8;3;5;4;9;8;7;10;5;5;2;8;13;4;3;5;9;4;5;5;5;8;7;2;8;6;6;3;5;6;4;5;7;9;1;2;5;5;5;3;4;8;2;3;6;6;4;6;1;3;3;5;2;1;7;2;2;0;0;0;1;2;1;2;2;0;0;1;3;1;1;2;0;0;2;1;3;0;0;0;0;0;0;0;0;0;0;0;0;0;0;0
280290805000070;8;563;563;185;141;181;36;1;1;1;0;14;0;1;1;0;0;1;0;0;0;0;7;0;1;2;1;1;0;1;0;0;1;0;0;6;4;8;11;5;6;8;10;10;6;9;14;6;10;9;15;12;6;10;9;16;15;8;12;8;11;14;12;11;10;7;7;7;9;8;8;8;5;7;4;5;7;5;10;5;8;4;4;8;8;7;8;6;7;6;6;4;9;5;5;0;6;3;5;5;2;1;3;7;2;3;0;3;1;3;1;0;1;1;3;1;1;2;6;1;3;0;1;2;0;0;0;0;0;0;0;0;0;1;0
280290805000071;5;566;566;189;110;146;78;8;3;3;0;16;0;6;0;4;3;0;0;0;0;0;5;0;0;0;0;0;0;1;2;0;0;2;0;8;7;10;6;7;14;5;12;12;10;9;8;13;13;10;9;12;15;8;8;8;8;4;12;5;10;9;5;11;10;6;10;9;12;6;6;7;9;8;13;6;5;10;5;8;6;9;9;5;9;8;6;2;6;4;4;6;5;6;5;4;5;5;4;4;3;0;0;0;3;6;6;2;1;1;2;3;0;4;2;3;1;2;2;0;0;3;0;1;1;2;0;0;1;1;0;0;0;0;1
280290805000072;8;554;554;167;114;184;53;7;2;0;0;18;0;4;0;5;0;0;0;0;0;0;2;0;0;0;0;2;0;0;0;0;0;0;0;5;8;2;9;15;11;8;7;7;10;19;12;12;15;14;7;6;10;7;12;14;11;7;5;8;9;5;6;13;8;9;10;6;7;5;7;18;15;5;12;7;12;7;2;8;8;4;6;3;7;6;6;3;7;3;4;0;7;5;3;2;4;6;3;6;2;6;4;2;4;6;0;4;3;5;2;2;0;0;0;0;1;1;1;1;0;0;1;0;1;0;0;0;0;0;0;1;0;0;0
280290805000074;8;330;322;95;69;106;38;7;0;1;1;11;0;1;0;0;1;0;0;0;0;0;5;0;0;0;0;1;1;0;1;1;0;0;1;4;3;8;7;5;9;10;9;7;9;5;8;9;8;12;9;9;6;2;4;9;4;5;3;6;3;10;8;5;7;6;6;5;4;7;6;6;3;2;2;2;4;6;0;5;4;2;1;1;4;2;2;1;0;4;1;2;2;0;0;6;1;3;2;1;5;2;1;1;0;1;1;1;0;1;0;2;0;0;1;0;1;0;0;0;0;0;0;0;1;0;0;0;0;1;0;0;0;0;0
280290805000075;8;527;527;161;107;150;46;17;4;6;3;18;0;7;0;7;1;0;0;0;0;0;7;0;0;0;0;0;0;3;2;0;1;1;0;7;13;2;7;5;8;9;5;18;6;16;9;16;12;13;15;9;3;8;12;4;14;7;15;9;8;7;5;6;7;10;8;8;6;9;12;15;6;5;13;11;5;6;5;3;5;5;6;8;2;6;3;3;3;3;3;2;5;1;2;5;3;2;3;4;3;3;4;3;7;1;1;1;2;2;2;2;1;4;1;0;2;0;1;2;1;0;2;0;1;2;1;0;0;0;0;0;0;0;0
280290805000076;8;270;265;78;54;68;32;6;4;3;2;18;0;1;0;2;0;1;1;0;0;0;3;0;1;0;1;0;1;0;0;0;0;0;0;9;6;4;4;9;1;2;7;7;4;5;5;6;4;6;8;1;3;3;4;7;10;2;7;4;6;6;1;4;1;0;6;2;8;5;3;3;3;3;1;4;3;6;5;1;4;2;3;4;4;1;1;3;3;0;1;4;0;1;3;2;0;7;3;2;1;2;1;0;1;0;2;0;1;2;0;0;1;1;1;0;1;2;2;1;0;0;1;0;0;0;0;0;0;0;0;0;0;0;0
280290805000077;5;511;511;149;108;151;51;24;5;2;0;11;1;5;0;3;0;0;0;1;0;0;9;1;1;1;0;2;0;0;0;1;1;1;1;7;12;18;14;10;12;9;12;7;11;11;12;10;11;5;15;11;10;8;7;9;10;9;10;16;4;5;9;11;9;5;8;6;10;8;9;10;11;8;6;9;11;4;4;3;6;8;4;4;2;2;2;4;3;5;2;2;1;3;2;2;2;2;1;0;1;1;2;3;1;2;2;1;1;1;1;0;2;0;1;0;0;1;1;1;0;2;1;1;2;1;0;0;0;0;0;0;0;0;0
280290805000078;5;798;791;215;151;223;101;32;8;1;2;40;0;8;0;13;4;0;0;0;0;0;17;1;2;2;0;2;1;0;0;1;3;5;0;16;25;17;22;21;20;11;21;20;24;15;10;15;17;16;16;12;19;12;13;15;20;17;16;19;20;16;16;17;12;10;16;10;8;12;13;13;2;4;5;13;9;7;6;4;7;7;8;5;9;5;7;5;8;4;4;7;6;4;7;5;1;4;2;1;4;3;3;3;1;6;1;0;0;1;0;4;2;0;0;0;3;0;1;1;0;0;0;0;0;0;0;0;0;0;0;0;0;0;0
280290805000079;8;309;309;81;57;78;42;16;4;1;0;21;2;2;0;3;1;0;0;1;0;0;8;0;1;2;2;0;0;0;1;1;1;0;0;3;9;2;4;8;4;10;5;7;7;7;9;12;5;12;9;16;3;10;6;6;9;4;1;3;4;7;4;3;1;2;4;3;5;7;5;8;5;3;5;2;1;5;4;2;3;0;3;3;3;5;2;2;1;2;1;5;0;0;1;2;0;0;0;2;1;1;1;0;2;1;1;0;2;1;0;0;2;0;0;0;3;0;0;0;0;0;0;0;0;0;0;0;0;0;0;0;0;0;0
280290805000080;8;400;390;120;93;105;21;22;3;5;1;10;1;5;0;3;1;0;0;0;0;2;8;0;0;1;2;0;2;0;1;0;0;0;2;10;5;8;6;7;6;3;9;8;7;7;8;11;8;9;6;6;10;6;5;8;9;4;6;13;6;7;6;5;6;7;7;7;7;4;7;4;4;4;9;5;8;1;6;4;7;9;7;3;1;2;6;0;1;3;1;5;5;5;2;0;1;0;0;2;3;0;5;3;4;2;1;1;2;1;1;2;0;0;1;1;1;1;0;0;0;2;0;0;0;0;0;0;0;1;0;0;0;0;1
280290805000081;5;345;345;113;81;108;31;0;1;0;1;6;0;2;0;1;1;0;0;0;0;0;7;2;0;0;2;0;0;0;1;1;0;0;1;5;4;4;4;7;3;6;6;4;5;9;9;7;5;5;8;9;9;2;9;5;12;1;6;9;6;11;7;3;6;5;6;5;3;7;5;2;3;7;3;4;5;6;8;6;5;3;4;3;0;3;2;1;3;3;0;4;1;0;3;3;3;2;3;2;4;3;2;1;2;1;2;2;1;1;1;1;1;2;0;0;0;1;1;1;0;0;0;1;1;0;0;0;0;0;0;0;0;0;0
280290805000082;8;260;260;74;58;93;25;1;1;1;0;3;0;1;0;2;0;0;0;1;0;0;5;0;0;0;0;2;0;0;0;1;1;1;0;4;3;4;4;6;5;3;5;6;5;9;3;8;5;5;3;7;7;8;3;5;3;4;3;3;5;5;3;2;3;5;3;6;3;3;4;2;7;3;3;3;4;4;2;2;1;1;3;4;1;2;1;3;3;5;0;3;5;2;3;5;2;0;3;2;1;0;0;1;0;1;2;0;1;1;0;1;0;0;0;1;0;1;2;0;0;0;0;0;1;0;0;0;0;0;0;0;0;0;0
280290805000083;8;191;191;49;35;65;24;8;1;2;0;2;0;2;0;1;2;0;0;0;0;0;4;0;1;1;0;0;0;1;0;0;1;0;0;2;2;4;1;4;2;5;0;7;3;5;5;7;5;3;6;3;5;3;6;2;6;7;2;4;3;1;4;2;3;2;1;2;4;3;2;1;2;3;4;1;4;2;0;3;1;2;0;3;3;2;0;0;1;0;1;1;0;4;5;2;2;2;1;1;0;0;1;0;1;0;1;0;0;3;0;0;0;0;1;0;0;0;1;0;2;0;0;0;0;0;0;0;0;0;0;0;0;0;0
280290805000084;8;289;289;82;53;84;31;8;1;1;0;13;0;6;0;10;0;0;0;0;0;0;9;0;3;2;1;0;0;0;0;1;0;1;1;4;6;3;4;5;7;5;4;9;6;5;11;13;10;8;3;6;9;3;3;2;5;5;3;1;6;4;8;5;6;8;1;8;9;4;2;5;1;2;3;1;4;1;2;3;6;3;3;1;2;5;1;1;3;1;0;0;2;2;2;0;1;3;3;2;0;1;0;2;2;1;1;0;1;2;0;0;1;0;1;0;0;2;1;0;0;0;1;0;0;0;0;0;0;0;0;0;0;0;0
280290805000085;5;328;328;102;64;83;41;1;5;0;1;16;1;5;0;8;1;0;0;0;0;0;2;0;0;0;1;0;0;0;0;0;1;0;0;4;2;3;4;7;6;6;4;2;11;8;7;7;9;8;7;8;8;4;5;6;2;4;10;3;3;4;6;3;5;3;3;2;2;6;9;2;6;2;6;7;5;5;3;4;1;4;3;3;7;0;3;3;4;1;4;3;1;2;0;2;7;3;5;1;2;2;4;1;6;1;1;0;5;1;2;2;1;1;2;3;0;0;0;1;1;1;0;0;0;0;0;0;0;0;1;0;0;0;0
280290805000086;8;306;306;87;56;92;44;8;4;1;0;8;0;4;0;2;0;0;0;0;0;0;8;0;1;2;0;0;0;0;0;1;1;2;1;3;3;8;3;8;8;7;3;8;5;5;7;12;9;7;6;9;6;2;5;2;4;5;1;1;6;3;7;4;9;9;2;3;6;4;6;5;2;7;9;6;1;3;1;3;2;2;1;2;1;2;1;1;3;3;2;1;3;3;7;0;0;1;5;3;2;2;1;1;2;0;1;0;3;1;0;1;2;3;1;1;0;0;0;0;0;0;0;1;0;0;0;0;0;0;0;0;0;0;0
280290805000087;5;354;354;107;81;116;25;5;2;0;3;8;0;3;0;4;0;0;0;0;0;0;5;0;0;0;0;0;0;1;1;0;0;2;1;5;10;5;3;8;6;6;4;9;12;11;4;10;11;10;4;7;7;7;6;3;9;3;8;2;5;5;10;7;8;6;6;5;3;5;5;2;9;7;8;5;7;4;3;2;2;3;1;2;5;2;4;0;1;2;3;3;1;1;2;1;2;2;4;2;1;3;1;0;3;2;3;2;1;1;0;0;0;0;0;0;0;1;2;1;0;1;0;0;1;0;0;1;0;0;0;0;0;0;0
280290805000088;8;564;558;161;110;191;53;10;6;4;1;14;0;5;0;9;0;0;0;0;0;0;14;1;2;1;2;2;0;1;1;0;2;0;2;6;9;20;7;7;9;10;9;10;21;12;9;17;8;16;16;11;11;10;14;11;17;9;11;9;10;11;8;8;4;10;8;11;2;6;4;7;11;11;9;4;7;9;2;5;5;4;9;4;6;5;4;5;3;7;3;3;5;2;2;3;3;2;3;4;5;2;4;0;1;1;2;2;0;1;0;2;0;0;2;0;1;0;2;0;2;2;0;0;1;0;0;0;1;0;0;0;0;0;1
280290805000089;5;646;634;207;149;180;75;7;3;2;0;16;0;2;1;2;1;1;0;0;0;0;5;1;2;0;2;0;0;0;0;0;0;0;0;13;9;8;11;10;7;7;7;9;19;12;10;14;11;21;21;8;13;12;18;12;10;10;12;7;10;6;11;5;11;8;8;7;9;8;10;7;7;9;8;16;15;8;6;7;13;5;6;7;2;3;8;5;11;10;6;3;4;7;6;3;5;4;6;4;4;4;2;3;3;3;3;1;5;2;2;2;3;5;0;4;2;1;0;1;0;1;0;0;0;0;1;2;1;1;0;0;0;0;0
280290805000090;8;380;380;106;79;119;27;7;10;1;0;20;0;3;0;3;5;0;0;0;0;0;7;0;1;0;1;0;2;1;0;1;0;1;0;1;7;5;7;4;3;12;4;3;17;13;8;11;14;12;6;13;7;17;11;8;8;7;6;12;7;4;7;7;12;4;9;5;3;10;4;2;5;4;5;1;1;2;1;5;1;2;1;1;8;3;1;1;1;5;4;0;1;3;3;1;2;1;3;2;0;3;0;1;1;0;0;3;1;0;0;1;1;0;1;0;0;0;0;1;0;0;1;0;0;0;0;1;0;0;0;0;0;0;0
280290805000091;8;632;632;172;105;183;63;0;1;32;1;19;0;32;1;21;2;0;0;0;0;0;15;0;0;1;2;1;2;2;0;4;2;1;0;12;12;12;18;10;13;7;10;17;12;18;14;9;18;13;20;15;13;10;11;13;11;13;12;11;10;13;13;21;11;10;11;7;11;8;10;4;13;10;9;5;2;2;5;6;4;3;9;4;2;6;4;3;2;8;8;4;4;2;6;6;6;5;2;2;0;2;2;1;1;1;1;2;1;3;0;0;2;1;1;0;0;0;0;1;0;0;1;0;0;0;1;0;0;1;0;0;0;0;0
280290805000092;5;590;590;149;112;175;92;4;13;2;1;31;0;0;0;9;2;0;0;0;0;0;7;1;0;0;0;0;2;0;1;1;2;0;0;10;7;13;11;17;15;10;9;12;14;14;11;7;11;13;17;14;12;15;14;11;18;20;13;9;10;14;12;12;7;10;5;6;5;5;13;12;7;8;9;6;10;4;7;6;5;7;4;7;6;1;5;6;5;3;4;1;3;3;2;2;5;0;0;3;2;5;0;2;2;2;1;0;0;0;0;0;0;3;3;0;0;1;1;2;0;1;0;0;1;0;0;0;0;0;0;0;0;0;0
280290805000093;8;480;480;134;88;141;56;2;3;3;0;26;2;15;0;2;8;0;0;0;0;0;5;0;1;1;0;0;0;0;0;1;2;0;0;9;8;8;8;9;9;10;14;12;10;11;8;11;9;11;11;7;9;7;11;14;8;14;14;14;7;4;8;9;14;10;12;9;7;6;7;7;4;6;5;8;3;2;4;2;5;6;3;2;4;3;2;0;2;4;2;3;3;1;5;1;3;4;2;3;2;7;3;1;0;0;4;0;0;1;0;0;0;1;2;0;1;1;0;1;0;1;1;0;1;0;0;0;0;0;0;0;0;0;0
280290805000094;8;199;199;53;43;87;13;0;0;0;0;2;0;0;0;1;0;0;0;0;0;0;1;0;0;0;1;0;0;0;0;0;0;0;0;3;1;2;2;6;4;4;4;7;5;5;2;11;3;3;3;0;4;4;4;4;5;9;6;4;2;2;2;4;0;2;2;5;6;6;7;4;0;2;4;4;3;3;5;1;4;2;2;1;0;0;2;1;2;2;3;0;1;1;0;0;1;0;0;1;1;0;0;0;0;0;0;1;0;1;1;0;0;1;0;0;0;0;0;0;0;0;0;0;1;0;0;0;0;0;0;0;0;0;0
280290805000095;8;447;447;136;110;151;31;2;0;1;0;12;1;3;0;0;0;0;0;0;0;0;8;1;1;0;1;0;1;0;0;3;0;1;0;6;7;7;9;10;10;10;9;7;10;7;13;6;8;11;8;6;6;3;7;5;5;9;10;12;8;10;13;8;13;6;13;6;7;2;8;7;7;6;7;1;1;11;8;2;4;6;2;2;2;2;2;4;3;2;4;5;4;5;5;4;7;5;3;5;2;1;0;0;0;2;0;0;2;1;3;0;0;0;2;2;0;0;0;0;0;1;0;0;0;1;0;0;0;0;0;0;0;0;1
280290805000096;8;786;786;207;160;296;31;7;4;10;7;16;0;14;0;22;12;0;0;0;0;0;12;0;0;1;1;1;1;1;1;3;0;1;2;13;9;14;12;15;13;14;15;14;20;15;22;10;27;18;20;11;19;8;16;26;14;11;14;13;13;16;15;17;14;17;19;16;17;17;13;7;13;8;10;12;5;12;13;7;2;5;4;4;7;7;1;8;3;7;4;0;6;5;0;2;3;5;10;9;2;3;3;2;5;1;2;2;3;3;0;0;2;0;2;0;0;0;2;1;1;2;0;0;0;0;0;2;0;0;0;0;0;0;0
280290805000097;8;570;570;163;123;186;46;14;0;8;0;10;0;13;0;3;4;0;0;0;0;0;9;2;2;1;0;0;0;0;1;1;2;0;0;9;4;10;12;11;11;12;6;14;11;10;9;12;9;16;14;8;7;12;11;11;14;9;2;12;10;10;8;12;13;10;6;7;7;7;8;6;8;5;6;12;8;9;5;2;7;10;4;5;5;9;5;3;3;8;4;6;6;10;8;2;2;7;7;8;1;3;2;0;1;1;1;3;2;2;0;1;2;1;2;0;1;0;1;1;1;0;0;0;0;0;1;0;0;0;0;0;0;0;0
280290805000098;8;369;369;112;83;131;31;0;0;3;0;3;1;2;0;1;0;2;0;0;0;0;3;0;0;1;1;1;0;0;0;0;0;0;0;4;10;6;7;8;8;5;7;8;4;8;7;6;5;13;5;9;12;8;5;8;7;10;4;9;5;2;8;9;11;7;4;2;6;5;5;3;1;4;4;4;2;8;5;5;3;4;5;1;4;3;4;7;4;1;6;3;1;5;4;1;1;1;2;2;1;1;2;1;1;0;0;2;0;3;1;2;1;1;2;0;0;1;0;0;1;0;0;1;0;0;0;0;0;0;0;0;0;0;0
280290805000099;8;501;501;141;107;178;34;1;6;0;1;18;0;4;0;3;4;4;0;0;0;0;7;0;1;1;0;0;3;0;1;1;0;0;0;10;11;8;15;4;13;10;5;14;11;10;10;13;6;11;9;8;14;9;6;16;8;3;13;11;4;9;6;10;9;4;11;8;6;12;7;4;3;6;9;5;6;2;3;7;6;5;2;8;5;4;4;2;4;6;6;3;6;4;6;2;3;1;1;2;1;2;1;2;3;0;2;4;1;3;0;3;1;2;0;0;3;2;1;1;1;0;0;1;0;0;0;0;1;0;0;0;0;0;0
280290805000100;8;144;144;37;29;60;11;0;2;1;0;0;0;1;0;3;0;0;0;0;0;0;10;2;0;0;1;0;1;3;0;1;0;0;2;2;2;0;6;1;2;2;1;1;4;5;3;4;5;4;5;4;5;4;1;9;2;5;5;3;1;1;1;1;3;0;1;2;4;0;0;1;2;3;0;1;3;3;2;2;2;1;0;2;2;0;0;0;2;0;0;0;0;0;2;0;1;0;1;0;0;0;1;1;0;1;0;0;0;0;0;0;0;0;0;0;1;0;0;0;0;0;0;0;0;0;0;0;1;0;0;0;0;0;0
280290805000101;8;428;428;122;92;168;21;0;3;2;0;9;0;5;0;4;2;0;0;0;0;0;10;2;2;0;1;0;0;1;1;1;0;2;0;9;10;4;8;5;9;5;6;5;6;7;4;13;12;12;5;12;13;12;6;5;7;11;8;4;9;7;5;7;4;6;2;8;6;7;8;4;2;6;3;7;4;3;2;8;2;3;4;3;5;4;5;5;5;7;4;3;7;3;2;3;3;1;4;3;3;2;2;1;4;1;3;2;1;2;3;0;1;0;1;0;3;1;2;0;1;1;0;1;0;1;0;0;0;0;0;0;0;0;0
280290805000102;8;445;445;118;100;196;20;0;2;0;0;5;0;3;0;0;1;0;0;0;0;0;5;1;1;0;0;0;1;0;0;0;0;1;1;0;4;7;7;7;6;2;9;8;10;6;15;5;14;14;12;12;9;12;17;10;6;6;7;8;6;5;9;9;9;2;5;4;7;14;2;2;7;2;7;8;9;7;7;5;2;6;2;6;7;1;3;5;4;4;2;1;4;4;6;5;3;4;4;3;4;4;2;3;1;2;2;0;2;0;0;1;0;1;2;0;0;0;1;0;0;0;0;0;0;0;0;0;0;0;0;0;0;0;0
280290805000103;8;317;317;88;73;131;13;0;2;1;1;6;0;0;0;1;0;1;0;0;0;0;6;1;1;0;0;1;0;1;0;0;1;0;1;4;2;7;0;14;4;4;6;8;12;7;10;7;10;5;9;1;2;3;5;6;3;4;2;9;2;4;6;3;6;12;8;5;12;5;7;3;4;8;3;0;3;4;2;3;4;1;1;1;2;2;4;4;2;5;5;2;1;1;2;1;5;2;0;0;0;2;0;1;1;0;2;2;3;1;0;0;1;1;1;3;0;2;0;1;0;0;0;0;0;0;0;0;0;1;0;0;0;0;0
280290805000104;8;330;330;86;66;86;50;8;7;0;1;24;0;0;0;1;1;0;0;0;0;0;6;1;2;0;0;0;1;0;1;1;0;0;0;10;4;4;4;6;4;5;9;6;7;9;5;11;14;7;10;7;7;6;3;6;3;6;9;8;7;10;5;12;11;3;7;5;1;5;7;5;2;4;3;1;3;0;1;6;2;1;3;6;3;5;3;6;2;3;2;2;3;2;0;4;0;2;1;0;0;0;0;0;0;1;0;0;1;0;0;0;0;2;0;0;0;0;1;0;0;0;0;0;0;0;0;0;0;0;0;0;0;0;1
280290805000105;8;196;196;58;46;50;20;1;1;4;0;6;0;8;0;2;0;0;0;0;0;0;2;0;0;0;0;0;0;1;0;1;0;0;0;7;4;2;5;5;4;2;2;4;1;4;7;2;7;1;3;3;5;5;2;2;5;4;5;3;1;1;5;3;3;4;1;0;1;2;5;2;8;4;3;3;3;4;1;1;1;5;3;0;0;1;2;1;1;2;1;0;1;1;1;1;1;2;0;2;1;0;2;2;0;0;3;2;0;2;1;0;0;2;2;0;0;1;0;0;0;1;0;0;0;0;0;0;0;0;0;0;0;0;0
280290805000106;8;86;86;26;18;14;18;0;2;1;0;3;0;0;0;4;0;0;0;0;0;0;1;0;0;0;1;0;0;0;0;0;0;0;0;0;1;1;3;2;1;3;1;3;1;1;1;3;1;1;1;2;0;1;0;1;2;1;1;1;4;2;2;1;4;2;3;1;1;2;0;1;3;2;0;0;1;1;1;1;1;0;0;1;0;2;0;3;0;0;0;0;1;0;0;0;2;1;0;0;3;0;1;1;0;0;0;1;0;0;0;0;0;1;0;0;0;0;1;0;0;0;0;0;0;0;0;0;0;1;0;0;0;0;0
280290805000107;1;663;663;191;127;191;69;8;8;7;0;37;1;8;0;11;0;3;0;2;0;0;7;0;0;3;0;0;3;0;1;0;0;0;0;12;7;8;10;7;9;5;14;12;8;11;11;16;11;9;12;9;15;15;12;22;15;10;11;11;14;13;14;14;11;10;12;14;8;14;11;11;7;9;11;7;12;7;6;8;12;8;10;4;11;4;9;10;5;6;4;7;5;6;3;5;5;2;3;1;5;4;2;6;1;4;2;1;2;3;0;1;2;1;5;0;0;0;0;1;0;0;0;1;0;0;0;0;0;0;0;0;0;0;0
280290805000108;1;1068;1064;315;205;281;102;46;13;4;1;56;1;19;0;22;0;3;0;0;0;0;16;2;1;2;0;0;2;2;1;1;0;2;3;16;19;26;16;22;20;15;20;16;21;19;19;29;27;28;26;20;22;25;22;23;21;13;8;9;16;21;13;21;27;18;22;20;17;13;16;7;15;11;17;15;20;12;10;15;8;9;16;7;12;3;13;8;12;7;9;8;7;10;8;8;8;6;6;7;5;5;2;4;7;2;5;1;5;1;0;1;0;6;1;0;0;1;1;1;0;1;1;0;1;0;1;0;0;0;0;0;0;0;0
280290805000109;1;1157;1157;350;255;328;112;17;8;5;3;32;0;11;0;17;13;3;0;3;0;0;18;0;5;0;4;2;2;1;1;0;2;1;0;13;22;14;14;17;20;11;19;16;25;19;23;19;26;18;24;22;24;24;19;23;22;27;29;25;32;26;27;20;27;24;17;20;20;25;20;22;22;19;23;12;22;11;15;18;15;19;9;12;9;13;9;11;7;8;8;8;11;2;9;4;8;3;4;2;2;2;3;1;2;1;3;1;1;1;0;3;1;1;0;0;0;1;2;4;0;0;0;1;0;0;1;0;0;0;0;0;0;0;0
280290805000110;1;993;993;299;186;232;140;31;18;2;4;49;2;12;1;12;1;4;0;0;0;0;13;1;0;1;0;1;1;1;2;3;2;0;1;14;15;11;20;13;18;13;22;19;10;19;15;25;16;28;33;17;18;16;25;23;21;21;16;19;14;19;18;17;19;14;16;15;16;16;15;10;11;11;19;11;10;8;12;14;9;5;12;9;12;10;10;4;9;10;11;12;5;6;10;6;8;6;4;3;7;3;3;0;4;1;6;2;3;3;5;3;3;3;2;2;2;4;1;3;3;1;2;0;0;0;0;0;0;1;0;0;0;0;0
280290805000111;1;780;779;220;152;218;101;10;9;8;1;35;0;9;1;10;0;6;0;0;0;0;15;2;0;2;1;1;0;1;2;2;3;0;1;13;15;20;21;18;12;17;18;18;21;18;14;14;21;10;15;16;14;14;17;17;15;17;15;20;10;14;23;10;15;9;12;13;18;14;15;10;12;14;12;15;10;14;7;7;8;8;3;5;5;8;4;5;2;2;3;5;1;1;6;5;2;2;2;3;0;2;2;0;3;0;1;1;3;1;0;0;3;0;1;1;0;0;0;1;0;1;1;0;0;0;0;0;0;0;0;0;0;0;0
280290805000112;1;938;938;286;189;237;134;4;10;10;3;35;0;8;0;12;1;4;0;4;1;0;11;1;0;1;2;0;1;0;2;2;0;1;1;11;15;9;14;15;7;14;15;13;14;18;14;18;23;24;22;14;11;18;16;21;20;17;15;18;11;12;13;19;26;20;10;21;18;16;14;10;15;16;13;13;25;13;16;8;10;11;10;14;12;8;12;3;4;7;4;11;12;6;8;1;10;5;5;7;2;4;6;3;4;8;2;4;2;2;1;4;1;2;2;1;0;2;3;2;2;1;2;0;0;1;0;0;0;0;0;0;1;0;0
280290805000113;1;1132;1132;349;238;289;149;27;8;3;2;24;0;17;0;23;3;0;0;0;0;0;17;3;2;1;0;0;2;2;2;1;2;0;2;17;29;18;22;26;19;23;21;19;35;20;20;20;18;26;24;14;21;26;25;25;24;24;19;31;29;40;28;28;19;18;14;30;27;19;11;12;12;18;16;10;7;10;10;7;13;7;9;13;15;5;6;9;9;8;10;10;2;6;5;3;5;3;3;8;3;3;0;1;3;5;1;1;1;1;1;2;1;0;3;1;0;1;3;3;0;0;0;0;0;0;0;1;0;0;0;0;0;0;0
280290805000114;1;517;511;158;112;133;85;5;6;3;0;10;0;2;0;1;1;1;0;0;0;0;7;0;1;0;0;1;1;2;0;0;1;0;1;9;7;4;10;9;11;4;10;10;13;7;11;11;13;15;13;12;12;9;8;5;7;14;6;10;10;7;14;7;9;9;10;14;12;10;11;11;3;13;7;5;5;6;9;2;7;4;3;5;8;6;6;3;2;5;1;2;4;4;3;0;0;0;3;2;1;1;2;3;3;2;2;0;0;1;2;1;2;0;0;1;2;2;0;0;1;0;0;1;0;1;0;0;0;0;0;0;0;0;0
280290805000115;1;973;973;316;207;254;110;15;7;7;1;29;1;12;0;5;3;6;0;0;0;0;15;2;0;3;1;2;0;1;4;0;0;2;0;16;17;11;12;14;18;17;15;20;16;20;22;29;17;14;26;16;13;19;16;18;21;18;20;22;19;13;16;24;16;20;17;18;19;16;17;17;16;15;16;18;14;9;10;18;9;11;14;6;11;7;7;5;8;11;9;4;6;4;5;10;5;5;4;3;3;2;3;2;7;1;2;2;4;0;0;1;2;0;1;1;0;0;2;1;2;0;1;0;1;0;1;0;0;0;0;0;0;0;0
280290805000116;1;548;548;164;109;140;77;4;9;3;1;24;1;11;0;5;0;0;0;0;0;0;10;0;0;0;0;1;0;3;1;0;3;1;1;3;6;4;7;9;5;5;10;6;8;8;12;7;9;14;7;14;18;8;12;17;14;21;10;10;12;11;15;9;13;7;5;4;12;9;8;9;5;8;4;8;2;7;6;8;7;10;7;6;7;5;5;1;6;6;4;2;6;7;2;3;4;3;5;1;1;5;3;1;1;2;1;1;1;2;2;1;1;4;2;2;0;1;0;1;0;0;0;2;1;0;0;0;0;0;0;0;0;0;0
280290805000117;1;52;47;13;9;10;10;0;1;0;0;6;0;1;0;0;0;2;0;0;0;0;1;0;0;0;0;0;0;1;0;0;0;0;0;0;3;2;0;0;1;2;0;1;0;1;3;3;1;1;0;1;1;1;1;0;0;0;1;2;0;3;0;0;1;0;0;3;0;3;2;1;4;0;0;0;0;0;0;1;0;0;0;0;2;0;0;0;0;0;0;0;1;0;0;0;0;0;0;1;0;0;0;0;0;0;1;0;0;0;0;1;0;0;0;1;0;0;0;1;0;0;0;0;0;0;0;0;0;0;0;0;0;0;0
280290805000118;1;145;145;43;26;24;18;0;1;13;0;4;0;13;0;3;0;0;0;0;0;0;3;0;0;1;0;1;0;1;0;0;0;0;0;4;2;4;2;3;0;2;2;1;4;4;4;3;3;2;3;1;1;2;2;2;4;3;1;1;4;0;7;2;2;5;2;3;2;2;3;1;2;7;4;4;1;1;2;2;1;0;1;0;0;1;2;1;3;3;0;1;3;2;0;0;0;1;0;0;0;1;0;0;0;0;1;0;1;0;1;0;0;0;0;0;2;0;0;0;0;1;0;0;0;0;0;0;0;0;0;0;0;0;0
280290805000119;1;126;126;37;23;31;17;1;0;5;0;2;0;4;0;6;0;0;0;0;0;0;1;0;1;0;0;0;0;0;0;0;0;0;0;3;2;5;2;3;1;4;4;4;3;3;2;1;2;1;2;0;2;1;1;3;2;1;3;5;4;4;2;5;2;2;3;4;2;3;2;1;2;3;2;1;1;1;0;1;2;1;1;2;1;0;1;1;2;0;1;0;0;2;2;0;0;0;0;0;0;1;0;0;0;1;1;0;0;1;0;0;0;0;0;0;0;0;0;0;0;0;0;0;0;0;0;0;0;0;0;0;0;0;0
280290805000120;1;414;414;112;88;96;54;9;8;6;1;22;1;5;0;7;1;2;0;1;1;0;9;0;0;0;1;3;2;0;0;1;0;1;1;9;8;7;7;10;12;7;12;10;6;10;6;11;14;12;8;3;8;6;4;7;6;10;11;4;7;6;11;6;6;7;8;10;3;11;6;8;8;8;6;6;7;5;5;4;2;4;5;1;0;3;2;3;3;6;4;2;3;3;1;1;2;1;0;1;2;0;1;0;1;0;1;0;0;1;0;1;1;1;0;0;1;1;0;1;0;0;0;0;0;0;0;0;0;0;0;0;0;0;0
280290805000121;1;473;473;151;82;78;101;19;2;0;1;12;0;10;0;16;1;0;0;0;0;0;8;0;1;0;1;3;0;0;0;0;0;1;2;8;9;10;3;2;5;8;11;10;10;10;6;8;16;9;4;12;8;10;12;11;10;10;6;6;4;9;7;7;4;9;4;1;9;9;6;6;13;5;11;8;8;9;9;6;5;6;2;5;6;1;2;2;4;6;0;2;3;4;2;3;4;1;1;4;6;5;4;1;2;3;3;1;1;3;2;2;4;2;2;2;1;0;0;0;0;0;0;0;0;0;0;0;0;0;0;0;0;0;0
280290805000122;1;104;104;30;25;27;10;1;1;0;1;3;0;0;0;2;1;1;0;2;0;0;0;0;0;0;0;0;0;0;0;0;0;0;0;0;1;3;2;0;0;2;2;2;1;6;2;0;0;1;2;1;4;0;3;1;2;1;1;1;0;1;0;1;3;0;2;0;1;2;2;5;1;2;2;5;2;2;1;3;2;2;1;1;1;1;0;0;0;1;1;0;1;5;1;2;0;0;1;0;0;0;1;2;0;0;1;0;0;1;0;0;1;1;0;0;0;1;0;2;0;0;1;0;0;0;0;0;0;0;0;0;0;0;0
280290805000123;1;1183;1180;351;200;268;103;3;10;85;5;58;0;64;4;20;5;7;0;0;0;0;10;2;1;1;0;0;0;0;0;1;2;3;0;16;12;11;22;11;7;14;19;20;9;12;21;25;24;22;20;21;25;21;21;17;46;25;13;23;19;21;27;22;17;14;15;13;18;28;15;16;13;18;25;15;17;20;12;16;16;20;10;15;13;10;9;15;12;13;12;10;16;10;13;13;4;3;13;9;7;6;14;5;3;3;9;8;7;2;1;4;3;2;1;3;3;2;4;2;2;0;1;1;2;0;2;0;0;0;2;0;0;0;0
280290805000124;1;629;629;197;142;184;62;8;4;3;1;15;2;7;0;3;1;0;0;0;0;0;15;2;1;3;1;3;1;1;0;0;1;1;1;10;14;14;7;13;10;8;5;15;14;9;10;9;13;17;13;7;8;9;10;22;10;13;13;19;13;21;14;13;11;17;10;10;12;7;12;10;11;9;8;3;5;8;7;4;5;9;3;14;7;5;1;2;2;7;6;3;3;6;7;3;4;4;2;1;1;2;1;2;0;0;1;4;0;0;1;2;2;1;1;1;1;0;0;1;0;0;0;0;1;0;0;0;1;0;0;0;0;0;0
280290805000125;1;10;"X";"X";"X";"X";"X";"X";"X";"X";"X";"X";"X";"X";"X";"X";"X";"X";"X";"X";"X";"X";"X";"X";"X";"X";"X";"X";"X";"X";"X";"X";"X";"X";"X";"X";"X";"X";"X";"X";"X";"X";"X";"X";"X";"X";"X";"X";"X";"X";"X";"X";"X";"X";"X";"X";"X";"X";"X";"X";"X";"X";"X";"X";"X";"X";"X";"X";"X";"X";"X";"X";"X";"X";"X";"X";"X";"X";"X";"X";"X";"X";"X";"X";"X";"X";"X";"X";"X";"X";"X";"X";"X";"X";"X";"X";"X";"X";"X";"X";"X";"X";"X";"X";"X";"X";"X";"X";"X";"X";"X";"X";"X";"X";"X";"X";"X";"X";"X";"X";"X";"X";"X";"X";"X";"X";"X";"X";"X";"X";"X";"X";"X";"X";"X"
280290805000126;1;41;41;14;7;8;3;1;1;0;0;3;2;1;0;1;0;0;0;0;0;0;0;0;0;0;0;0;0;0;0;0;0;0;0;0;0;4;1;0;1;0;0;2;0;0;0;1;0;0;0;0;0;1;1;2;0;0;3;1;1;1;1;1;1;1;4;0;0;1;0;0;0;1;1;0;0;0;0;0;1;0;1;0;0;0;1;0;0;0;1;0;0;1;1;0;1;1;0;0;1;0;0;0;0;0;0;0;0;0;1;0;1;0;0;0;0;0;0;0;0;0;0;0;0;0;0;0;0;0;0;0;0;0;0
280290805000127;1;588;539;159;117;152;37;11;8;4;2;32;3;4;0;3;1;1;0;5;0;42;8;0;0;1;1;0;1;0;1;1;0;1;2;8;5;8;8;7;7;5;7;4;6;13;6;11;7;8;9;11;13;9;6;11;10;13;11;11;7;7;11;7;12;11;13;7;8;7;5;8;11;8;8;6;14;8;15;12;12;4;6;7;11;5;7;5;6;7;4;4;5;3;9;7;7;6;8;2;2;4;1;6;3;5;4;1;2;1;2;3;1;0;3;4;1;0;3;1;0;0;2;0;1;2;1;1;0;1;0;1;0;0;0
280290805000128;1;392;390;130;72;91;58;1;1;0;0;20;0;8;0;7;2;0;0;0;0;0;6;1;0;0;1;1;0;0;0;1;1;1;0;5;2;8;3;10;4;5;5;6;8;5;5;6;5;8;5;7;10;10;2;6;10;9;8;7;4;15;7;7;7;9;6;2;11;4;9;3;3;3;7;4;5;3;4;3;8;4;3;5;10;3;5;3;5;2;6;6;3;3;5;3;2;1;1;6;1;6;2;1;3;2;5;1;2;1;0;0;0;0;0;0;0;0;0;0;0;1;0;0;0;0;0;0;1;0;0;0;1;0;0
280290805000129;2;385;385;94;69;135;44;5;5;2;1;19;0;6;0;5;0;0;0;0;0;0;5;1;0;1;0;0;1;0;0;1;0;1;0;8;10;6;6;9;11;10;8;8;10;11;9;7;9;15;9;8;12;4;8;11;6;5;7;9;9;4;6;10;8;9;5;4;5;8;5;5;3;4;9;1;5;3;4;4;6;4;2;2;3;0;2;0;0;0;2;3;2;1;3;0;3;2;2;0;0;1;1;2;2;0;1;1;0;1;1;0;0;0;1;1;0;1;0;0;0;0;0;1;0;0;2;0;0;0;0;0;0;0;0
280290805000130;1;909;909;248;188;290;100;35;3;0;0;27;2;8;0;7;0;1;0;0;0;0;20;1;1;1;4;0;0;2;3;1;2;3;2;36;17;20;16;25;27;22;31;23;26;28;25;27;26;20;22;15;12;13;15;14;17;19;16;13;10;16;17;20;15;10;14;15;13;22;8;28;13;12;9;13;4;6;7;10;10;7;4;4;5;1;5;5;2;1;3;5;2;4;0;0;8;3;1;6;5;1;0;1;1;1;1;1;1;4;2;1;2;1;0;1;0;0;0;0;0;1;0;0;1;1;0;0;0;0;0;0;0;0;0
280290805000131;1;1010;1010;314;215;263;153;12;3;3;1;28;0;6;0;11;0;1;0;0;0;0;18;0;3;3;2;3;0;1;2;1;0;2;1;21;24;27;13;17;27;23;23;18;28;29;17;16;27;13;18;22;15;16;18;26;21;21;21;24;25;25;15;20;22;13;19;19;18;16;21;24;16;17;16;10;13;7;11;9;8;10;7;7;8;4;2;4;2;5;1;6;5;4;6;6;2;2;8;3;6;2;2;1;1;1;1;0;3;1;0;3;2;2;3;0;0;0;0;2;1;0;0;0;0;0;0;0;0;0;0;0;0;0;0
280290805000132;1;44;44;12;6;16;8;0;1;0;0;0;0;1;0;0;0;0;0;0;0;0;2;0;0;0;1;0;0;0;0;1;0;0;0;2;1;1;1;1;1;0;3;1;1;0;1;0;2;2;1;2;0;1;0;1;1;0;2;1;0;0;1;1;1;0;0;3;0;1;0;2;1;0;0;0;0;0;0;2;1;1;0;0;0;1;0;0;0;0;0;0;0;0;0;0;0;0;0;0;0;0;0;0;0;0;0;0;0;0;0;0;1;0;0;0;0;0;0;0;0;0;0;0;0;0;0;0;0;0;0;0;0;0;0
280290805000133;1;372;372;121;74;74;54;10;4;5;0;13;1;3;0;9;0;1;2;1;0;0;6;1;1;1;1;0;0;0;0;0;0;2;0;8;4;8;4;0;6;8;3;10;7;7;5;9;10;9;7;6;6;7;4;4;5;6;8;6;6;12;7;5;7;6;7;3;4;4;10;5;8;4;7;2;4;6;7;1;5;7;6;6;3;2;1;2;4;5;3;2;4;3;6;5;1;2;1;2;2;2;3;0;5;1;1;3;2;1;0;0;0;0;0;0;0;1;0;1;0;0;0;0;1;0;0;1;0;0;0;0;0;0;0
280290805000134;1;1335;1335;437;268;304;191;26;8;7;3;52;0;16;0;19;3;1;0;0;0;0;26;0;3;2;2;2;0;2;1;4;4;4;2;34;27;27;20;24;20;20;31;23;31;26;37;32;30;30;24;18;27;21;17;34;22;19;27;28;29;25;31;20;24;29;20;27;21;28;28;25;22;10;20;15;25;14;12;12;15;11;8;9;7;9;10;16;7;4;10;8;10;10;11;7;5;4;3;5;3;5;5;4;6;0;3;4;4;3;1;1;1;1;1;2;2;2;1;0;1;0;1;0;2;1;0;0;0;0;0;0;0;0;0
280290805000136;1;631;631;176;118;157;113;26;2;1;2;22;0;8;0;5;0;1;0;0;0;0;19;2;0;1;2;5;4;2;0;1;0;0;2;12;9;20;20;13;24;15;15;15;12;9;17;14;13;10;20;10;15;11;9;14;8;15;15;10;14;15;10;11;11;12;14;5;9;9;9;7;11;12;5;10;7;8;5;3;4;13;2;6;2;3;5;4;1;1;2;6;1;2;5;2;0;1;1;4;1;2;2;0;1;0;1;0;1;4;0;0;0;0;2;0;1;0;0;0;0;0;0;0;0;0;0;0;0;0;0;0;0;0;0
280290805000137;1;1178;1178;344;203;232;218;34;16;6;3;93;0;9;1;17;2;0;0;0;0;0;24;0;2;3;2;7;1;1;2;2;0;1;3;31;18;17;23;28;24;24;26;19;32;22;37;28;30;23;31;23;18;17;28;24;27;21;20;32;21;24;21;22;27;18;17;18;15;15;16;13;10;14;6;9;15;14;11;13;12;11;11;9;13;8;7;11;9;8;6;7;6;10;8;3;3;3;5;6;7;7;5;2;8;1;4;3;4;0;3;0;1;0;0;3;1;1;1;0;3;0;0;0;0;0;1;0;0;0;1;0;0;0;0
280290805000138;1;286;286;84;60;88;34;5;2;1;1;3;0;2;0;5;1;0;0;0;0;0;4;0;1;1;0;0;0;0;0;2;0;0;0;3;5;3;2;5;2;3;8;4;8;3;7;0;6;6;8;9;9;2;5;11;7;10;5;5;5;5;6;3;3;6;5;11;4;2;3;2;5;6;2;5;6;2;3;3;6;6;5;3;4;2;4;2;4;2;2;1;1;2;1;2;3;1;1;0;0;1;0;0;0;0;0;0;0;1;0;2;0;0;0;0;0;0;0;1;0;0;0;0;1;0;0;0;0;0;0;0;0;1;0
280290805000139;1;378;378;135;75;78;56;2;1;6;1;12;0;5;0;4;0;3;0;0;0;0;2;0;0;1;0;0;0;0;0;1;0;0;0;4;8;3;3;4;12;3;4;5;4;9;2;6;7;8;7;8;5;7;5;9;6;9;11;9;8;5;6;10;5;4;7;7;4;5;4;7;10;5;7;13;7;6;7;5;4;3;2;4;2;2;4;1;2;1;1;2;0;3;4;1;4;2;4;2;3;3;1;5;4;1;5;0;4;1;2;0;0;1;3;0;0;1;1;1;1;0;0;0;0;0;0;0;0;0;0;0;0;1;0
280290805000140;1;727;727;206;152;219;96;15;7;3;0;21;0;2;0;6;0;0;0;0;0;0;15;2;1;0;1;2;2;0;3;1;0;3;0;16;17;25;11;21;12;14;19;14;17;15;20;13;14;11;17;20;10;11;24;7;16;18;16;13;12;13;15;17;17;19;13;6;11;10;11;9;5;16;13;5;8;9;8;8;9;5;5;7;5;4;1;4;3;6;3;4;4;2;3;3;4;3;2;4;0;2;0;3;1;1;1;1;2;2;0;0;0;0;1;0;0;0;0;0;1;0;0;0;0;0;0;0;0;0;0;0;0;0;0
280290805000141;1;981;981;281;191;231;76;1;5;73;4;30;1;58;3;24;3;0;0;0;0;0;15;1;2;2;0;1;3;1;2;1;1;1;0;15;18;14;15;14;18;22;18;19;22;15;19;21;23;30;20;17;18;26;23;23;17;22;19;23;22;20;14;21;28;17;17;14;23;25;15;13;14;22;15;7;9;10;11;9;9;9;7;5;11;3;3;7;9;10;9;9;2;5;8;8;3;1;4;2;2;3;1;0;2;1;2;0;0;3;0;2;1;0;1;1;1;0;0;2;0;2;0;0;1;0;0;0;0;0;0;0;0;0;0
280290805000142;1;693;693;233;144;154;98;0;7;3;0;36;0;6;0;11;0;0;0;1;0;0;6;0;1;0;0;2;0;0;0;0;1;2;0;11;8;10;12;10;2;13;11;9;12;8;8;9;9;15;9;11;9;17;12;23;13;15;17;12;12;12;12;19;12;10;14;15;7;5;10;10;12;8;15;12;13;10;9;4;13;12;7;8;11;4;7;5;10;5;10;10;6;4;7;4;6;4;1;5;0;5;5;2;1;4;1;2;5;1;0;0;4;1;2;0;1;2;1;3;1;1;0;0;0;0;0;0;0;0;0;0;0;0;0
280290805000143;1;588;588;175;127;174;50;9;0;4;1;28;1;5;0;12;1;1;0;0;0;0;8;1;0;2;0;1;1;1;1;0;0;1;0;9;17;7;12;10;5;12;12;14;8;9;12;16;11;13;6;10;13;6;11;15;18;11;12;14;12;14;17;11;14;11;11;9;8;16;11;2;9;14;5;7;8;6;3;11;6;4;3;6;4;8;7;3;2;5;3;5;2;1;6;3;3;1;0;2;0;1;2;4;4;0;0;0;1;1;4;1;2;0;1;1;0;1;0;1;0;0;0;0;0;0;0;0;0;0;0;0;0;0;0
280290805000144;7;367;367;79;54;106;56;4;6;1;0;42;3;7;0;8;1;0;0;0;0;0;9;2;0;0;0;1;1;0;2;0;1;2;0;8;8;12;9;10;9;6;10;4;12;9;8;14;8;14;10;11;8;5;9;12;6;5;7;10;7;5;6;3;12;1;7;8;5;4;11;3;10;1;6;2;2;0;4;1;3;2;0;1;3;3;3;1;1;2;2;1;1;3;0;1;2;0;0;1;0;1;2;1;0;0;0;0;1;0;0;0;0;0;0;1;0;0;0;0;0;0;0;0;0;0;0;0;0;0;0;0;0;0;0
280290805000145;5;308;308;88;69;107;29;6;1;0;1;5;0;1;0;0;0;1;0;0;0;0;2;0;1;0;0;0;0;0;0;1;0;0;0;7;6;3;8;5;6;2;5;10;6;5;8;10;8;6;7;6;5;4;6;6;10;6;6;11;8;5;6;5;10;7;3;7;1;2;5;1;5;3;7;1;5;3;3;4;2;2;1;3;2;4;1;4;2;2;3;1;1;5;1;2;4;2;0;2;0;1;0;0;1;0;0;1;0;1;0;1;0;1;0;0;0;0;0;0;0;0;1;0;0;0;0;0;0;0;0;0;0;0;2
280290805000146;5;18;"X";"X";"X";"X";"X";"X";"X";"X";"X";"X";"X";"X";"X";"X";"X";"X";"X";"X";"X";"X";"X";"X";"X";"X";"X";"X";"X";"X";"X";"X";"X";"X";"X";"X";"X";"X";"X";"X";"X";"X";"X";"X";"X";"X";"X";"X";"X";"X";"X";"X";"X";"X";"X";"X";"X";"X";"X";"X";"X";"X";"X";"X";"X";"X";"X";"X";"X";"X";"X";"X";"X";"X";"X";"X";"X";"X";"X";"X";"X";"X";"X";"X";"X";"X";"X";"X";"X";"X";"X";"X";"X";"X";"X";"X";"X";"X";"X";"X";"X";"X";"X";"X";"X";"X";"X";"X";"X";"X";"X";"X";"X";"X";"X";"X";"X";"X";"X";"X";"X";"X";"X";"X";"X";"X";"X";"X";"X";"X";"X";"X";"X";"X";"X"
280290805000147;5;222;222;61;51;89;11;5;2;0;0;2;0;1;0;0;0;0;0;0;0;0;1;0;0;0;0;0;0;0;0;1;0;0;0;4;2;2;4;4;2;2;3;4;5;5;7;11;8;9;9;3;3;7;1;4;5;5;5;6;1;4;2;3;2;1;5;2;6;2;3;8;2;6;1;3;3;4;6;3;1;1;3;0;1;1;2;0;0;1;1;0;3;1;0;0;1;3;5;0;0;1;0;2;0;0;1;0;0;0;0;0;1;1;0;0;1;0;1;1;0;0;1;0;0;0;0;0;0;0;0;0;0;0;0
280290805000148;5;147;147;45;30;51;12;0;0;0;0;6;1;1;0;1;0;0;0;0;0;0;3;0;1;0;1;0;0;0;0;0;0;1;0;4;2;4;1;0;1;4;3;4;5;5;6;3;2;4;3;2;2;0;6;3;1;0;1;5;5;0;1;1;1;8;3;4;4;4;2;3;2;2;4;1;1;2;0;1;2;1;1;0;1;2;0;1;0;0;2;0;0;0;2;2;1;0;0;1;1;0;0;0;0;0;0;2;0;0;1;0;1;0;1;0;0;1;1;0;0;0;0;0;0;0;0;0;0;0;0;0;0;0;0
280290805000149;5;115;115;28;18;30;16;4;4;3;0;8;0;3;0;1;0;0;0;0;0;0;1;1;0;0;0;0;0;0;0;0;0;0;0;0;0;1;2;2;0;1;1;4;3;2;4;2;2;3;3;2;1;1;2;2;1;2;2;4;0;2;3;0;4;3;1;2;2;3;0;0;0;0;2;2;3;3;1;2;1;1;1;2;0;2;4;0;2;0;0;2;1;2;1;0;0;0;1;0;0;1;2;2;2;0;0;1;1;1;0;0;3;0;1;0;0;0;0;0;0;0;0;0;0;0;0;0;0;0;0;0;0;0;0
280290805000150;5;80;"X";"X";"X";"X";"X";"X";"X";"X";"X";"X";"X";"X";"X";"X";"X";"X";"X";"X";"X";"X";"X";"X";"X";"X";"X";"X";"X";"X";"X";"X";"X";"X";"X";"X";"X";"X";"X";"X";"X";"X";"X";"X";"X";"X";"X";"X";"X";"X";"X";"X";"X";"X";"X";"X";"X";"X";"X";"X";"X";"X";"X";"X";"X";"X";"X";"X";"X";"X";"X";"X";"X";"X";"X";"X";"X";"X";"X";"X";"X";"X";"X";"X";"X";"X";"X";"X";"X";"X";"X";"X";"X";"X";"X";"X";"X";"X";"X";"X";"X";"X";"X";"X";"X";"X";"X";"X";"X";"X";"X";"X";"X";"X";"X";"X";"X";"X";"X";"X";"X";"X";"X";"X";"X";"X";"X";"X";"X";"X";"X";"X";"X";"X";"X"
280290805000151;1;1082;1082;317;210;292;204;18;6;3;0;18;0;6;0;8;0;0;0;0;0;0;29;4;2;1;3;5;4;1;2;2;4;0;1;35;21;29;32;25;28;23;28;29;32;32;26;26;27;29;19;19;21;17;17;29;23;20;22;22;15;26;10;21;24;21;13;21;19;15;13;15;16;10;11;13;19;14;15;12;8;5;7;11;6;6;6;3;2;10;2;2;1;7;4;1;2;1;2;1;1;1;1;2;1;1;0;0;1;0;0;1;0;0;0;0;0;0;1;0;0;0;0;1;1;0;0;0;0;0;0;0;0;0;0
280290805000152;1;543;543;167;121;154;54;5;6;5;1;21;3;0;0;2;3;1;0;0;0;0;10;0;1;1;0;2;2;0;0;1;1;2;0;9;6;9;12;4;3;9;9;11;8;9;11;11;7;10;12;10;10;7;6;20;7;10;7;13;11;14;11;4;17;8;10;12;11;5;5;14;7;6;13;6;9;4;6;10;6;13;4;6;7;6;4;4;0;3;2;2;3;3;2;1;5;6;3;3;4;1;5;4;4;0;1;3;4;1;0;1;1;1;2;1;1;0;0;0;1;0;1;0;0;1;0;0;0;0;0;0;0;0;0
280300505000001;1;787;786;234;125;200;115;9;8;9;1;51;2;8;0;17;0;6;0;2;0;0;8;2;0;1;1;3;0;0;1;0;0;0;0;9;9;22;7;12;9;8;17;8;19;10;10;11;13;14;7;10;16;9;15;10;18;16;20;16;14;12;18;13;13;17;11;12;11;10;15;13;8;6;12;8;11;17;13;9;5;12;10;4;10;8;12;3;4;6;5;8;10;6;6;7;5;4;7;4;8;5;7;3;8;5;2;2;7;3;5;1;6;1;1;2;4;0;2;1;2;3;0;2;2;1;1;0;0;0;0;0;1;0;0
280300505000002;1;559;559;168;92;142;72;4;12;6;3;30;1;7;0;11;1;8;0;2;0;0;6;0;0;0;0;1;1;1;1;0;1;0;1;8;4;8;3;8;5;11;11;13;9;14;12;7;17;11;10;13;9;8;7;13;11;12;15;8;8;9;9;8;4;12;11;6;5;7;9;8;5;7;12;7;6;6;6;5;8;5;5;5;4;10;7;4;8;8;4;2;5;3;3;5;9;5;3;1;3;2;4;3;2;4;1;1;3;3;4;1;3;2;1;2;4;0;1;1;0;1;0;1;1;2;0;0;0;0;0;0;1;0;1
280300505000003;1;1089;1089;310;209;315;113;17;14;10;1;60;1;11;2;19;4;1;0;2;0;0;21;2;2;2;2;1;2;1;1;1;3;0;4;14;23;18;18;18;18;22;17;21;24;17;20;21;16;24;18;17;22;21;9;24;20;26;22;23;20;19;23;23;27;12;15;14;8;14;18;15;14;11;16;20;17;16;11;17;16;19;16;14;9;7;13;10;12;9;5;13;8;8;6;7;8;7;6;1;5;1;1;5;4;1;2;2;5;2;1;0;1;1;5;4;2;2;0;2;0;0;2;1;0;0;1;0;0;0;1;0;0;0;0
280300505000004;1;951;951;268;172;260;119;17;13;9;10;51;4;10;0;13;1;0;0;4;0;0;7;1;0;2;1;1;0;0;1;0;1;0;0;8;18;14;17;13;11;18;15;20;15;19;9;24;12;16;19;24;19;19;17;29;30;19;27;20;17;20;9;7;17;12;12;13;11;15;19;15;13;15;9;7;11;13;14;7;12;12;8;7;6;8;11;6;17;6;4;11;4;9;6;5;8;7;9;8;5;8;1;4;8;1;0;4;4;2;5;2;7;4;2;5;3;1;1;1;1;0;0;0;1;1;0;0;0;0;0;0;1;0;0
280300505000005;1;1091;1088;312;195;274;150;13;12;11;4;78;3;19;0;14;0;5;0;1;0;0;12;1;0;3;3;0;0;0;0;3;1;0;1;22;19;17;17;20;17;23;20;18;17;17;18;18;18;14;35;17;26;17;30;21;20;31;24;27;23;25;25;12;17;15;16;16;20;19;15;12;18;18;8;11;10;14;9;15;15;11;12;7;16;9;11;12;7;12;5;2;7;6;6;5;6;6;3;5;9;1;5;1;11;7;1;4;4;7;2;1;2;1;2;0;2;2;3;2;3;0;0;0;0;2;1;1;0;0;0;0;1;0;0
280300505000006;1;809;809;234;142;201;127;35;8;2;2;43;0;5;0;5;0;5;0;0;0;0;21;2;2;0;3;2;2;3;1;0;2;3;1;17;16;29;24;22;16;18;26;19;18;24;15;22;10;18;18;10;11;17;14;9;13;12;15;14;18;13;15;17;24;11;8;11;16;8;9;6;9;6;12;6;6;14;9;6;8;6;7;7;6;3;6;3;5;9;0;3;5;4;5;3;6;3;4;6;2;2;7;4;3;2;1;2;1;1;0;2;4;1;0;1;1;1;0;0;0;0;0;0;2;0;1;0;0;0;0;0;0;0;0
280300505000007;1;1205;1205;313;195;313;218;28;6;8;1;72;3;20;3;11;0;13;0;1;0;0;23;3;3;5;1;0;2;1;1;1;5;0;1;21;24;26;23;31;30;27;27;20;42;29;33;28;35;23;31;24;26;31;21;18;25;30;27;23;13;23;25;15;23;12;7;18;12;12;10;14;15;19;18;8;10;6;18;15;10;15;12;9;10;10;10;8;11;11;4;7;5;8;5;5;5;8;5;7;6;6;3;4;2;3;3;4;1;5;2;1;0;1;0;0;1;0;0;2;0;1;0;0;0;0;1;0;1;0;0;0;0;2;0
280300505000008;2;961;961;248;142;294;161;7;11;6;0;60;3;17;0;8;2;2;0;0;0;0;22;0;4;3;1;1;2;3;1;1;3;1;2;25;25;26;21;18;31;30;30;21;22;28;26;20;22;16;25;18;22;14;26;18;15;13;19;19;18;19;20;15;16;12;16;12;12;5;9;11;7;11;8;7;18;7;7;8;3;6;10;6;13;6;12;7;5;9;5;1;6;7;4;5;1;5;3;2;4;3;3;6;4;2;0;2;0;1;1;1;2;1;0;0;0;0;1;1;0;0;1;0;0;1;0;0;1;0;0;0;0;0;0
280300505000009;2;973;973;268;170;256;113;18;15;8;2;81;0;18;0;11;7;5;0;1;0;0;11;2;1;3;0;1;0;0;0;1;0;2;1;18;13;13;15;20;21;16;18;23;21;17;20;18;19;12;18;18;16;14;14;19;24;19;21;26;19;9;21;17;19;13;19;13;14;9;11;11;14;19;25;12;11;22;8;12;6;13;8;10;7;9;12;2;6;6;5;4;4;5;4;10;6;7;5;10;3;4;4;4;6;3;3;6;4;3;7;2;3;0;1;0;3;6;0;1;0;1;2;0;1;1;0;2;0;0;0;0;0;1;1
280300505000010;2;649;646;167;118;192;79;30;8;1;2;30;2;10;0;9;1;0;0;0;0;0;11;0;3;0;0;0;2;0;1;2;1;1;1;17;14;23;18;14;14;11;19;21;17;15;9;11;14;15;18;14;11;11;18;12;18;15;8;14;12;11;15;13;14;4;19;9;6;10;7;5;6;9;8;9;8;8;2;8;3;4;8;6;3;0;3;6;4;2;6;3;1;2;2;3;6;2;2;4;1;1;0;0;2;3;0;1;1;0;1;0;0;0;2;0;0;1;0;0;0;0;0;0;0;0;0;0;0;1;0;0;0;0;0
280300505000011;1;478;478;137;72;112;88;10;4;5;0;34;2;4;0;8;2;0;0;0;0;0;7;1;0;2;1;1;0;0;0;0;1;1;0;10;12;8;8;10;12;9;7;17;9;9;8;17;10;11;7;6;5;10;5;3;9;7;8;8;11;9;11;13;14;7;10;4;7;6;5;8;10;8;8;6;4;3;3;6;5;8;1;1;7;2;6;3;4;1;3;6;1;1;2;1;3;3;2;1;4;2;2;2;1;1;2;1;3;0;1;2;1;3;0;4;0;1;0;0;0;0;0;0;0;0;0;0;0;0;1;0;1;0;0
280300505000012;1;955;955;282;189;271;113;8;10;3;0;42;1;14;1;17;2;1;0;1;0;0;14;1;2;2;0;1;1;1;1;1;3;0;1;17;18;14;17;18;18;22;16;27;18;21;16;22;19;24;21;18;15;14;16;18;19;16;23;12;14;16;24;22;20;19;19;19;16;19;13;11;14;18;16;12;9;16;7;10;10;15;12;8;6;5;4;4;7;2;8;6;6;7;9;1;0;4;6;2;6;3;4;1;1;5;3;1;4;3;0;1;1;1;3;2;0;1;3;0;0;1;0;0;1;0;0;0;1;0;0;0;0;0;0
280300505000013;1;942;941;244;139;261;137;16;18;5;1;84;3;10;0;17;0;5;0;1;0;1;12;1;1;1;1;0;0;0;1;3;1;1;2;17;11;18;16;18;16;17;14;15;19;17;18;27;18;25;29;21;21;18;17;21;19;14;17;14;19;14;23;16;19;14;14;17;10;11;12;6;11;12;9;16;8;7;10;8;15;7;14;10;14;6;8;6;13;7;9;8;8;8;6;4;5;4;1;7;5;5;5;0;1;2;1;1;4;2;2;2;3;2;3;3;1;0;3;1;2;3;0;0;1;0;1;1;1;1;1;0;0;0;0
280300505000014;1;672;672;190;146;201;51;17;11;7;1;21;0;10;0;6;5;5;0;1;0;0;8;1;0;3;1;0;1;1;1;0;0;0;0;9;11;14;13;10;12;11;11;14;13;15;12;15;11;16;9;15;15;7;5;11;9;14;16;13;12;11;17;13;22;11;10;12;21;11;17;15;9;12;18;10;10;6;9;9;5;4;6;4;5;1;7;2;5;4;6;2;3;2;2;2;4;4;5;3;3;3;0;2;2;3;1;2;3;4;0;0;1;2;1;1;1;0;0;0;0;1;0;0;0;1;0;0;0;0;0;0;0;1;0
280300505000015;1;726;726;199;133;191;101;6;8;4;1;49;2;10;0;11;1;9;0;1;0;0;8;0;0;2;0;1;0;0;1;1;0;3;0;9;11;18;11;15;13;12;15;15;11;13;10;10;14;12;8;15;19;8;12;23;16;15;17;18;13;20;14;8;14;13;14;10;6;13;9;13;7;12;10;10;9;13;7;8;6;9;11;10;13;4;9;7;7;8;7;5;6;3;4;6;2;2;2;2;3;1;4;4;2;3;0;1;0;3;2;2;2;2;1;0;0;0;0;0;0;0;0;1;0;0;0;0;0;0;0;1;0;0;0
280300505000016;1;815;815;236;154;220;91;7;11;4;0;51;1;11;1;18;3;2;0;5;0;0;12;2;1;2;1;0;0;0;2;1;2;1;0;10;3;17;16;11;15;9;13;14;11;12;21;19;19;16;20;17;16;17;18;16;12;14;14;8;11;12;20;15;14;9;10;8;15;11;13;7;14;14;9;20;8;20;14;9;11;12;9;9;10;8;7;7;5;8;7;3;9;3;9;7;5;3;0;2;7;3;2;0;6;1;3;3;5;0;4;4;4;2;2;3;2;2;3;0;1;1;0;0;0;0;0;0;0;0;0;0;0;0;0
280300505000017;8;530;530;151;102;192;37;5;8;2;1;12;1;11;0;8;0;0;0;0;0;0;6;2;1;0;0;1;0;0;0;1;0;1;0;12;10;10;9;13;7;15;10;8;17;15;13;8;18;12;17;13;11;12;6;6;9;12;7;10;10;7;11;7;6;3;8;6;6;6;5;4;5;10;10;2;4;14;6;5;6;5;3;2;7;8;7;3;4;3;4;3;4;2;1;4;4;2;2;2;7;4;3;3;1;1;0;5;1;2;0;0;1;0;1;0;1;0;0;1;1;0;0;0;0;1;0;0;0;0;0;0;0;0;0
280300505000018;8;901;901;200;153;417;71;6;3;1;0;38;2;4;1;4;1;0;0;0;0;0;7;1;0;1;0;0;1;2;1;0;1;0;0;7;6;21;18;13;28;29;20;17;30;30;21;23;36;27;30;27;21;22;11;13;14;16;14;13;10;22;14;13;12;15;16;9;9;9;11;12;8;15;8;6;12;6;8;4;9;4;5;3;10;8;6;9;7;3;6;5;6;5;5;8;6;6;6;6;6;1;2;2;3;5;1;3;0;2;4;1;4;1;0;1;1;0;0;0;4;0;1;0;1;0;1;0;0;0;1;0;0;0;0
280300505000019;8;1174;1174;279;214;473;82;12;17;5;1;65;1;8;0;11;3;3;0;0;0;0;17;1;2;1;1;1;0;4;1;3;2;0;1;18;18;29;17;21;27;27;30;37;25;36;32;33;30;25;30;25;33;22;25;16;15;20;19;19;17;20;13;22;25;12;24;14;9;12;12;14;24;11;15;9;18;11;12;10;6;9;8;8;10;14;13;11;9;13;7;5;9;8;9;9;7;7;4;4;7;1;3;4;7;2;3;3;3;3;2;1;1;0;3;2;2;0;1;2;1;1;0;0;0;0;0;0;0;0;1;0;1;0;0
280300505000020;8;263;263;66;44;97;33;3;3;0;1;8;0;0;0;1;0;7;0;0;0;0;3;0;0;0;0;0;0;1;0;0;1;0;1;5;6;3;5;4;6;7;7;3;8;8;10;8;9;5;10;10;9;11;4;4;5;6;4;3;4;1;6;2;1;3;3;3;3;3;3;4;2;2;4;2;2;4;2;3;0;1;2;2;4;0;0;4;1;0;2;0;2;1;2;1;2;2;1;4;2;1;1;0;1;1;1;0;0;0;1;0;0;1;0;0;0;0;0;0;0;1;0;1;1;0;0;0;0;0;0;0;0;0;0
280300505000021;8;928;927;233;165;383;79;12;4;1;0;39;2;3;0;6;0;1;0;0;0;0;10;0;0;0;1;2;1;0;1;2;0;2;1;15;13;20;23;22;21;21;20;25;27;36;19;32;33;24;23;24;15;19;13;13;11;19;14;14;14;19;11;9;13;7;13;18;6;19;3;13;10;10;10;11;11;9;11;8;9;9;8;14;7;9;6;7;4;11;5;6;6;4;8;3;4;3;4;5;4;0;0;5;4;6;2;1;3;3;1;4;3;3;1;1;0;0;0;1;0;0;0;2;1;0;0;0;0;0;0;0;0;0;0
280300505000022;8;268;268;76;52;99;25;7;2;0;0;4;0;3;0;0;0;0;0;0;0;0;4;0;0;0;0;0;1;0;0;1;0;0;2;6;9;1;8;5;6;4;4;3;10;9;7;3;8;10;4;8;4;8;5;2;3;4;5;4;5;8;5;2;2;3;5;2;3;7;5;0;7;4;0;4;3;3;2;0;2;2;3;0;0;4;2;1;1;3;2;2;3;2;2;1;3;2;1;0;2;2;2;1;1;0;0;1;1;2;0;0;0;0;3;0;1;0;0;0;1;0;1;0;0;0;0;0;0;0;0;0;0;0;0
280300505000023;8;493;493;122;90;167;13;19;6;9;1;30;1;9;1;17;4;4;0;0;0;0;8;1;0;3;0;1;0;1;0;0;1;1;0;12;8;10;16;11;9;11;11;15;12;12;12;17;11;11;10;9;8;8;8;10;9;8;8;11;4;6;6;8;9;9;10;9;6;3;7;5;5;4;7;3;5;8;3;2;8;6;2;2;8;5;4;2;0;4;2;5;3;2;3;3;1;6;3;2;3;2;3;2;2;2;1;1;0;2;1;2;0;0;0;0;1;2;1;0;0;1;1;0;0;0;0;0;0;0;0;0;0;1;0
280300505000024;5;949;940;254;162;250;120;31;10;2;1;103;1;4;0;7;4;0;0;0;0;0;26;1;4;2;0;3;3;2;5;3;2;0;1;24;12;20;15;11;28;14;27;16;19;21;21;18;16;23;21;23;16;21;8;24;18;21;14;20;8;10;13;24;17;18;16;13;21;12;9;15;12;5;10;13;14;5;15;7;9;13;8;5;10;5;9;9;7;8;6;7;5;9;8;7;6;7;4;2;6;2;2;3;3;5;6;6;2;2;4;0;1;1;1;2;1;0;1;2;0;0;0;0;0;0;1;0;0;0;0;0;0;0;0
280300505000025;8;549;549;125;87;196;67;17;6;4;1;34;0;2;0;8;0;2;0;0;0;0;12;5;0;1;1;0;0;1;1;2;0;1;0;12;14;12;16;7;10;18;11;15;15;13;15;16;14;12;14;16;11;8;15;6;16;9;7;7;6;12;3;9;9;7;10;4;8;8;5;4;6;9;5;6;10;4;3;7;1;7;5;4;1;2;3;6;3;5;2;1;4;3;5;2;1;2;2;2;3;3;2;1;2;2;1;1;1;4;1;1;0;4;1;1;0;1;0;0;0;0;0;0;1;1;0;0;0;0;0;0;0;0;1
280300505000026;8;377;377;85;58;129;61;5;5;1;0;17;0;12;0;4;0;0;0;0;0;0;5;0;0;0;0;0;0;1;1;1;0;1;1;9;9;10;11;11;15;5;12;9;11;13;15;9;10;10;11;6;11;11;6;4;13;1;9;4;5;6;6;4;6;5;3;2;7;5;0;5;9;3;3;7;4;3;7;1;0;4;5;1;4;2;4;1;3;0;1;0;1;3;2;1;3;0;1;1;0;2;1;0;1;1;0;0;0;1;0;0;0;1;0;0;1;0;0;0;0;0;0;0;0;0;0;0;0;0;0;0;1;0;0
280300505000027;8;794;780;182;130;301;89;17;4;5;0;50;4;6;0;4;2;0;0;0;0;0;18;2;2;1;2;2;2;2;2;1;1;0;1;14;14;21;21;20;21;21;17;24;20;27;25;17;24;19;23;23;15;12;11;11;11;13;13;10;6;11;13;19;13;11;10;8;10;10;14;9;9;8;10;7;9;5;10;7;5;4;4;0;4;4;6;6;6;5;5;5;3;5;3;3;4;5;2;1;4;6;2;3;4;2;0;4;3;2;1;0;2;1;1;2;0;3;3;1;2;1;0;0;0;1;2;0;0;0;0;0;0;0;0
280300505000028;8;911;911;231;169;337;100;15;2;3;1;32;0;9;0;11;1;0;0;0;0;0;31;2;3;4;0;7;4;1;3;2;1;2;2;14;26;26;24;24;19;13;26;16;20;22;20;25;21;24;17;17;17;15;20;26;11;12;21;15;20;13;18;16;17;12;11;11;16;10;10;6;12;9;8;10;12;5;9;10;8;7;9;1;11;9;8;6;7;4;2;8;6;4;4;5;2;3;5;8;6;3;1;2;3;2;2;2;0;1;2;2;0;1;1;1;0;1;2;1;1;1;0;0;0;0;1;0;0;0;0;0;1;0;0
280300505000029;5;553;553;145;103;182;71;7;5;4;0;26;1;1;0;6;0;2;0;0;0;0;11;0;1;1;3;0;2;2;0;0;2;0;0;13;6;5;7;11;13;19;10;17;6;13;10;12;12;14;10;13;12;12;9;7;9;13;11;6;8;8;8;8;12;10;9;8;5;8;10;16;11;16;6;5;5;6;6;7;4;4;8;4;3;3;4;5;3;3;2;3;4;3;2;1;3;5;3;4;1;0;1;1;1;2;1;4;4;2;1;3;0;0;1;0;1;0;1;1;2;0;0;1;0;0;1;0;0;0;0;0;0;0;0
280300505000030;8;952;948;243;165;319;127;19;11;3;2;52;2;2;0;7;0;0;0;0;0;0;11;2;0;0;2;2;2;0;0;1;0;0;2;19;12;20;17;23;25;19;21;20;22;28;20;27;22;21;24;22;19;18;17;18;14;13;18;13;17;29;12;16;15;11;16;17;21;7;12;10;12;13;15;12;13;8;15;14;6;9;9;5;11;7;7;2;8;8;2;2;6;7;6;5;10;4;1;3;7;3;1;1;6;1;1;2;1;3;4;3;3;2;0;2;2;0;0;0;1;1;0;1;0;0;0;0;1;0;0;0;0;0;0
280300505000031;8;449;441;116;72;131;45;5;7;4;1;46;3;6;0;10;0;3;0;0;0;0;10;1;0;4;0;2;0;0;0;2;1;0;0;11;8;9;5;9;10;8;5;7;11;16;9;9;11;11;11;13;13;9;5;12;4;8;8;6;9;7;5;5;10;7;5;3;2;2;8;3;4;6;7;11;5;6;5;4;7;5;3;9;7;2;4;2;1;7;5;3;2;4;1;3;5;2;2;2;1;1;1;3;1;0;1;2;3;0;1;1;0;0;1;1;1;0;0;1;1;0;0;1;0;0;0;0;0;0;0;0;0;0;0
280300505000032;8;426;421;122;89;145;23;3;3;4;1;24;0;2;0;8;1;1;0;0;0;0;13;2;1;3;0;1;3;0;1;0;1;0;1;3;7;7;7;8;7;5;8;7;9;11;9;7;8;7;9;12;9;4;7;5;7;6;6;8;9;6;7;9;4;7;10;6;8;4;5;5;8;5;6;6;5;3;4;3;6;9;1;5;4;3;8;2;7;6;6;3;7;2;4;1;1;2;1;4;3;2;4;2;5;0;1;2;0;2;2;1;0;1;0;0;0;1;1;0;0;0;0;1;0;0;0;0;0;0;0;0;0;0;0
280300505000033;8;506;506;139;101;186;41;6;6;1;0;16;0;1;1;2;3;2;1;0;0;0;4;2;0;0;0;0;0;0;0;0;1;1;0;12;9;11;10;10;10;11;6;14;13;4;7;10;9;10;9;10;10;11;4;9;13;9;9;9;10;13;6;7;9;10;9;2;8;10;9;6;4;7;4;5;6;6;6;5;10;2;5;6;3;3;6;5;1;10;5;3;8;4;2;1;4;3;4;0;2;1;1;2;5;4;1;2;4;0;3;2;1;1;3;0;2;1;1;0;0;0;0;0;0;0;0;0;0;0;0;0;0;0;0
280300505000034;8;488;479;121;79;160;84;2;3;3;1;27;0;2;1;4;0;1;0;0;0;0;11;2;0;0;0;1;4;1;0;0;1;0;2;10;8;6;11;13;6;12;13;18;14;16;13;18;15;10;11;13;6;5;10;5;2;8;9;3;2;6;8;3;6;9;10;8;6;5;7;9;12;3;8;7;7;3;6;5;5;5;3;3;1;3;4;2;3;5;5;3;2;2;2;5;3;4;1;1;1;6;2;2;2;2;2;0;4;1;0;2;1;0;0;1;0;1;1;0;1;0;0;0;0;0;1;0;0;0;0;0;0;0;0
280300505000035;8;148;148;41;31;50;8;5;2;0;0;8;0;3;0;0;0;0;0;0;0;0;4;0;1;1;0;1;0;0;0;0;0;0;1;1;2;5;6;0;1;6;3;3;5;4;1;3;0;4;4;3;4;2;6;3;0;3;1;4;1;1;2;0;5;2;2;2;4;2;3;1;0;4;6;1;3;1;3;3;3;1;3;2;0;1;0;0;0;2;2;0;0;2;0;0;0;1;1;1;0;0;0;0;0;0;1;0;1;0;1;1;1;0;0;0;0;0;0;0;0;0;0;0;0;0;0;0;0;0;0;0;0;0;0
280300505000036;8;720;720;171;124;267;67;11;12;3;2;43;1;7;0;12;0;0;0;0;0;0;17;0;0;4;0;0;3;2;2;1;3;0;2;10;13;19;21;15;12;16;14;21;18;17;16;18;14;15;15;19;12;16;16;13;15;11;17;12;8;13;5;7;22;8;6;8;11;10;8;13;9;4;8;10;9;8;14;15;5;5;4;3;5;2;9;3;10;2;5;4;0;6;1;2;5;3;2;3;2;6;5;1;8;2;2;2;0;1;3;1;0;1;2;2;1;0;2;0;0;0;0;0;0;0;1;0;1;0;0;0;0;0;0
280300505000037;8;148;148;39;33;54;4;5;4;0;0;7;0;1;0;0;1;0;0;0;0;0;3;0;1;0;0;0;0;1;1;0;0;0;0;1;5;3;4;3;6;2;0;1;2;4;1;3;5;5;7;3;3;3;1;3;2;3;1;6;5;2;3;1;2;2;0;1;0;3;4;1;1;2;2;1;4;1;3;0;1;1;2;1;1;0;1;0;1;0;0;1;2;0;2;1;0;0;2;0;0;2;1;1;2;1;0;2;1;0;1;0;0;0;0;1;0;0;0;2;0;0;0;0;0;0;0;0;0;0;0;0;0;0;0
280300505000038;5;1044;1044;309;221;314;104;10;13;11;2;33;1;14;0;5;5;0;0;2;0;0;17;0;0;1;4;2;1;2;1;1;1;0;4;10;14;16;16;21;9;17;18;23;14;21;21;21;17;13;19;17;18;16;24;20;19;21;14;19;30;22;22;26;20;17;13;17;14;11;10;11;8;17;11;10;18;13;6;15;13;10;9;11;17;11;13;7;15;13;8;9;6;6;12;8;9;13;6;7;8;2;5;5;6;3;2;6;5;7;4;3;5;1;1;2;1;1;0;3;2;1;0;0;2;0;0;0;0;0;0;0;0;0;0
280300505000039;5;1046;1046;327;216;333;88;9;10;3;2;41;0;9;0;7;0;1;0;0;0;0;16;2;2;3;1;0;1;0;2;0;2;1;2;15;17;18;16;16;23;25;19;16;19;26;22;29;17;23;24;14;25;20;20;14;20;19;23;6;17;24;15;26;19;12;15;8;7;9;15;7;15;18;17;10;15;8;25;13;9;12;17;13;10;3;11;5;11;11;10;5;4;6;11;5;7;7;7;10;5;2;4;4;6;4;6;4;8;5;1;4;7;3;2;2;1;1;1;0;0;1;0;0;0;1;0;0;1;0;1;1;0;0;0
280300505000040;8;214;214;58;40;62;19;2;4;5;2;7;0;6;1;5;2;1;0;0;0;0;1;0;0;0;0;1;0;0;0;0;0;0;0;0;1;3;4;5;6;3;4;1;3;4;3;3;7;6;3;4;5;5;6;8;4;6;5;5;4;2;5;3;3;1;2;5;3;4;3;3;3;3;4;1;1;1;2;5;5;1;2;2;2;1;2;1;1;3;2;1;4;1;2;2;0;1;0;3;0;4;2;0;0;0;0;1;0;0;1;0;1;0;1;1;1;1;0;1;0;0;0;0;0;0;1;0;0;0;0;0;0;0;0
280300505000041;5;482;482;142;85;126;70;2;7;6;0;34;0;6;0;2;0;2;0;0;0;0;5;0;0;1;0;1;0;0;0;2;0;0;1;6;10;7;8;7;13;5;12;8;7;8;7;12;8;7;7;7;11;7;6;6;12;8;8;10;13;10;12;10;11;3;9;8;5;9;6;6;6;4;8;4;8;6;5;8;4;3;8;5;3;4;7;7;5;1;2;3;6;7;2;3;6;3;2;2;3;2;3;2;4;5;1;1;3;4;1;1;1;1;0;0;0;0;1;1;1;0;0;1;0;0;0;0;0;0;0;0;0;0;0
280300505000042;8;501;499;139;103;176;33;14;2;1;1;22;2;2;0;3;1;2;0;0;0;0;16;1;1;1;3;1;2;2;1;2;1;1;0;8;15;13;9;8;12;9;12;8;21;12;11;13;17;11;13;8;13;5;7;7;13;8;3;8;8;9;4;5;15;6;7;6;5;6;7;8;6;6;7;13;7;2;4;3;2;5;1;6;5;4;2;6;3;2;2;3;3;6;3;2;1;2;1;3;2;5;3;1;0;0;0;0;2;0;2;3;0;1;0;0;1;0;0;2;1;0;0;0;0;0;0;2;0;0;0;0;0;0;0
280300505000043;8;195;192;44;33;66;8;0;7;0;1;27;2;3;0;4;0;0;0;0;0;0;4;0;0;0;0;1;1;0;0;0;2;0;0;4;6;6;4;2;3;6;0;2;5;5;4;4;8;2;4;2;3;3;5;3;4;2;2;2;2;2;8;4;4;2;1;3;1;2;2;1;1;1;2;2;4;1;2;3;4;4;2;0;3;4;2;2;3;1;1;1;5;1;0;2;1;1;1;1;0;0;0;1;2;0;0;2;1;3;0;0;1;0;0;0;0;0;1;0;0;0;2;0;0;0;0;0;0;0;0;0;0;0;0
280300505000044;5;321;321;95;61;100;41;3;1;1;1;14;0;1;0;0;1;2;0;0;0;0;4;0;1;0;0;1;0;1;0;1;0;0;0;8;2;2;5;4;7;4;5;9;13;5;11;13;8;8;7;6;10;6;7;3;4;1;10;5;6;5;2;8;4;8;3;2;6;8;5;6;4;2;6;3;4;4;4;2;4;4;2;0;0;2;1;1;1;2;4;1;3;0;3;1;2;0;3;1;0;3;1;1;4;1;0;0;2;3;0;0;0;2;0;2;1;1;2;0;2;1;0;0;0;0;0;0;0;1;0;0;0;0;0
280300505000045;8;224;224;61;41;72;22;5;3;0;0;15;0;2;0;1;1;1;0;0;0;0;5;0;0;1;0;1;0;0;0;0;2;0;1;1;4;3;4;2;1;1;8;6;7;8;2;9;2;5;3;7;5;8;3;4;6;3;2;1;4;2;5;1;3;0;3;6;4;3;3;2;1;3;2;3;0;7;2;5;4;4;1;0;1;2;0;3;1;3;1;2;3;2;2;0;3;4;1;2;2;0;0;3;2;0;1;1;0;1;0;1;1;0;1;0;0;0;0;0;1;0;0;0;0;0;1;0;0;0;0;0;0;0;1
280300505000046;8;759;759;194;146;293;55;9;5;7;0;35;2;5;0;8;0;0;0;0;0;0;17;0;2;2;2;3;0;0;1;1;3;2;1;12;10;11;15;19;16;11;17;27;16;18;19;22;22;17;24;14;20;17;17;17;13;11;13;18;12;12;13;9;10;7;12;10;7;4;7;11;6;13;9;7;7;6;5;4;11;10;4;11;12;3;4;4;9;5;10;4;5;2;3;3;4;3;0;5;2;7;0;3;6;2;4;1;4;2;1;2;2;1;0;0;1;0;0;1;0;1;0;1;0;0;0;1;1;0;0;0;0;0;0
280300505000047;4;211;211;52;33;58;39;7;2;2;3;9;0;0;0;5;0;1;0;0;0;0;6;0;0;0;2;1;1;1;0;1;0;0;0;5;5;5;7;5;8;10;8;5;7;5;6;6;4;0;5;8;1;2;2;3;5;4;4;1;5;4;4;2;2;3;5;2;7;2;3;0;1;1;1;4;1;1;2;4;2;2;1;1;3;2;1;3;2;2;1;1;1;1;2;1;0;0;0;2;0;0;0;0;0;0;0;0;0;0;0;0;0;0;0;0;0;0;1;0;1;0;0;0;0;0;0;0;0;0;0;0;0;0;0
280300505000048;8;287;287;81;69;106;16;4;2;0;0;6;0;0;0;3;0;0;0;0;0;0;5;1;1;1;0;1;0;0;0;1;0;0;0;4;3;4;4;5;4;3;8;6;3;9;5;8;6;5;7;1;6;3;10;8;3;8;7;6;5;6;3;6;3;6;7;3;5;2;4;6;3;5;4;3;4;2;4;2;3;0;4;0;2;6;1;0;4;5;3;1;0;5;3;3;1;2;3;0;3;1;2;1;1;2;3;0;1;0;0;0;1;0;0;0;0;1;0;0;0;0;1;0;0;0;0;0;0;0;0;0;0;0;0
280300505000049;8;737;737;178;112;240;120;5;9;2;2;41;1;6;1;15;1;2;0;1;1;0;13;1;1;2;1;2;2;0;2;0;1;0;1;15;15;17;15;16;21;19;25;17;24;18;14;20;23;18;15;18;21;8;14;10;10;14;17;14;10;9;12;14;10;9;16;18;10;11;11;12;6;4;6;12;7;3;5;6;8;10;6;4;7;2;13;2;4;4;7;3;2;0;6;3;1;6;2;3;4;1;0;1;3;0;0;0;3;2;1;1;1;1;0;0;1;0;0;1;1;0;0;0;0;0;0;1;0;0;0;0;0;0;0
280300505000050;8;480;480;120;84;183;51;4;3;2;0;22;1;5;0;5;0;0;0;0;0;0;6;0;0;0;1;0;1;0;1;0;1;1;1;9;13;21;13;9;12;6;6;15;12;22;13;15;15;5;12;5;13;14;2;5;13;13;8;9;6;5;9;4;5;7;9;3;6;4;4;4;2;3;6;7;6;6;3;10;2;6;8;2;4;1;3;4;2;3;4;2;3;0;3;5;4;3;2;4;1;2;3;1;1;0;0;2;1;1;1;1;0;0;1;0;0;0;1;2;0;0;1;0;0;0;0;0;0;0;0;0;1;0;0
280300505000051;1;603;603;177;109;139;69;4;7;5;2;38;5;5;0;19;11;3;0;10;0;0;4;0;0;0;0;2;0;1;0;0;0;1;0;5;5;5;4;11;10;9;7;9;3;11;10;12;9;10;9;8;6;4;10;10;10;8;10;11;16;5;14;18;14;8;13;10;7;8;6;7;13;6;5;3;11;11;6;5;8;10;11;5;12;9;8;13;3;6;9;6;4;4;5;3;9;5;3;4;6;2;5;3;3;5;4;2;6;4;4;6;3;2;4;2;1;0;2;3;0;1;0;1;0;0;1;0;0;0;0;0;0;0;0
280300505000052;1;699;699;185;117;193;88;13;5;4;1;69;0;8;0;14;0;2;0;0;0;0;22;1;2;1;1;2;2;2;4;2;1;2;2;10;15;13;8;10;17;14;11;11;11;23;9;18;14;18;17;20;15;14;16;13;9;8;17;14;11;14;8;17;16;8;16;7;7;10;13;8;11;5;9;7;10;11;14;9;5;6;6;5;4;4;10;6;3;4;3;3;6;4;5;2;4;2;5;2;5;4;1;1;2;3;0;2;3;2;0;1;1;0;1;1;1;2;0;1;0;1;0;0;0;0;0;0;0;0;0;0;0;0;0
280300505000053;1;831;831;233;138;215;135;14;8;4;2;52;5;10;0;11;1;1;2;0;0;0;14;0;0;1;4;0;3;1;2;1;1;0;1;18;18;17;15;15;14;18;16;17;20;26;13;21;17;15;14;9;14;18;17;17;24;18;24;19;18;21;19;14;12;6;12;11;12;12;10;6;20;10;9;7;11;14;4;6;11;4;6;9;10;6;13;4;2;4;6;6;7;1;1;5;3;6;1;3;2;6;1;2;1;2;2;2;1;4;1;0;5;2;0;1;2;0;0;1;1;2;2;0;0;0;0;0;0;0;0;0;0;0;1
280300505000054;2;895;895;252;166;239;144;15;4;4;1;39;1;9;1;14;2;3;1;0;0;0;23;1;3;1;2;0;2;2;3;2;2;3;2;23;31;24;30;15;19;13;19;32;12;23;30;14;15;20;19;12;12;13;16;21;11;22;15;18;16;18;19;25;12;17;11;15;9;11;18;9;17;15;12;9;9;9;8;11;9;6;12;9;5;4;5;5;5;5;3;2;3;6;3;3;3;1;2;2;3;3;3;2;2;2;1;2;2;3;2;2;0;1;1;0;0;0;0;0;0;0;0;0;0;1;0;0;0;0;0;0;0;0;0
280300505000055;1;964;964;263;191;290;105;25;10;2;1;56;0;8;0;11;0;2;0;0;0;0;14;0;1;1;3;0;1;3;2;1;0;1;1;17;15;20;16;15;24;18;24;23;21;14;24;16;18;24;27;17;22;17;18;23;20;12;26;24;18;23;23;27;23;13;21;10;18;16;10;13;16;20;8;15;8;12;10;7;4;12;3;5;11;5;3;4;11;5;9;7;7;3;11;1;5;3;6;0;3;2;4;2;2;2;0;1;1;2;2;1;0;1;1;0;1;1;1;2;0;0;0;0;0;0;0;0;0;0;0;0;0;0;0
280300505000056;1;923;919;261;180;266;105;6;13;3;0;48;3;12;0;25;1;0;0;0;0;0;22;2;1;1;4;2;1;2;2;4;0;0;3;19;24;20;24;21;16;20;18;16;21;16;17;21;17;14;22;19;11;13;18;10;22;18;14;21;23;12;24;24;20;14;19;24;14;16;16;11;12;8;10;7;12;8;12;11;5;8;5;8;9;7;8;6;2;7;4;3;6;6;5;3;4;4;1;2;6;3;1;2;2;3;0;3;5;2;2;0;2;1;4;3;4;0;2;0;0;1;0;1;1;0;0;0;1;0;0;0;0;0;0
280300505000057;2;832;826;204;124;239;172;21;7;6;2;29;1;4;0;17;2;4;0;0;0;0;12;2;2;2;1;1;0;1;1;0;0;1;1;20;22;20;24;27;27;26;25;31;20;21;23;24;21;16;18;18;14;20;15;15;14;16;13;10;16;17;20;13;10;14;14;10;4;8;10;10;11;5;8;9;12;8;2;6;4;7;7;5;10;4;4;4;4;4;3;1;4;4;5;5;2;1;1;3;6;3;1;0;2;1;0;2;1;0;0;5;2;1;2;0;1;0;2;0;1;0;0;0;0;1;0;0;0;0;0;0;0;0;0
280300505000058;8;473;473;129;102;204;24;1;3;0;0;6;0;3;0;1;0;0;0;0;0;0;8;3;0;1;1;1;0;0;0;0;1;0;1;3;4;16;4;5;8;9;11;19;10;9;14;12;8;10;6;9;14;9;10;9;15;7;8;11;7;9;9;5;9;5;4;9;4;5;5;2;9;2;4;7;5;7;3;3;2;4;8;3;10;3;4;9;7;2;2;3;1;4;1;1;4;0;1;4;2;2;1;3;2;1;1;4;1;2;2;2;2;2;1;1;1;1;3;1;0;0;0;0;1;0;0;0;0;0;1;0;0;0;2
280310405000001;1;523;508;174;107;135;54;4;3;2;2;30;0;6;0;4;1;1;0;0;0;0;10;0;2;1;0;0;0;1;0;1;0;0;5;7;7;6;9;11;6;12;12;7;6;11;9;16;12;9;12;7;8;7;5;5;10;11;9;7;5;8;10;9;5;8;7;8;8;6;9;6;5;8;12;6;10;9;5;8;7;7;5;6;5;6;6;10;6;4;8;2;2;2;5;5;2;1;3;2;2;3;3;2;5;2;1;3;2;2;2;2;1;3;0;1;2;1;2;2;1;0;0;1;2;0;0;0;0;0;1;0;0;0;0
280310405000002;1;497;497;167;104;140;45;4;3;2;1;19;0;3;0;5;3;0;0;1;0;0;7;0;0;1;0;1;1;1;0;0;1;2;0;2;4;10;6;10;6;8;7;8;7;9;8;4;8;12;6;8;7;13;15;4;8;8;10;7;3;6;10;6;10;5;8;11;8;11;4;4;9;5;4;3;9;11;10;9;4;8;3;1;8;3;4;7;10;9;9;4;4;1;2;8;6;1;2;5;3;2;4;3;7;1;2;1;4;1;0;2;1;2;2;2;3;1;2;0;1;0;1;2;1;0;0;1;0;0;0;1;0;0;0
280310405000003;1;452;450;146;81;97;83;3;4;3;3;17;2;2;0;7;3;1;0;0;0;0;7;1;0;0;1;1;0;2;0;1;0;1;0;3;2;7;3;4;8;10;9;12;4;9;7;15;11;9;14;7;12;5;11;9;8;3;9;5;4;5;2;6;8;7;6;9;9;6;7;3;2;9;6;6;4;8;7;8;8;7;8;5;9;2;3;3;5;5;5;6;3;4;1;4;2;4;2;2;3;5;1;3;2;4;2;1;2;2;0;3;0;1;0;2;0;1;2;3;1;0;1;0;0;0;0;0;0;0;0;0;0;0;0
280310405000004;8;142;142;38;28;51;10;2;3;0;0;8;1;0;0;1;0;0;0;0;0;0;3;0;0;0;1;0;1;1;0;0;0;0;0;1;3;3;3;2;0;3;2;2;2;6;1;5;1;3;6;3;6;3;0;1;5;1;3;2;1;2;2;0;3;2;2;2;3;2;1;4;2;1;2;3;0;0;1;2;4;2;1;1;2;1;1;1;1;0;0;2;2;1;2;1;0;0;0;3;1;3;0;0;0;0;1;1;0;1;1;2;0;0;0;0;0;0;0;0;1;0;0;1;0;0;0;0;0;0;0;0;0;0;0
280310405000005;5;506;505;151;99;136;67;10;3;2;1;25;0;2;0;8;0;2;0;0;0;0;5;0;0;1;0;0;0;0;0;0;2;0;2;7;7;10;10;9;6;8;8;4;17;14;6;10;12;10;14;14;15;3;8;5;10;5;7;8;2;3;7;8;6;12;9;5;3;10;11;11;7;10;5;5;4;10;6;8;9;7;9;4;5;7;3;1;4;6;4;4;4;3;6;8;2;4;3;2;1;2;2;1;3;2;3;1;1;2;2;1;0;2;2;1;4;1;1;1;1;0;0;0;1;0;0;0;1;1;0;0;0;0;0
280310405000006;8;322;322;94;78;118;6;2;2;1;1;15;0;1;0;4;0;0;0;0;0;0;2;0;0;0;0;0;0;0;1;0;1;0;0;7;5;12;6;7;5;7;6;10;6;6;4;6;6;8;5;6;7;0;1;10;5;1;3;10;6;4;5;6;9;9;6;8;3;2;3;5;4;3;4;5;1;2;3;1;0;3;3;5;3;5;5;5;3;6;4;5;2;4;5;2;2;3;3;1;2;2;2;1;0;0;1;0;0;0;0;0;0;1;1;0;0;0;1;0;1;0;1;0;0;0;0;0;0;0;0;0;0;0;0
280310405000007;8;465;465;137;96;156;50;4;4;1;0;12;3;1;0;1;0;0;0;0;0;0;12;0;0;0;1;0;1;0;0;1;1;2;6;5;7;4;10;5;8;9;10;16;14;9;10;10;14;12;14;10;12;6;9;5;4;5;8;7;12;6;4;5;7;3;5;7;8;4;7;7;6;3;6;6;11;2;7;3;5;6;7;2;8;3;7;4;4;4;8;5;4;2;6;1;5;3;4;2;2;1;1;0;4;0;0;0;0;1;1;1;1;1;1;0;1;1;3;1;0;0;0;0;0;0;0;0;0;0;1;0;0;0;0
280310405000008;8;446;440;130;100;153;29;10;2;0;0;12;0;0;0;5;5;0;0;0;0;0;5;0;1;0;0;1;0;1;1;0;0;1;0;5;6;7;6;11;5;9;8;11;10;11;11;8;21;13;8;6;9;7;10;9;10;9;7;1;2;5;5;4;6;6;8;4;6;8;9;7;4;7;6;7;7;4;5;3;5;4;3;5;4;12;1;3;3;6;3;4;3;2;9;3;3;2;3;5;3;1;3;3;1;0;2;0;1;2;1;1;1;2;0;0;2;1;0;0;0;0;1;0;0;0;1;1;0;0;0;0;0;0;0
280310405000009;8;104;99;32;26;35;3;0;2;0;0;4;0;0;0;2;0;0;0;0;0;0;0;0;0;0;0;0;0;0;0;0;0;0;0;0;3;3;2;2;1;3;3;1;1;0;0;4;1;2;0;1;0;1;1;2;3;3;4;4;2;2;1;3;3;0;2;3;0;4;1;0;0;0;0;1;1;0;0;0;0;4;3;1;0;1;0;1;2;5;2;1;1;2;1;3;1;0;0;0;1;0;0;1;0;0;0;0;0;0;0;1;0;0;0;1;1;0;0;0;0;1;1;0;1;0;0;0;0;0;0;0;0;0;0
280310405000010;8;235;231;67;53;81;21;2;2;0;0;9;0;0;0;0;0;0;0;0;0;0;4;1;0;0;0;0;0;0;0;0;1;1;1;2;3;5;3;4;5;5;4;4;1;3;3;3;9;11;5;7;2;5;8;4;2;6;5;4;0;7;0;2;3;3;2;5;6;3;3;1;2;1;3;6;4;6;3;2;1;3;3;2;1;2;4;4;2;1;3;3;1;1;3;3;2;2;2;3;1;2;0;2;0;1;0;0;1;0;0;0;0;0;1;0;0;0;2;0;0;0;0;0;0;0;0;0;0;0;0;0;0;0;0
280310405000011;1;533;526;187;110;106;59;7;7;3;2;28;0;11;0;6;1;0;0;0;0;4;8;1;1;1;0;1;1;0;0;2;1;0;0;5;7;4;9;10;5;8;9;6;9;6;7;12;13;8;7;11;5;10;5;8;9;8;12;6;7;8;8;7;5;7;5;9;8;16;7;3;8;7;12;5;11;7;10;10;8;5;7;9;4;6;7;5;3;6;3;9;6;6;5;5;4;5;6;7;2;4;2;6;4;3;2;3;3;2;3;0;0;4;4;4;1;0;0;0;1;0;0;0;0;1;0;0;1;0;0;0;0;0;0
280310405000012;1;520;520;182;112;118;59;7;4;4;1;15;2;6;2;6;2;0;0;0;0;0;5;1;0;1;0;0;0;2;0;0;0;0;1;5;5;0;5;3;3;3;8;11;11;13;8;9;12;18;11;17;10;5;8;6;7;10;7;5;7;6;6;3;7;4;6;6;7;9;10;7;3;8;12;5;11;7;11;5;6;15;5;2;9;6;1;4;7;4;3;7;4;2;5;5;5;7;6;4;8;10;2;3;4;3;7;1;2;3;3;2;2;1;1;1;1;1;4;3;0;0;2;2;1;0;0;0;1;0;0;0;0;0;0
280310405000013;1;227;227;73;46;57;24;5;1;1;0;13;0;3;0;2;0;2;0;0;0;0;2;0;0;0;2;0;0;0;0;0;0;0;0;6;2;6;3;8;6;4;2;5;2;4;2;4;8;11;6;3;4;3;2;4;3;3;2;1;4;5;1;5;6;3;1;2;7;4;2;2;2;2;5;4;4;1;3;2;3;2;3;0;1;4;2;4;1;2;2;1;1;3;2;1;1;2;1;1;2;1;1;1;1;2;4;1;0;0;2;1;1;0;0;2;0;0;0;0;0;0;0;0;0;0;0;0;0;0;0;0;0;0;0
280320305000001;1;499;499;154;73;87;82;3;12;4;1;57;1;7;0;13;2;2;0;1;0;0;8;0;2;0;0;2;1;0;0;2;0;1;0;1;9;6;3;5;8;7;3;5;5;7;2;6;9;7;13;14;3;7;11;11;5;8;13;10;7;9;9;10;11;9;7;8;4;4;3;6;6;3;9;9;7;8;7;5;11;11;10;6;6;5;3;9;3;5;5;2;3;1;6;2;7;3;3;3;5;3;5;1;2;2;4;3;3;2;0;4;7;4;4;2;2;1;3;2;1;1;0;0;0;1;2;1;0;1;0;1;1;0;0
280320305000002;1;1129;1112;324;180;245;184;10;18;5;0;92;7;24;0;35;4;1;0;0;0;0;12;0;0;1;0;0;3;2;1;0;3;1;1;11;10;28;17;14;24;20;20;33;25;16;21;15;28;9;18;30;18;19;19;25;24;24;21;29;23;21;22;25;29;22;19;16;17;24;11;10;19;13;18;10;15;11;14;9;16;6;17;12;13;8;12;4;6;3;6;9;5;8;8;10;9;6;6;5;5;6;5;3;9;6;3;2;2;4;6;4;4;5;5;1;2;2;1;1;2;3;1;0;0;0;0;0;0;0;0;0;0;0;0
280320305000003;1;1303;1303;347;208;310;232;41;19;5;3;88;7;18;0;22;0;3;0;0;0;0;20;1;3;2;2;0;0;1;3;3;0;1;4;34;18;25;27;26;17;23;26;22;21;28;19;38;30;31;23;29;30;21;32;18;26;28;31;28;24;31;23;22;27;29;24;20;31;23;14;20;17;17;16;10;16;17;22;15;16;11;9;9;7;7;4;12;7;6;7;8;5;4;7;8;8;2;4;6;5;4;3;3;4;9;1;7;4;4;6;1;3;2;1;0;3;1;1;2;0;0;0;0;1;0;0;0;0;0;0;0;0;1;1
280320305000004;1;1196;1196;327;218;337;174;21;19;9;5;63;1;9;0;12;0;1;0;0;0;0;23;4;1;1;3;5;3;1;0;3;0;1;1;23;16;25;22;22;15;16;17;32;25;29;19;23;28;27;22;24;17;23;29;29;20;15;32;19;23;28;33;24;29;21;20;21;15;18;17;14;13;21;22;11;13;9;15;28;7;11;13;13;15;12;6;12;11;2;1;7;5;4;9;2;5;6;3;5;5;3;2;2;9;8;3;1;5;3;1;4;1;2;3;0;2;1;1;1;0;0;0;1;0;1;0;0;0;0;0;0;0;0;1
280320305000005;1;1081;1081;275;175;271;172;9;20;30;1;80;0;32;0;15;1;0;0;0;0;0;19;1;0;2;1;1;4;0;4;1;1;0;4;16;13;18;16;17;32;17;16;26;21;27;28;21;27;31;25;27;30;27;27;28;15;28;21;21;22;26;21;18;17;21;16;19;14;18;16;18;25;15;14;18;18;19;6;15;10;10;13;11;5;7;2;8;3;2;9;4;3;5;2;3;2;1;1;4;1;6;1;3;4;0;2;1;1;1;0;1;0;1;0;0;1;2;0;0;0;0;0;0;0;0;0;0;1;0;0;0;0;0;0
280320305000006;1;1178;1178;319;205;278;189;22;14;12;3;82;3;28;1;8;6;6;1;1;0;0;24;1;1;3;3;1;1;4;3;1;4;0;2;20;14;16;17;22;13;22;9;22;30;27;22;24;20;22;20;18;19;14;26;18;25;24;28;27;23;26;25;27;24;27;22;25;19;14;14;25;20;16;20;10;10;7;20;8;7;8;14;14;16;9;6;17;11;9;9;6;4;9;12;2;12;13;4;8;7;5;5;1;8;2;2;6;2;2;3;4;2;1;2;2;1;0;2;0;1;0;1;1;0;1;0;0;1;0;0;0;0;0;1
280320305000007;1;851;851;241;156;223;121;5;11;7;1;53;0;9;0;23;1;0;0;0;0;0;16;0;1;1;1;3;1;1;2;2;1;1;2;13;13;9;21;11;7;14;11;14;18;15;14;16;21;15;15;23;18;15;15;19;21;19;17;13;17;14;13;12;17;14;12;17;21;9;12;16;19;17;13;9;14;11;15;11;6;9;9;7;14;5;11;7;4;10;4;6;7;7;9;3;5;4;2;3;1;4;2;2;2;0;3;2;0;0;0;2;2;1;2;2;2;1;1;1;2;0;0;1;0;0;0;0;0;0;0;0;0;0;0
280320305000008;1;1095;1095;316;185;238;178;35;19;6;0;74;3;11;0;18;6;6;0;0;0;0;14;0;0;2;0;0;3;1;2;0;2;1;3;25;17;22;17;19;16;18;22;21;13;25;14;17;28;10;19;27;25;19;18;22;21;31;20;23;29;23;24;18;14;17;24;19;20;16;20;16;17;14;14;11;10;4;13;15;10;13;11;15;15;7;9;7;5;4;9;4;6;6;8;8;3;9;6;5;5;5;7;3;2;1;4;5;3;1;3;4;5;0;5;2;2;5;1;1;1;1;2;2;1;2;0;0;0;0;0;0;0;0;1
280320305000009;1;753;728;219;149;172;118;9;4;15;0;21;0;27;1;8;4;5;0;1;0;0;21;5;2;3;3;0;3;0;1;0;1;1;2;11;21;19;20;18;17;17;14;12;18;19;23;14;17;13;9;11;8;10;10;19;13;20;9;11;11;12;12;22;28;10;16;16;13;26;14;15;13;14;12;8;11;6;7;10;6;3;2;4;8;1;2;3;4;3;2;6;5;0;1;1;4;5;1;3;1;4;2;2;0;0;1;2;0;0;1;1;2;0;2;0;0;0;0;0;0;0;0;0;0;0;0;1;0;0;0;0;0;0;0
280320305000010;7;254;254;71;45;88;27;7;4;0;0;11;0;1;0;0;0;0;0;0;0;0;7;2;0;0;1;0;1;0;0;0;0;2;1;10;4;6;11;3;6;3;10;6;4;12;6;4;3;8;3;6;3;3;4;5;4;5;5;6;5;5;2;5;4;4;2;3;2;5;4;3;2;3;5;6;4;2;1;3;3;1;1;1;0;3;2;1;1;3;0;1;2;0;0;3;1;1;0;2;1;2;0;2;1;0;1;0;0;1;0;0;0;0;0;0;0;1;2;0;0;0;0;0;0;0;0;0;0;0;0;0;0;0;0
280320305000011;5;287;287;84;57;80;40;3;2;2;0;14;0;3;0;1;0;1;0;0;0;0;5;0;0;0;1;0;1;0;2;0;1;0;0;5;5;6;3;4;4;4;2;9;6;9;8;2;7;11;14;4;3;2;4;4;5;2;4;6;6;6;2;6;5;4;8;4;4;4;5;4;3;3;6;7;5;6;4;4;3;2;1;2;7;1;2;2;2;1;1;1;3;1;3;1;3;0;0;0;3;2;2;1;0;1;1;0;2;1;0;2;2;0;0;0;0;0;0;0;0;0;0;0;0;0;0;0;0;0;0;0;0;0;0
280320305000012;8;609;609;177;119;158;83;5;5;4;1;38;3;5;1;6;0;3;0;1;0;0;13;1;2;1;2;1;0;0;1;1;0;3;1;9;11;9;8;6;13;15;14;17;10;17;11;11;10;10;10;15;12;6;11;7;10;6;11;11;9;14;7;11;8;7;9;9;9;10;14;16;11;12;6;11;3;2;4;8;6;7;11;1;4;3;2;4;4;8;1;6;6;3;3;3;6;4;3;3;1;9;2;9;5;3;3;3;1;1;4;0;3;0;3;0;1;4;1;2;0;0;1;1;0;0;1;0;0;0;0;0;0;0;0
280320305000013;5;279;279;70;52;94;35;4;5;0;1;15;0;0;0;2;0;1;0;0;0;0;6;2;1;0;0;0;2;0;0;1;0;0;0;0;8;6;7;6;4;5;5;5;9;6;5;9;4;6;9;4;3;3;6;5;3;8;10;5;4;7;2;9;4;4;3;7;8;4;2;4;4;0;3;3;4;1;3;1;3;2;2;1;3;3;0;1;5;1;3;1;5;2;3;3;0;2;1;0;2;1;0;0;1;0;1;2;1;0;1;0;1;0;2;0;1;0;0;1;0;0;0;0;0;0;0;0;0;0;0;0;0;0;0
280320305000014;8;265;265;76;42;73;40;6;3;1;0;14;0;3;0;6;1;0;0;0;0;0;2;0;0;1;0;0;0;0;0;1;0;0;0;1;10;4;8;5;5;12;3;5;9;4;6;4;4;8;3;4;8;2;5;7;4;5;5;5;3;3;3;5;6;7;5;2;2;2;2;1;7;4;4;1;4;3;5;3;4;1;2;2;2;7;2;1;0;3;2;0;1;1;2;3;1;2;0;1;0;1;1;0;1;2;1;1;0;4;1;1;2;0;2;0;0;0;0;0;0;0;0;0;0;0;1;0;0;0;0;0;0;0;0
280320305000015;5;332;332;96;50;69;49;1;5;13;1;18;0;25;2;3;0;0;0;0;0;0;8;1;2;0;1;0;0;3;0;0;1;0;0;9;3;8;4;7;6;5;7;4;9;6;7;13;8;10;6;9;10;3;4;7;5;4;9;5;2;7;6;8;4;6;8;7;3;4;4;0;6;3;5;2;3;4;4;0;3;0;2;2;2;4;3;4;3;1;0;1;3;1;0;4;3;3;1;0;3;1;4;2;2;1;1;2;0;0;3;3;2;0;1;0;0;0;2;0;1;1;1;0;0;0;0;0;0;0;0;0;0;0;0
280320305000016;8;460;456;124;80;129;85;1;3;0;0;19;0;8;0;8;1;1;0;1;0;0;8;1;2;0;0;0;0;0;1;0;0;3;1;8;6;12;11;6;6;11;10;13;13;15;5;12;21;10;11;8;8;14;11;7;5;12;12;5;4;6;7;9;4;6;5;10;8;7;2;4;4;8;3;5;5;5;9;5;1;5;4;1;4;2;4;0;0;0;0;3;0;2;4;1;3;4;4;3;1;3;1;4;3;4;1;4;4;1;1;0;3;2;2;1;0;0;1;2;1;0;0;0;0;0;0;0;0;0;0;0;0;0;0
280320305000017;8;734;695;219;130;195;97;16;7;8;1;37;3;10;1;7;0;3;0;0;0;0;14;0;0;3;0;0;3;2;2;1;0;1;2;10;17;12;18;13;18;16;15;13;15;15;13;17;17;20;17;17;8;14;10;13;9;7;13;9;14;17;14;7;10;12;12;15;7;12;13;8;13;11;10;6;7;7;8;7;8;6;7;6;7;6;3;7;8;2;2;4;2;6;7;2;9;8;0;3;4;4;3;2;5;4;1;4;4;4;7;3;3;1;2;3;1;0;0;1;2;0;1;0;0;0;0;0;0;1;0;0;0;1;0
280320305000018;5;355;355;87;52;106;59;1;2;0;1;35;6;2;1;2;0;1;0;0;0;0;5;0;1;0;0;1;1;1;0;0;0;0;1;7;5;8;6;5;5;5;5;4;10;6;3;8;11;10;12;9;15;8;8;10;8;8;7;0;8;2;6;6;6;6;5;1;9;1;4;2;2;4;4;2;3;5;3;3;2;4;3;4;5;2;4;2;5;4;2;1;1;8;2;0;1;2;2;3;2;1;0;0;2;1;2;3;3;1;0;0;2;1;1;1;0;2;0;2;0;2;0;0;0;0;0;0;0;0;0;1;0;0;1
280320305000019;8;562;562;160;96;194;59;5;5;0;0;27;0;11;0;3;1;1;0;0;0;0;6;0;1;0;1;1;0;1;0;0;0;1;1;13;12;4;11;7;14;8;14;9;13;19;11;11;18;15;12;12;14;19;10;10;6;12;13;10;5;11;9;2;10;8;5;9;8;11;9;4;7;5;13;4;12;4;3;11;10;4;6;6;4;5;1;2;3;4;1;2;0;3;2;2;0;2;4;2;2;4;0;2;5;4;3;2;0;3;0;2;0;4;0;1;1;1;2;1;1;0;2;3;0;0;0;1;0;1;0;0;0;0;1
280320305000020;5;245;245;69;38;42;25;0;1;21;3;8;0;15;3;17;3;0;0;0;0;0;1;0;0;0;1;0;0;0;0;0;0;0;0;6;3;5;3;6;0;3;4;0;6;7;7;7;6;10;6;5;3;4;2;5;3;5;2;2;4;10;2;3;6;7;5;1;4;3;4;4;4;4;3;1;7;3;4;1;2;1;5;1;3;1;4;1;0;1;1;3;1;0;0;2;1;3;1;1;1;3;1;1;2;1;1;2;0;1;0;0;0;0;0;0;1;2;1;0;1;0;2;0;1;0;0;0;0;1;0;0;0;0;0
280320305000021;5;445;445;111;77;166;33;4;6;1;1;33;0;2;0;10;1;0;0;0;0;0;7;0;0;0;2;0;0;2;0;0;1;0;2;11;11;4;10;11;10;14;11;8;11;11;8;9;8;7;10;11;6;12;9;14;8;9;7;15;9;5;7;7;6;7;5;4;4;4;3;0;3;4;4;2;4;3;4;2;3;9;7;2;3;1;4;2;5;5;4;3;5;7;3;4;5;4;5;0;2;2;4;1;5;0;2;1;1;1;2;1;1;0;1;0;0;0;0;0;0;0;0;0;0;0;0;0;0;0;0;1;0;0;0
280320305000022;8;340;340;82;60;121;44;11;0;1;0;12;0;3;1;4;1;0;0;0;0;0;8;1;1;0;1;0;1;0;0;1;2;1;0;9;5;5;9;5;6;9;15;10;7;10;11;7;8;8;6;7;10;5;8;6;9;4;2;6;6;4;5;2;4;4;4;5;7;4;5;3;5;7;7;4;5;3;6;8;4;3;1;1;3;3;2;2;1;0;2;0;2;0;0;1;1;3;1;1;4;1;1;0;1;1;0;0;2;0;1;0;2;0;1;0;0;0;0;0;0;0;0;0;0;0;0;0;0;1;0;0;0;0;1
280320305000023;5;918;918;254;182;276;110;4;11;5;1;56;2;4;0;13;0;0;0;0;0;0;18;0;0;1;1;3;1;1;1;0;3;6;1;14;13;12;21;20;18;15;11;24;20;17;18;22;20;20;22;19;15;15;16;17;24;15;14;15;13;22;19;20;14;19;15;13;13;15;11;13;13;8;11;9;9;8;6;5;9;15;3;4;6;8;9;8;11;7;7;7;11;9;11;8;6;8;5;2;3;3;3;4;3;3;3;3;3;2;3;3;4;1;3;2;0;0;1;3;1;0;0;0;1;0;0;0;0;0;0;1;0;0;0
280320305000024;8;903;901;258;161;254;124;17;7;3;0;56;0;12;0;11;0;0;0;0;0;0;22;2;0;1;1;2;0;2;3;3;3;2;3;12;15;16;14;14;21;18;19;22;25;18;22;23;31;14;15;22;15;15;21;17;19;18;15;9;8;20;15;8;18;15;16;11;16;13;11;8;13;15;10;9;7;7;12;6;19;7;7;15;13;9;2;5;8;6;2;3;6;10;4;8;8;3;10;3;5;6;1;1;6;1;5;2;1;1;1;5;2;1;0;1;2;1;3;0;0;0;0;0;0;0;0;0;0;0;0;0;0;0;0
280320305000025;5;925;917;276;161;269;137;4;3;10;0;36;0;9;0;7;6;7;0;0;0;0;15;1;0;2;1;0;1;0;2;1;1;5;1;17;18;14;12;16;18;9;22;22;19;16;26;20;22;18;27;27;23;21;21;18;11;16;13;15;14;19;12;16;21;15;14;13;13;16;12;9;15;10;17;6;18;17;12;11;6;6;10;6;8;2;6;4;7;7;5;7;2;2;13;7;3;4;3;6;3;9;2;2;7;1;4;2;1;2;1;2;1;1;4;1;3;0;2;2;2;0;1;1;0;0;0;0;0;0;0;0;1;0;0
280320305000026;8;240;240;69;43;66;36;3;0;4;1;6;0;6;0;6;0;0;0;0;0;0;3;0;0;0;0;0;1;1;0;0;0;1;0;5;2;6;5;4;5;4;5;6;7;4;5;1;5;7;4;1;6;3;4;5;7;4;9;6;5;6;4;6;6;1;4;2;2;2;1;4;3;0;0;2;4;1;1;2;3;1;4;3;4;3;3;1;6;0;6;1;2;4;3;1;1;0;1;2;0;0;1;1;0;1;0;1;0;2;0;3;0;0;0;1;0;0;1;0;0;0;0;0;0;0;0;0;0;1;0;0;0;0;0
280320305000027;8;642;642;165;97;160;142;23;7;7;2;23;0;9;1;5;0;1;0;0;0;0;12;0;2;1;1;2;0;2;0;0;0;2;2;9;12;18;15;11;19;17;15;17;13;15;20;16;23;24;16;18;18;13;14;10;8;11;16;8;10;8;9;10;6;12;12;10;16;10;7;6;6;5;9;9;9;5;6;3;6;4;2;10;4;5;6;4;0;5;0;1;2;2;3;2;1;1;4;1;2;0;1;0;5;0;2;1;1;2;1;2;0;0;1;2;2;0;0;0;0;0;0;0;0;0;0;0;1;0;0;0;0;0;0
280320305000028;8;410;410;114;74;127;27;7;1;14;0;15;3;18;2;7;0;1;0;0;0;0;8;0;2;1;0;1;2;0;1;0;1;0;0;7;7;8;12;7;13;10;9;10;9;9;12;8;10;10;9;9;3;9;8;7;9;4;9;11;11;5;6;11;8;10;4;1;3;5;3;2;2;8;7;6;3;0;0;5;5;3;3;1;8;3;7;3;1;5;6;1;2;0;6;1;5;2;2;3;3;0;0;2;0;0;1;0;2;2;0;1;2;0;1;0;0;0;0;0;2;0;0;0;0;0;0;0;0;0;0;0;0;0;0
280320305000029;8;51;51;16;9;15;7;3;1;0;0;0;0;0;0;0;0;0;0;0;0;0;0;0;0;0;0;0;0;0;0;0;0;0;0;0;0;2;1;1;1;0;0;0;3;2;1;2;4;3;1;1;1;1;0;0;1;2;1;1;0;0;2;1;0;1;0;1;1;1;1;0;1;1;0;1;1;1;0;0;1;0;0;1;0;0;0;1;0;2;0;0;0;0;1;0;1;0;1;0;0;0;1;0;0;0;0;0;0;0;0;0;0;0;0;0;0;0;0;0;0;0;0;0;0;0;0;0;0;0;0;0;0;0;0
280320305000030;8;390;387;106;73;112;37;11;5;9;2;19;0;6;0;10;0;0;0;0;0;0;8;0;0;1;0;4;0;0;0;1;0;0;2;7;9;9;6;4;5;8;9;15;9;8;8;13;11;8;7;4;6;6;10;4;10;3;4;6;8;9;5;3;2;9;8;5;6;2;4;6;7;2;6;3;1;9;6;7;5;5;2;5;1;4;3;1;1;2;2;2;5;2;3;3;4;5;1;1;1;2;3;2;5;0;0;2;1;1;1;2;0;1;0;0;1;1;0;0;1;0;1;0;0;0;1;1;0;0;0;0;0;0;1
280320305000031;8;1137;1137;291;190;358;132;34;11;2;2;69;3;15;0;25;5;0;0;0;0;0;21;0;1;3;2;2;3;4;3;1;0;1;1;22;22;20;29;23;23;34;20;15;30;23;32;32;30;28;25;21;30;20;28;20;22;23;26;23;15;22;21;17;10;17;14;20;13;14;12;22;12;16;23;9;8;12;8;10;14;9;12;12;7;6;16;6;9;11;2;9;9;6;6;5;5;9;7;2;9;6;0;1;8;2;5;1;0;0;0;0;1;1;1;0;0;0;0;0;0;1;0;1;0;0;0;0;0;0;0;0;0;0;1
280320305000032;8;778;770;209;130;227;129;12;5;0;2;34;0;11;0;15;1;2;0;1;0;0;11;0;1;0;2;1;1;1;0;1;1;2;1;12;13;16;11;17;20;17;15;16;21;14;20;15;20;30;13;19;21;12;14;11;20;14;28;10;12;11;11;10;13;11;18;13;12;8;10;11;7;13;12;13;6;8;11;7;7;5;8;4;6;2;7;6;3;9;4;7;3;2;2;4;4;5;6;4;2;3;0;1;5;0;3;2;2;2;1;4;2;1;2;0;0;0;0;0;0;1;0;0;2;0;0;0;0;0;0;0;0;0;0
280320305000033;3;515;512;154;95;131;73;9;3;4;0;35;0;5;0;5;1;0;0;0;0;0;4;2;0;0;0;1;0;0;1;0;0;0;0;6;7;11;9;6;10;9;3;8;8;10;16;12;10;6;6;14;19;6;11;11;8;11;8;10;12;5;7;14;9;7;9;4;7;15;11;7;6;7;8;4;7;9;9;5;5;8;9;1;4;5;0;3;3;9;2;3;2;4;5;1;4;4;1;1;3;6;2;1;5;0;1;1;3;4;0;2;3;2;1;1;1;0;2;0;1;0;0;0;0;0;0;0;0;0;0;1;0;0;0
280320305000034;3;81;81;25;13;19;2;0;1;0;0;14;0;1;0;1;3;2;0;0;0;0;2;0;1;0;0;0;0;0;1;0;0;0;0;1;1;2;2;2;3;5;1;3;1;0;2;1;1;0;3;2;1;0;1;1;3;0;0;0;1;1;1;0;1;0;2;2;1;0;1;1;1;2;0;1;1;2;1;0;2;3;0;2;2;0;0;0;1;1;2;2;3;0;2;0;0;2;1;0;0;0;0;0;0;0;0;0;0;0;0;0;1;0;0;0;0;0;0;0;0;0;0;0;0;0;0;0;0;0;0;0;0;0;0
280320305000035;7;265;265;67;47;73;22;9;0;6;1;19;0;19;0;0;2;0;0;0;0;0;7;0;1;0;1;2;0;2;0;0;0;0;1;10;3;5;7;5;10;9;6;8;10;6;8;2;3;6;2;10;10;3;2;6;6;3;5;9;2;3;7;2;2;6;5;1;4;1;1;3;2;3;3;2;3;2;2;0;3;4;4;1;2;2;0;5;2;1;2;2;1;3;1;3;0;0;2;2;0;1;1;2;0;1;0;1;0;0;0;0;0;0;0;0;1;0;1;1;0;0;0;0;0;0;0;0;0;0;0;0;0;0;1
280320305000036;8;1128;1126;292;190;328;153;25;16;7;2;65;3;21;0;17;3;5;0;1;0;0;21;1;3;2;1;2;1;2;0;3;1;1;4;22;22;25;29;23;21;23;22;28;18;28;33;14;26;21;22;20;32;18;21;24;25;24;33;15;21;35;21;21;12;14;13;12;21;12;13;11;11;11;13;14;9;18;11;7;8;7;10;5;10;5;10;4;9;9;12;6;15;5;9;8;14;5;8;4;7;3;5;6;7;3;3;1;1;4;2;1;2;1;2;0;0;3;0;1;1;1;0;1;0;0;0;0;0;0;0;0;0;0;0
280320305000037;5;352;352;82;53;112;50;2;5;1;1;25;1;4;0;15;1;0;0;0;0;0;6;1;0;0;0;1;0;0;1;2;0;1;0;7;7;5;7;9;1;10;5;8;13;5;11;12;9;5;12;10;6;12;2;6;12;7;9;8;2;8;2;5;4;7;6;5;8;6;11;5;4;4;4;4;6;4;3;2;2;4;3;4;1;1;0;2;1;5;1;1;1;0;1;0;2;1;3;3;1;2;3;0;2;0;0;0;0;0;1;0;1;0;1;0;0;0;0;0;0;0;0;0;0;1;0;0;0;0;0;0;0;0;0
280320305000038;7;643;641;157;98;169;124;13;10;7;0;44;0;5;0;13;3;0;0;0;0;0;11;2;1;1;2;1;1;0;1;0;1;1;0;13;12;17;7;16;15;11;18;19;16;17;20;12;20;13;14;13;16;12;7;10;18;13;11;21;8;15;15;9;14;9;4;11;14;8;6;11;8;8;3;6;8;6;8;7;3;2;7;3;4;2;3;6;4;4;9;4;3;0;4;2;1;5;2;1;3;1;3;3;1;1;3;3;1;0;1;0;1;0;0;0;0;0;0;0;1;0;1;0;0;1;0;0;0;0;0;0;0;0;0
280320305000039;5;964;958;261;173;306;121;31;9;6;1;37;1;4;1;10;1;0;0;1;1;0;17;0;2;2;2;0;1;1;2;1;2;3;1;20;12;26;22;14;15;31;24;19;16;20;17;23;16;21;22;19;17;20;17;18;20;16;19;20;20;20;22;24;15;19;7;19;14;11;10;15;7;18;12;6;9;12;11;8;11;5;6;2;6;11;8;4;8;4;5;7;5;5;10;6;8;3;7;4;3;6;4;6;9;1;4;6;1;0;0;6;2;0;1;0;0;1;0;1;3;0;0;0;1;0;2;0;1;0;0;0;1;0;0
280320305000040;8;478;475;131;85;126;68;17;7;5;0;15;0;14;0;6;2;2;0;0;0;0;11;0;0;1;0;1;2;1;1;1;1;2;1;7;11;10;3;7;10;8;7;12;8;11;6;17;12;19;14;5;11;7;11;12;8;11;7;8;10;14;6;4;8;8;4;6;4;5;8;8;7;2;3;5;6;6;7;6;4;5;3;7;4;1;8;5;4;2;2;6;2;5;4;3;1;1;5;1;1;0;4;0;3;3;1;4;0;0;2;0;2;1;0;1;1;0;0;1;0;0;0;0;0;1;0;0;0;0;0;0;0;0;0
280320305000041;5;779;779;201;125;224;122;28;12;1;0;48;0;4;1;12;1;0;0;0;0;0;16;1;2;1;2;2;1;1;2;1;1;0;2;17;22;16;17;13;15;20;10;15;21;18;14;15;18;17;19;22;16;19;18;23;19;22;18;20;15;11;10;8;18;9;12;9;4;7;7;12;12;15;11;2;12;8;8;3;6;7;7;11;6;10;6;2;6;4;3;3;5;2;4;5;3;5;3;3;5;2;2;0;1;2;1;0;1;1;1;0;1;2;1;1;0;1;0;0;1;0;0;0;0;1;0;0;0;0;0;0;0;0;1
280320305000042;7;103;103;34;17;18;20;0;3;0;0;6;0;4;0;1;0;0;0;0;0;0;2;0;0;0;0;1;0;0;0;1;0;0;0;2;0;1;0;2;3;1;0;2;2;4;2;1;0;3;4;2;3;3;1;1;3;1;0;2;2;2;0;1;1;0;3;0;3;1;3;1;2;0;5;1;0;2;2;2;0;2;2;1;0;0;1;0;0;0;1;1;0;2;0;3;1;0;1;2;0;0;1;1;0;1;1;0;0;0;0;0;0;0;1;1;1;1;0;1;0;0;0;0;0;0;0;0;1;0;0;0;0;0;0
280320305000043;8;831;807;222;139;213;109;22;9;4;1;55;0;19;0;11;3;0;0;0;0;24;11;0;0;4;0;4;0;1;1;1;0;0;0;15;27;19;15;13;9;13;15;15;12;17;22;15;24;15;25;15;31;17;15;13;20;14;16;30;17;10;14;12;11;13;13;14;11;14;7;11;13;8;11;11;7;7;6;11;7;11;5;5;8;6;6;6;2;5;4;6;6;3;8;2;2;8;4;7;2;3;2;3;3;1;1;2;5;1;1;3;3;3;1;1;0;1;2;3;1;0;1;0;0;0;0;0;0;1;0;0;1;0;1
280320305000044;1;588;588;168;105;163;57;11;10;3;3;42;3;8;2;9;0;3;0;1;0;0;13;2;0;3;1;2;0;1;3;0;0;0;1;13;4;10;7;9;5;10;10;13;16;7;10;13;9;11;15;13;13;16;7;9;8;15;11;6;6;7;16;15;6;8;14;7;10;8;7;7;6;7;12;17;7;8;5;3;10;6;10;8;7;5;2;5;3;4;6;4;1;3;6;3;4;1;5;5;4;2;2;1;3;2;2;3;2;2;2;0;1;0;1;1;0;3;2;2;2;0;1;0;0;1;0;0;0;2;0;0;0;0;0
280320305000045;1;771;771;212;136;196;120;26;7;1;3;40;0;10;1;19;0;0;0;0;0;0;13;1;1;1;3;0;2;0;2;1;1;1;0;17;12;14;20;10;15;15;17;13;18;13;18;26;18;27;17;20;13;18;16;18;14;17;9;16;12;8;14;15;14;10;17;6;13;12;14;9;14;17;9;19;15;6;8;6;8;9;9;7;3;7;5;3;3;6;2;1;5;1;6;2;4;2;1;1;3;0;2;0;2;2;3;2;0;0;1;1;2;0;0;0;1;0;0;1;0;0;1;0;0;0;0;2;0;0;0;0;1;0;0
280320305000046;1;725;725;204;144;208;101;11;8;5;2;16;0;10;1;13;1;1;0;0;0;0;16;1;2;2;2;2;1;0;1;0;3;1;1;16;15;20;9;15;18;12;8;12;17;21;11;18;13;14;17;12;9;22;11;14;16;7;14;23;25;22;27;19;17;16;15;9;13;9;12;9;8;15;10;5;10;14;8;5;8;2;7;5;4;5;4;4;2;1;5;1;2;5;5;3;2;1;1;0;4;1;0;1;0;0;0;0;0;0;0;0;0;0;1;0;0;0;0;1;0;1;0;0;0;0;0;0;0;1;0;0;0;0;0
280320305000047;5;881;881;226;153;273;128;25;8;3;1;53;1;3;0;2;0;5;0;0;0;0;8;0;0;0;0;0;1;1;2;1;2;1;0;13;14;21;14;19;11;18;18;24;19;22;26;23;26;30;25;18;21;14;14;12;14;20;27;21;16;11;14;12;20;10;11;15;16;11;11;14;13;14;7;10;15;6;13;5;10;10;9;8;8;4;8;7;8;9;2;4;6;6;3;1;2;1;3;2;8;5;1;1;4;2;2;2;0;0;1;1;1;0;2;1;0;1;0;0;1;0;0;0;0;0;0;0;0;0;0;0;0;0;1
280320305000048;8;565;565;143;107;169;81;11;6;3;1;20;0;8;1;8;5;2;0;0;0;0;8;2;0;0;0;0;2;1;1;0;1;0;1;5;8;11;10;11;10;13;12;12;13;11;9;13;17;12;15;16;11;8;8;12;10;11;9;12;10;12;7;9;12;16;12;15;9;11;6;11;11;5;2;4;6;9;11;4;6;6;8;4;4;3;2;3;6;4;4;2;2;1;0;3;2;1;3;0;3;3;1;4;1;1;2;3;2;1;1;1;1;1;1;1;0;1;1;1;0;0;1;0;0;0;0;0;0;0;1;0;0;0;0
280320305000049;3;104;103;29;21;35;16;0;1;0;0;1;0;1;0;0;0;0;0;0;0;0;3;0;0;0;1;0;1;1;0;0;0;0;0;5;2;1;1;5;1;4;2;4;2;2;0;3;0;1;2;2;1;1;5;2;3;3;2;5;3;4;2;1;2;0;2;3;2;4;1;2;1;1;2;0;1;0;0;1;0;1;1;0;1;0;0;1;1;1;0;0;0;2;0;0;0;0;0;1;0;1;0;0;0;0;0;0;0;0;0;0;0;0;0;0;0;0;0;0;0;0;0;0;0;0;0;0;0;0;0;0;0;0;0
280330205000001;1;677;677;197;118;154;111;5;13;9;0;46;2;12;0;5;4;0;0;1;0;0;13;0;0;2;3;0;0;2;0;2;4;0;0;11;8;9;7;7;13;5;15;16;16;13;9;20;13;13;13;14;18;11;10;19;21;13;7;14;8;15;9;12;14;9;11;8;8;14;7;15;11;13;9;15;9;16;7;9;2;10;7;8;6;4;4;2;2;6;2;6;0;2;4;1;5;2;3;5;2;4;5;3;2;1;1;2;3;0;2;1;1;2;2;1;1;1;3;2;1;2;2;0;0;0;0;2;1;1;0;0;0;0;1
280330205000002;1;342;339;104;58;77;49;1;3;2;0;26;0;8;0;14;0;0;0;0;0;0;5;0;0;1;1;0;0;0;0;0;0;1;2;2;3;2;6;5;6;7;4;10;9;7;9;8;6;6;5;5;5;4;6;7;7;9;8;7;8;6;6;2;6;5;6;4;1;5;3;6;6;4;9;3;8;2;6;1;8;4;1;3;5;7;1;3;3;2;3;2;2;3;5;2;2;4;0;4;1;1;0;3;0;2;2;0;2;1;1;2;2;0;1;0;0;0;2;1;0;1;0;1;0;0;0;0;0;0;0;0;0;0;0
280330205000003;1;857;852;257;144;200;123;16;6;15;3;64;0;12;0;12;2;1;0;2;0;0;9;0;2;2;0;0;1;0;0;1;1;2;0;11;14;8;14;11;10;9;9;10;17;15;17;12;19;17;16;15;14;12;17;20;15;21;24;12;14;12;13;10;16;10;19;12;12;14;6;9;12;10;12;9;11;6;11;8;10;15;15;16;6;8;5;10;10;6;11;5;7;5;4;3;10;6;4;8;9;4;11;3;6;6;4;3;2;4;4;3;3;12;3;4;0;4;1;4;2;1;3;1;1;0;0;0;0;0;0;0;1;0;0
280330205000004;1;882;865;256;155;208;135;10;11;8;2;48;2;14;1;18;0;5;0;0;0;9;11;1;1;1;1;3;3;1;0;0;0;0;0;14;9;13;9;10;14;13;15;20;12;19;27;13;12;14;13;14;30;17;23;10;19;14;21;14;14;18;16;19;16;20;17;3;16;14;13;7;13;10;9;13;16;12;7;14;13;12;7;10;8;9;12;8;11;7;9;8;6;8;8;4;5;2;6;4;1;3;4;6;3;7;3;2;4;5;1;1;2;4;0;1;1;2;1;1;2;1;0;0;0;1;0;2;0;0;0;0;0;0;0
280330205000005;1;764;763;211;134;179;99;8;14;9;1;72;2;18;1;10;2;3;0;1;0;0;6;1;0;0;0;0;0;1;0;2;0;0;2;15;13;5;10;10;5;13;10;9;14;5;11;21;13;10;11;16;19;12;13;18;14;15;16;13;10;14;13;15;15;9;12;10;12;16;13;8;7;21;12;13;12;11;6;10;9;7;12;7;4;10;9;8;9;13;8;2;5;4;4;5;7;10;2;6;3;4;8;2;6;4;1;4;3;5;5;2;1;0;2;1;0;2;5;3;2;1;2;0;0;0;0;0;0;0;0;0;1;0;0
280330205000006;1;787;781;214;139;159;113;8;15;12;3;68;8;11;1;25;9;2;0;0;0;0;17;1;1;1;0;2;2;3;1;0;1;3;2;16;8;11;7;18;10;8;20;8;22;13;14;11;16;11;19;20;14;12;19;11;17;21;16;19;11;13;16;10;13;8;11;15;10;17;6;5;5;6;7;13;16;11;9;12;9;11;10;4;9;2;9;3;3;8;12;5;5;6;5;4;3;6;4;6;8;6;3;7;6;3;1;2;4;4;3;3;3;0;3;0;2;1;1;1;2;1;1;1;0;0;0;2;1;0;0;1;1;0;0
280330205000007;1;802;802;205;148;245;83;11;14;7;0;61;0;7;0;19;2;0;0;0;0;0;10;1;0;2;1;1;1;1;1;0;0;1;1;13;12;13;17;14;12;14;11;9;16;11;13;24;17;19;23;15;19;14;17;27;13;13;13;13;12;12;19;14;22;10;11;14;12;10;12;11;11;10;11;7;6;14;9;13;10;14;16;7;9;11;6;3;6;9;10;5;6;5;7;2;6;3;3;3;6;3;1;2;1;0;2;2;1;1;2;1;0;0;0;0;0;2;0;1;1;0;0;1;2;0;0;0;0;0;0;0;0;0;0
280330205000008;1;541;541;163;101;104;93;10;3;4;3;39;1;8;0;10;1;1;0;0;0;0;6;0;0;0;1;2;0;1;0;2;0;0;0;8;6;6;5;5;8;5;12;11;17;9;10;6;13;11;9;8;5;5;7;10;12;10;12;7;8;9;15;15;13;14;6;10;11;9;8;10;11;5;7;4;6;5;13;14;6;6;1;4;7;3;3;4;5;4;5;2;3;4;4;3;7;3;5;3;5;3;2;3;1;1;4;2;2;3;3;3;2;3;1;1;0;0;0;0;1;1;2;0;0;0;0;0;0;0;0;0;0;0;0
280330205000009;8;222;222;59;46;78;22;7;2;0;0;2;0;2;0;4;0;0;0;0;0;0;3;0;0;0;1;2;0;0;0;0;0;0;0;0;9;7;2;0;5;7;3;2;6;4;7;6;8;9;5;3;4;5;2;4;4;8;4;1;4;3;3;5;6;3;6;1;3;5;3;2;2;4;2;5;0;5;0;3;2;2;4;2;1;2;0;4;3;3;3;1;2;0;0;2;1;0;2;1;0;0;1;1;1;0;0;0;0;0;0;0;0;0;0;0;0;0;0;0;0;0;0;0;1;0;0;0;0;0;0;0;0;0;0
280330205000010;8;526;522;147;99;165;71;5;5;3;1;18;0;1;0;7;0;4;0;0;0;0;4;0;0;0;0;1;0;0;0;1;1;0;1;7;9;8;8;12;11;13;14;17;19;11;7;12;22;13;12;10;7;11;13;8;6;7;6;11;3;9;14;6;7;3;10;9;5;11;4;7;5;7;5;3;4;7;1;13;5;5;5;4;7;1;5;6;4;5;7;5;2;1;5;3;3;2;5;4;0;3;4;1;4;0;2;0;1;2;0;1;2;2;1;1;1;1;1;2;1;0;0;0;1;0;0;0;0;0;0;0;0;0;0
280330205000011;8;352;352;83;56;127;37;4;6;0;0;31;1;2;0;5;0;0;0;0;0;0;10;2;0;1;0;2;0;1;1;0;0;2;1;4;2;3;12;4;8;6;6;13;10;6;10;15;5;12;16;11;9;6;6;7;3;4;6;7;1;10;7;5;5;3;2;5;2;4;6;4;2;3;1;3;11;0;7;1;2;3;6;6;1;0;2;4;0;1;5;1;1;1;0;1;2;4;2;3;1;2;3;6;2;0;1;0;0;2;1;1;3;0;0;0;1;0;0;0;0;0;0;0;0;0;0;0;0;0;0;0;0;1;0
280330205000012;8;754;666;205;142;257;39;15;7;3;4;55;2;4;0;15;6;0;0;0;0;0;10;2;1;0;0;2;0;0;0;2;1;1;1;15;19;16;12;16;15;13;13;19;12;12;22;14;22;22;19;10;18;15;18;12;17;10;13;11;11;11;14;8;8;9;10;9;12;10;10;7;7;5;9;6;10;6;7;7;11;8;7;11;8;7;11;8;8;6;12;2;6;5;7;4;7;6;4;4;3;4;2;2;2;0;1;4;1;5;1;1;4;2;1;1;2;3;1;0;0;0;0;0;0;0;0;0;0;0;0;0;0;1;0
280330205000013;5;208;208;50;30;80;29;2;4;0;0;11;0;2;0;0;0;0;0;0;0;0;4;0;0;1;1;0;0;0;0;1;0;0;1;3;7;0;4;6;5;0;4;5;4;7;4;3;8;5;5;6;4;7;5;8;4;5;5;6;7;4;2;4;2;3;3;1;1;1;1;0;0;4;3;1;2;0;1;1;1;4;1;3;1;0;0;1;2;3;2;1;0;6;1;1;0;2;0;1;2;1;0;0;0;0;1;2;1;0;0;0;0;1;1;0;1;3;0;0;0;0;0;0;0;0;0;0;0;0;0;0;0;0;0
280330205000014;5;369;358;112;68;113;51;3;0;1;0;18;1;1;0;0;1;0;0;0;0;0;6;0;0;0;1;2;1;1;0;0;1;0;0;9;4;5;7;3;6;3;6;11;9;9;14;14;12;12;9;13;7;3;2;9;6;7;2;7;6;4;5;3;4;4;4;4;3;3;1;4;3;5;5;4;8;2;3;5;5;3;3;2;6;4;7;0;3;3;5;2;2;2;4;3;1;4;5;3;2;3;0;3;0;2;1;3;2;1;0;1;1;3;1;0;0;1;2;1;0;0;0;0;0;0;0;0;0;0;0;0;0;0;0
280330205000015;8;192;192;54;34;71;12;3;2;2;0;10;1;1;0;1;1;0;0;0;0;0;2;0;0;0;1;0;0;0;0;0;0;0;1;2;0;2;5;2;0;2;4;5;5;4;7;6;7;5;6;4;6;4;6;4;1;4;6;3;1;1;3;3;4;0;1;1;0;1;0;3;3;2;1;1;4;3;2;2;2;4;0;2;1;5;2;2;0;3;0;0;1;3;3;2;2;2;3;1;1;1;0;0;1;0;4;1;1;0;1;0;0;0;0;0;0;2;2;0;1;0;0;0;0;0;0;1;0;0;0;0;0;0;0
280330205000016;5;355;355;103;69;139;30;5;0;0;0;6;0;2;0;1;0;0;0;0;0;0;6;0;1;1;0;2;1;0;0;1;0;0;0;3;9;8;7;5;6;7;9;3;13;5;9;6;11;12;3;8;12;4;9;3;4;8;3;5;5;10;7;5;5;3;11;5;5;3;3;1;3;2;4;3;5;2;2;4;6;1;3;4;4;1;3;1;4;3;4;6;2;3;1;3;3;3;1;1;2;3;3;0;2;3;2;0;2;2;1;1;2;2;1;0;1;1;0;2;0;1;0;0;1;0;0;0;0;0;0;0;0;0;0
280330205000017;8;224;224;62;32;67;34;2;3;0;2;11;2;4;0;3;2;0;0;0;0;0;2;0;0;0;0;1;0;0;0;0;1;0;0;1;0;5;3;3;4;4;3;8;6;7;8;5;4;6;7;2;5;6;2;4;6;5;2;4;4;5;6;1;2;9;0;2;2;3;3;0;2;3;3;4;2;1;5;3;4;4;1;3;0;2;3;1;0;5;1;3;3;2;0;0;0;0;0;2;1;1;3;2;0;1;1;0;0;0;2;1;1;1;1;0;0;1;2;0;0;0;0;0;0;0;0;0;0;0;0;0;0;0;0
280330205000018;5;424;411;118;76;130;53;24;0;2;1;9;0;5;0;5;1;0;0;0;0;0;10;1;0;2;1;2;0;1;1;0;1;0;1;11;4;8;8;7;14;8;12;13;14;12;5;15;6;10;13;11;8;5;7;8;11;10;7;8;4;16;6;6;5;7;4;3;3;8;4;3;5;5;6;4;2;5;5;3;5;6;1;3;2;3;3;2;1;2;3;2;4;2;1;2;4;4;0;5;1;2;2;2;1;1;2;1;1;1;1;0;0;0;0;0;0;2;0;0;0;0;1;0;1;1;0;0;0;0;0;0;0;0;0
280330205000019;8;416;416;115;77;131;57;4;2;4;0;12;0;6;0;7;0;1;0;0;0;0;5;0;0;0;0;1;0;0;1;0;0;3;0;9;3;6;6;7;10;3;9;8;14;12;12;11;16;11;8;15;7;9;10;6;2;8;8;3;11;5;15;1;4;4;5;6;5;8;6;4;3;4;6;7;8;3;6;3;6;4;3;10;3;3;6;2;1;2;3;4;4;3;2;0;4;2;1;2;1;2;1;0;2;0;0;3;0;3;0;0;1;0;2;1;2;0;1;0;0;0;0;0;0;0;0;0;0;0;0;0;0;0;0
280330205000020;5;292;287;97;51;58;39;10;3;0;1;20;1;6;0;5;0;1;0;0;0;0;3;0;1;1;0;0;1;0;0;0;0;0;0;5;2;2;3;2;3;2;4;3;8;5;7;6;6;5;5;4;6;5;6;6;4;2;1;3;6;3;7;1;5;3;6;7;7;4;7;5;5;5;4;2;8;5;3;4;1;6;2;6;5;3;5;2;3;5;2;2;2;4;3;5;2;1;3;1;2;1;1;1;2;0;0;3;0;1;1;1;1;2;1;1;1;1;0;2;0;0;2;0;0;0;0;0;0;0;0;0;0;0;0
280330205000021;8;299;291;80;59;96;24;5;1;3;0;26;1;0;0;2;0;2;0;0;0;0;4;0;1;0;0;0;1;0;1;0;0;0;1;7;5;5;11;4;11;10;6;9;11;8;6;7;6;4;5;5;5;6;3;2;7;3;3;5;4;9;10;5;2;6;2;4;1;7;2;3;3;4;5;1;3;1;4;1;4;3;4;2;1;1;1;2;2;3;2;4;5;0;3;1;1;2;2;1;2;2;3;1;1;2;0;1;0;1;0;1;1;2;0;0;1;1;0;0;0;0;0;0;0;0;0;0;0;0;1;0;0;0;0
280330205000022;5;1023;1020;286;190;243;184;40;9;2;3;44;2;7;0;9;4;0;0;0;0;0;18;0;1;2;2;1;4;4;1;2;0;0;1;29;18;16;37;18;20;23;12;16;31;24;24;20;26;29;23;28;20;20;24;21;29;20;20;18;17;14;34;20;28;23;19;13;10;19;14;9;11;7;14;18;11;6;7;9;9;12;7;8;8;4;5;7;4;7;5;4;2;4;5;3;2;5;2;2;3;2;4;3;1;0;3;1;0;4;1;2;0;1;1;0;2;0;0;0;1;0;0;0;0;0;1;0;1;0;0;0;0;0;0
280330205000023;5;577;577;169;103;135;74;13;9;4;7;47;1;2;0;11;0;2;0;0;0;0;11;1;0;1;4;2;0;0;0;2;1;0;0;11;8;6;11;11;7;10;17;7;11;13;12;11;8;14;20;11;14;10;6;16;8;8;10;10;6;8;7;10;8;8;13;11;13;5;7;4;9;7;8;8;5;4;11;5;8;6;10;3;4;6;2;7;6;2;7;6;8;4;5;4;2;3;4;3;3;5;1;2;1;4;1;1;4;0;2;1;4;2;1;0;1;0;2;1;0;1;1;1;0;0;0;0;0;0;0;0;0;0;0
280330205000024;5;581;566;174;109;140;82;7;12;5;0;42;1;4;0;2;0;3;0;0;0;0;9;0;0;2;2;0;0;0;1;2;0;1;1;14;6;8;8;9;8;12;6;13;11;13;13;8;11;6;10;17;13;10;10;8;6;8;15;10;8;14;11;16;10;12;11;4;3;12;4;8;7;8;11;8;7;3;9;11;5;4;8;5;8;6;4;5;4;8;6;7;5;5;5;3;5;2;4;6;2;3;0;2;4;1;0;4;2;2;0;0;1;5;2;0;0;0;1;0;0;3;1;1;0;1;1;0;1;0;0;0;0;0;0
280330205000025;5;540;533;160;107;145;45;5;4;6;2;45;6;3;0;5;0;5;2;0;0;0;5;1;1;0;0;1;0;1;0;0;1;0;0;4;6;6;7;14;7;10;8;13;9;13;8;9;13;10;13;13;9;11;6;9;9;16;21;10;6;13;7;7;9;5;3;2;7;8;9;6;6;10;10;9;7;4;8;4;6;7;6;2;6;6;1;8;10;6;5;4;5;1;3;6;2;5;3;7;3;3;1;2;1;1;4;4;1;2;2;1;1;2;2;3;2;0;0;4;0;0;0;0;0;1;0;0;1;0;0;1;0;0;0
280330205000026;8;464;464;118;85;135;60;7;5;3;2;28;4;6;0;4;1;6;0;0;0;0;10;1;1;0;2;1;3;0;1;0;0;1;0;6;11;15;8;4;8;4;12;12;13;12;8;13;9;7;12;9;13;8;12;7;13;13;8;7;7;9;8;10;9;12;6;9;4;6;2;8;9;4;6;7;0;4;5;9;3;5;6;5;6;7;3;0;4;6;1;2;0;7;2;1;0;5;2;3;1;0;1;2;1;0;0;0;1;0;0;1;0;0;0;0;0;0;1;0;0;0;0;0;0;0;0;0;0;0;0;0;0;0;0
280330205000027;8;643;375;276;108;120;61;15;3;1;1;33;1;2;0;13;3;4;2;0;0;0;9;1;1;0;0;1;0;0;1;2;2;1;0;7;5;10;10;16;9;9;14;11;18;10;7;11;13;10;10;10;8;7;7;10;16;13;8;3;13;2;15;6;9;9;12;15;11;8;7;15;9;9;7;10;15;10;8;17;9;10;10;14;10;5;14;11;5;11;6;5;6;6;5;3;4;4;3;4;4;4;1;3;2;2;0;0;0;2;1;3;1;0;0;0;0;0;0;1;1;2;0;0;1;1;0;0;1;0;0;0;0;0;0
280330205000028;5;500;500;127;91;153;62;7;13;2;2;26;0;7;0;10;0;0;0;0;0;0;5;0;0;0;1;1;0;1;0;1;0;1;0;11;7;9;11;12;5;12;9;12;14;10;11;8;13;16;17;11;9;12;12;10;9;14;12;10;6;8;5;6;13;4;3;8;5;10;5;7;10;7;5;11;5;5;5;4;3;14;2;1;5;1;4;3;4;3;1;4;2;3;4;0;2;3;0;3;2;3;2;2;2;0;0;0;1;2;0;1;4;0;1;0;0;1;1;0;1;0;0;0;1;0;1;0;0;0;0;0;0;0;0
280330205000029;1;707;704;207;145;211;80;16;4;4;1;22;0;5;0;9;2;0;0;0;0;1;10;1;0;0;0;0;3;2;1;1;1;0;1;21;11;12;16;12;16;17;10;22;21;18;23;9;9;15;17;17;17;12;16;15;14;13;9;11;10;12;12;9;16;19;15;7;17;10;12;17;10;18;13;15;10;8;11;8;7;5;2;4;2;6;5;3;0;8;2;3;0;1;3;0;3;1;3;0;2;1;2;2;1;1;2;1;0;2;0;0;1;1;0;0;0;0;0;0;0;0;0;0;0;0;0;0;0;0;1;0;0;0;0
280330205000030;1;981;981;281;167;222;173;28;10;9;2;48;1;14;2;18;6;0;0;0;0;0;14;1;2;1;1;1;1;0;1;2;2;1;1;22;18;22;15;24;19;25;18;16;29;23;19;29;22;12;27;17;17;21;23;18;21;22;25;23;22;24;28;17;11;13;13;18;15;13;11;16;9;12;12;11;15;9;12;12;10;6;4;11;8;4;8;1;6;6;4;10;3;4;4;4;1;3;3;2;6;2;3;2;3;2;1;2;2;1;1;3;2;2;1;2;2;3;0;1;1;1;0;0;0;0;0;0;1;0;0;1;0;0;0
280330205000031;1;563;554;154;86;125;95;7;5;6;1;66;0;8;0;8;1;1;0;0;0;0;9;0;0;2;1;1;0;2;0;1;2;0;0;7;4;15;9;6;11;11;19;12;17;13;12;10;8;18;12;11;9;7;9;13;11;9;8;17;9;11;10;12;11;9;14;9;8;4;10;5;5;3;10;7;4;1;7;4;6;8;3;3;4;5;5;5;7;3;2;6;1;3;4;3;5;6;5;1;3;3;2;1;2;6;1;1;1;3;0;3;1;0;3;1;2;1;1;1;0;0;0;0;1;0;0;1;0;0;0;0;0;0;0
280340105000001;1;779;778;238;145;178;98;7;14;3;1;53;2;13;0;24;2;0;0;0;0;1;13;1;1;1;1;2;2;1;1;1;1;1;0;15;14;13;22;16;11;6;10;17;11;9;5;15;10;16;16;12;13;12;16;13;19;9;8;15;13;13;17;15;11;15;15;11;16;11;9;8;10;7;13;10;13;10;11;5;8;9;9;5;7;5;9;5;12;4;6;7;7;9;7;9;4;3;0;8;4;7;1;7;6;2;6;1;3;7;4;5;1;2;2;0;6;1;1;1;1;1;1;2;2;1;1;0;0;0;1;0;0;0;0
280340105000002;1;866;866;244;182;236;97;8;19;6;0;40;0;13;2;18;1;0;0;0;0;0;11;2;2;2;1;0;0;1;0;0;2;0;1;17;14;10;16;17;13;17;13;16;19;17;16;16;17;15;16;24;13;18;16;15;19;24;21;8;9;15;23;12;15;20;15;14;8;8;16;18;14;15;13;12;12;15;11;12;9;14;5;14;9;4;8;7;8;6;7;4;6;9;6;3;4;4;5;2;2;1;0;3;2;5;6;0;1;4;0;2;0;1;1;0;0;1;2;2;1;1;1;0;0;0;0;0;0;0;0;0;0;1;0
280340105000003;1;443;443;128;90;139;40;4;6;1;1;24;1;2;1;6;0;0;0;0;0;0;2;0;1;0;0;0;0;0;1;0;0;0;0;10;8;7;7;7;4;10;10;7;6;9;4;16;9;8;13;7;10;6;11;9;6;10;9;10;9;13;11;11;8;5;7;6;1;5;8;8;3;5;7;6;7;7;8;4;3;3;6;3;1;5;5;3;3;4;2;4;1;3;4;1;4;1;1;2;5;3;0;2;3;1;2;1;1;0;2;0;0;0;2;0;2;1;0;1;1;0;0;0;0;0;1;1;1;0;0;0;0;0;0
280340105000004;1;1071;1071;298;201;321;143;9;15;8;2;59;0;5;0;6;0;3;0;1;0;0;16;0;1;3;0;0;2;1;3;2;1;2;1;19;29;25;20;22;12;25;29;27;19;26;18;18;21;31;22;26;30;33;16;14;20;17;25;21;22;21;13;15;19;18;15;21;12;26;19;12;13;14;12;11;19;10;11;13;12;7;8;6;7;5;4;5;7;7;3;7;5;4;8;4;5;4;5;1;3;5;4;4;3;2;1;3;6;3;3;2;2;3;3;0;0;0;1;2;1;2;2;0;2;0;0;1;0;0;1;0;0;0;1
280340105000005;1;1153;1153;343;249;318;117;21;16;5;2;58;4;6;0;14;0;0;0;0;0;0;18;1;1;3;0;3;1;1;0;1;2;2;3;20;29;28;29;24;23;22;15;27;32;20;17;26;14;29;24;18;20;18;26;28;20;26;27;24;23;33;16;20;26;21;23;18;24;12;15;3;8;11;14;12;17;11;13;13;11;12;7;11;5;8;6;5;5;12;5;9;5;10;8;5;8;9;6;8;5;3;4;2;3;3;4;4;3;4;2;2;2;1;2;0;1;4;4;1;2;2;0;0;2;0;0;0;1;0;0;0;0;0;0
280340105000006;8;867;861;214;156;336;76;11;14;3;0;41;0;7;0;3;6;0;0;0;0;0;15;1;2;1;0;3;2;2;1;1;1;0;1;10;23;26;13;23;25;15;22;34;20;26;27;23;17;19;17;17;23;21;16;14;26;19;17;12;13;12;6;14;17;12;21;19;11;17;10;7;7;11;11;5;4;4;5;11;5;6;5;7;8;4;6;6;6;10;8;6;5;4;2;2;5;5;4;3;4;1;0;1;1;3;4;3;0;1;1;1;0;0;1;0;0;1;0;1;0;0;0;0;0;0;0;0;0;0;0;0;0;0;0
280340105000007;5;525;525;143;101;168;60;2;5;1;2;36;0;3;1;3;0;0;0;0;0;0;10;1;1;2;1;0;0;2;3;0;0;0;0;7;12;15;15;7;10;13;16;9;13;10;12;13;12;13;12;12;13;9;8;12;12;4;13;5;9;8;5;6;7;6;6;7;7;7;17;8;9;2;9;4;9;3;2;3;5;9;1;4;2;1;1;4;6;5;2;2;1;0;6;8;2;6;6;3;4;2;1;2;3;3;1;3;2;0;1;0;1;2;0;0;0;0;1;0;1;0;0;0;1;0;2;0;0;0;0;0;0;0;0
280340105000008;5;1103;1103;306;217;317;154;16;8;0;1;47;3;11;0;6;15;2;0;0;0;0;30;5;2;4;1;2;3;1;2;5;1;2;2;35;30;24;29;21;29;25;28;25;22;29;24;20;27;21;22;22;19;26;17;26;21;18;25;35;16;18;22;21;16;18;13;16;22;6;13;14;10;8;16;8;13;13;12;11;12;10;3;9;6;5;5;3;6;3;9;6;7;6;8;3;8;9;2;8;6;3;3;2;3;1;1;3;3;3;2;1;0;2;0;0;1;0;2;0;1;1;0;0;0;0;0;1;0;0;0;0;0;0;0
280340105000009;5;820;820;216;151;266;110;23;6;2;1;37;0;4;0;4;0;0;0;0;0;0;13;1;1;2;1;3;1;0;0;0;3;1;0;11;8;12;19;12;21;10;5;20;26;21;20;22;14;19;24;14;16;25;15;26;16;21;16;28;20;12;14;13;19;9;8;10;13;9;8;11;5;9;9;6;10;9;9;5;6;8;6;3;7;4;1;6;6;9;6;6;2;2;4;2;8;6;7;7;8;5;4;2;1;1;6;5;2;2;2;1;1;1;3;0;0;3;0;0;0;1;0;0;1;1;0;0;1;0;1;0;0;0;0
280340105000010;8;297;297;86;64;95;32;4;0;1;1;11;0;1;0;2;0;0;0;0;0;0;7;1;0;2;0;0;0;2;0;0;0;1;1;9;2;11;5;4;5;5;5;6;4;10;7;10;5;6;7;4;9;8;7;8;8;10;8;5;5;3;5;5;3;3;5;5;3;2;4;1;1;4;6;3;4;3;3;2;1;1;1;3;3;2;2;1;2;2;2;0;0;2;0;4;2;0;0;2;4;0;1;1;1;3;3;1;1;2;0;3;0;0;1;0;0;0;0;0;0;0;0;0;0;0;1;0;0;0;0;0;0;0;0
280340105000011;8;379;379;108;81;128;15;0;3;12;0;25;0;5;1;1;0;0;0;0;0;0;9;0;2;0;1;1;0;1;0;1;1;1;1;7;10;1;8;10;5;11;11;14;7;7;5;8;7;7;9;6;2;6;10;9;7;6;7;6;5;2;5;4;5;5;6;5;6;3;5;2;4;2;2;6;6;5;8;3;3;6;6;9;3;4;5;3;4;3;4;3;5;1;4;3;0;5;4;2;6;1;2;0;1;0;0;1;1;2;1;1;0;0;0;0;0;0;0;0;0;1;0;0;0;0;0;0;0;1;0;0;0;0;0
280340105000012;8;286;286;76;58;120;14;1;0;0;0;12;0;1;2;2;0;0;0;0;0;0;5;1;1;0;2;0;0;0;0;1;0;0;0;2;4;3;4;6;5;2;10;10;7;7;7;16;9;6;4;5;5;3;4;7;3;7;5;8;4;7;4;4;2;1;3;5;3;0;3;6;1;4;4;5;6;7;6;1;3;4;2;3;2;0;2;1;1;3;3;3;2;1;0;0;2;3;3;1;6;3;1;1;0;2;1;0;0;1;0;1;0;1;0;0;0;0;0;0;0;0;0;0;0;0;0;0;0;0;0;0;0;0;0
280340105000013;6;380;380;97;84;138;15;9;3;3;0;18;1;3;0;9;0;0;0;0;0;0;9;0;1;0;0;0;0;1;0;3;1;2;1;11;7;9;10;7;11;6;9;6;8;13;6;7;2;7;7;9;6;6;7;7;13;9;6;5;12;7;4;4;9;7;6;9;3;12;7;7;6;4;2;3;2;3;7;4;3;3;5;7;3;3;4;1;5;1;2;2;3;3;4;4;1;0;2;0;0;1;1;0;0;0;0;0;0;0;0;0;0;0;0;0;0;0;0;0;1;0;0;0;0;0;0;0;0;0;0;0;0;0;0
280340105000014;5;112;112;30;18;38;22;0;1;1;0;2;0;0;0;0;0;0;0;0;0;0;2;1;0;0;0;0;0;0;0;0;0;0;1;5;0;0;1;3;1;5;5;1;4;2;4;5;5;3;0;1;3;1;3;4;1;1;4;1;1;5;2;2;3;0;0;2;0;1;0;1;2;1;1;1;1;2;2;1;2;2;2;0;0;0;3;0;1;0;1;1;1;3;0;0;0;0;0;0;0;0;0;0;0;0;0;0;0;0;0;0;1;0;0;1;0;0;0;0;0;0;1;0;0;0;0;0;0;0;0;0;0;0;0
280340105000015;8;232;232;64;37;67;46;1;4;1;0;11;0;0;0;0;0;1;0;0;0;0;0;0;0;0;0;0;0;0;0;0;0;0;0;3;2;3;1;3;7;3;2;7;6;5;4;4;8;8;5;8;3;6;4;5;3;3;6;3;3;2;6;2;7;6;3;4;4;3;3;4;2;2;2;2;4;0;1;2;5;3;7;3;2;1;3;2;2;2;1;0;1;4;2;1;0;1;1;0;0;1;1;1;2;0;0;0;2;1;2;0;2;1;0;0;1;0;0;0;1;0;0;1;0;0;1;0;0;0;0;0;0;0;0
280340105000016;8;644;644;174;133;230;41;11;8;1;0;32;0;5;0;8;0;0;0;1;0;0;8;2;0;0;2;0;0;0;0;1;0;1;2;16;12;21;14;13;14;17;11;13;12;12;11;17;14;12;9;14;17;13;7;12;19;11;13;14;10;8;8;11;13;15;9;9;14;9;12;5;7;2;1;8;5;7;8;6;8;8;3;8;4;3;4;3;2;5;5;3;3;3;5;4;8;2;4;2;2;3;5;3;8;1;3;2;5;3;0;2;0;0;0;0;3;1;0;0;0;0;0;1;1;1;0;0;0;0;0;0;0;0;0
280340105000017;5;407;407;141;85;103;30;5;2;6;0;16;2;7;0;5;0;5;0;0;0;0;8;0;0;0;3;1;0;0;0;0;3;0;1;7;2;7;8;4;11;9;4;7;9;4;11;8;7;7;11;8;5;6;7;5;7;2;8;5;6;3;7;4;10;8;7;4;4;6;8;8;4;5;7;3;3;4;2;4;7;1;7;3;7;3;4;3;4;2;6;6;4;6;3;0;4;4;2;1;3;0;6;7;0;2;5;0;3;0;3;0;2;1;3;1;2;1;0;4;0;0;0;0;0;0;1;0;0;0;0;0;1;0;1
280340105000018;5;464;463;146;101;126;55;12;2;0;2;13;0;3;0;4;0;0;0;0;0;0;9;3;1;0;0;1;1;2;0;0;0;1;0;10;10;8;12;5;10;12;8;11;8;12;12;4;12;12;3;11;11;7;7;8;10;6;4;7;8;6;7;6;4;6;7;8;4;7;5;8;9;3;5;7;7;8;3;3;5;4;9;6;8;5;2;5;4;6;3;3;3;1;4;1;0;1;2;6;4;1;0;3;1;3;4;1;2;1;5;1;4;2;0;0;1;0;0;1;0;0;0;0;1;0;1;0;0;0;0;0;0;0;0
280340105000019;8;480;480;135;94;152;45;11;7;6;0;13;2;7;0;8;0;0;0;0;0;0;3;0;0;0;2;0;0;0;0;0;1;0;0;4;7;7;10;10;10;4;14;9;14;13;11;8;7;15;10;14;16;13;16;9;3;6;5;6;8;9;5;8;10;5;10;9;7;6;10;4;7;6;9;7;10;4;6;5;4;10;4;3;5;3;1;0;4;2;5;5;2;1;3;0;1;10;1;3;2;2;3;0;0;3;0;1;1;4;2;0;0;1;1;1;0;1;0;0;1;0;0;1;0;0;0;0;0;0;0;0;0;0;0
280340105000020;5;581;581;164;110;164;73;15;8;2;0;25;2;5;0;1;8;4;0;0;0;0;5;0;1;2;0;0;0;1;0;0;0;0;1;5;7;8;13;14;10;9;8;8;6;4;9;14;12;16;17;14;8;11;10;13;17;11;13;10;10;8;15;6;7;9;4;6;7;13;8;3;9;3;8;6;5;6;10;9;7;9;7;9;9;6;1;7;7;2;6;7;2;4;8;4;2;2;4;4;1;0;1;7;1;3;0;5;5;3;1;5;0;3;1;1;1;2;1;1;2;0;0;3;0;0;0;1;0;1;0;0;1;0;0
280340105000021;7;278;278;80;65;78;19;0;3;3;2;13;0;8;0;7;0;0;0;0;0;0;4;0;0;1;2;0;0;0;0;1;0;0;0;4;4;5;4;3;6;4;4;4;9;6;7;6;5;3;10;2;7;1;8;5;4;3;6;3;4;4;6;8;3;2;5;8;7;3;5;5;8;0;2;6;2;4;2;6;0;2;3;4;1;1;2;3;0;4;1;4;4;1;0;0;2;3;0;4;2;1;3;3;2;2;1;1;0;2;0;1;0;0;2;0;0;1;1;0;0;0;0;0;0;0;0;0;0;0;0;0;0;0;0
280340105000022;7;771;771;208;149;246;58;5;6;10;0;57;2;19;0;6;5;0;0;0;0;0;10;2;1;2;1;1;0;0;0;0;2;0;1;16;18;12;13;21;16;14;19;13;23;27;13;17;19;14;14;22;17;9;12;16;12;12;12;12;9;10;10;10;10;12;11;14;19;9;7;6;16;9;8;11;8;0;5;7;7;2;2;2;5;10;4;7;3;1;6;7;9;7;10;5;9;10;4;2;10;6;7;3;7;6;2;2;5;5;1;2;0;0;3;1;0;0;2;0;0;1;0;0;0;0;0;0;2;0;0;0;0;0;0
280350005000001;1;883;883;280;165;204;93;3;11;10;2;47;3;13;0;28;7;15;0;2;0;0;9;2;0;0;1;0;2;0;1;0;2;1;0;10;11;12;11;11;12;13;8;8;6;16;13;9;10;17;16;21;14;22;20;13;25;13;22;15;16;22;15;18;11;14;20;7;14;13;9;13;17;8;13;17;10;8;17;22;14;14;10;12;10;12;7;8;6;8;11;6;8;6;8;5;10;6;2;7;5;4;3;1;11;7;8;1;0;3;3;1;4;2;3;2;1;2;4;3;2;0;0;0;0;1;0;0;1;0;0;0;0;0;0
280350005000002;1;807;807;269;132;123;148;13;9;13;3;42;3;16;1;23;8;0;2;2;0;0;16;2;3;1;1;1;1;1;1;1;2;2;0;5;7;10;11;9;8;7;13;15;16;16;18;14;15;12;21;14;16;13;12;13;14;22;15;19;11;17;17;13;15;19;7;11;10;11;16;11;17;6;14;9;16;5;15;9;4;9;8;9;9;9;11;5;4;7;9;3;6;6;2;5;7;3;6;3;6;10;4;5;4;5;8;2;3;3;2;0;4;3;6;2;0;2;1;4;3;2;0;1;0;1;1;0;0;0;0;0;0;0;0
280350005000003;1;349;346;112;66;88;33;2;4;6;0;17;1;6;0;7;2;5;0;0;0;0;4;0;0;1;0;0;1;0;1;1;0;0;0;9;4;8;2;2;2;3;9;8;3;3;2;8;4;5;3;5;7;4;7;4;11;7;8;10;9;9;7;7;6;5;7;5;4;2;2;6;4;6;3;1;2;5;0;6;8;9;4;6;7;1;3;0;0;4;5;4;4;6;1;3;4;2;1;5;3;1;1;1;2;2;1;2;2;0;0;2;2;3;0;0;2;3;1;2;1;0;0;1;0;0;0;0;1;0;0;0;0;0;1
280350005000004;1;807;797;263;144;158;112;11;13;8;2;43;0;21;0;16;0;10;0;3;0;3;2;0;0;0;0;0;0;2;0;0;0;0;0;12;5;9;9;10;8;10;12;9;11;10;18;8;15;13;18;13;13;12;17;17;17;11;12;18;13;13;15;16;16;16;16;7;9;11;14;9;6;14;15;14;17;11;11;7;13;10;12;8;10;8;9;8;12;8;9;5;8;7;3;12;7;11;7;6;5;3;8;6;1;0;3;3;8;7;3;4;2;6;1;3;2;0;0;3;0;1;1;0;2;2;0;1;0;0;0;0;0;0;0
280350005000005;1;847;816;247;138;143;144;1;7;16;1;57;5;18;3;14;12;11;0;3;0;27;5;0;0;1;1;0;0;1;0;0;0;1;1;11;12;11;9;12;8;10;6;13;11;8;15;13;19;20;13;22;9;9;14;23;19;18;18;13;16;9;21;17;11;15;6;12;9;18;12;8;16;8;12;12;13;10;19;12;9;6;9;13;10;8;4;7;4;7;12;10;9;10;11;5;4;10;5;7;8;8;5;6;4;4;6;1;4;3;2;1;3;5;6;4;1;4;0;2;3;3;1;1;0;1;0;2;1;1;0;0;0;0;0
280350005000006;1;722;717;217;103;129;67;5;13;41;0;58;0;38;2;27;1;14;0;3;0;4;2;0;0;0;0;0;0;0;0;0;0;0;2;4;9;7;8;6;10;9;9;13;9;6;9;9;8;10;14;15;11;14;16;18;18;14;8;11;14;10;17;18;14;13;7;13;8;10;7;14;12;13;11;10;10;14;15;6;8;6;6;6;10;10;6;2;10;7;10;9;12;4;10;7;9;4;6;5;2;8;1;3;4;7;2;4;5;3;5;5;3;4;1;1;1;2;2;2;1;1;1;0;1;0;0;0;0;1;0;0;0;1;1
280350005000007;1;845;844;263;136;166;85;6;14;23;4;72;2;21;2;28;9;3;0;9;2;0;12;1;1;0;2;1;1;1;0;0;1;1;3;6;8;6;7;8;13;5;11;9;10;6;4;9;16;14;12;11;14;9;19;20;18;10;13;24;16;12;16;13;13;14;10;10;12;15;11;9;12;14;12;7;12;12;10;17;10;12;15;11;18;6;9;4;7;10;8;7;8;7;8;9;10;11;5;6;8;6;5;5;10;10;8;4;2;4;5;7;5;8;6;7;5;2;3;0;3;0;3;0;1;0;0;1;2;0;0;2;1;0;0
280350005000008;1;700;700;220;142;170;75;6;8;10;2;33;0;9;0;13;1;8;1;2;0;0;12;0;0;3;2;1;0;1;0;0;2;0;3;3;4;2;8;3;8;5;11;10;7;12;9;10;6;8;12;4;11;5;11;12;15;8;13;10;12;18;12;17;12;12;10;10;7;6;7;4;2;9;17;10;16;10;14;10;17;11;8;7;8;7;12;4;8;8;12;7;9;12;12;6;7;8;6;9;9;5;7;2;10;8;4;7;3;5;5;1;3;1;1;3;3;1;0;1;0;1;1;1;3;1;1;0;0;0;0;1;0;0;0
280350005000009;1;565;564;192;91;103;83;5;9;6;0;33;3;11;0;12;5;6;0;6;0;0;6;1;0;0;1;2;1;1;0;0;0;0;0;5;7;5;7;8;6;6;9;5;8;5;10;12;6;9;11;12;11;9;10;7;10;9;4;13;8;9;11;11;6;9;2;11;1;8;6;8;8;7;12;8;8;9;8;7;15;8;10;8;8;6;8;7;4;9;9;4;3;3;5;3;7;5;7;1;3;0;2;3;5;9;4;5;3;1;2;3;2;2;5;5;0;1;0;3;1;3;1;0;0;1;0;0;0;1;2;0;0;0;1
280350005000010;1;320;313;105;49;83;30;2;7;1;1;16;3;3;0;6;0;3;2;2;0;7;0;0;0;0;0;0;0;0;0;0;0;0;0;4;1;3;6;2;3;3;5;4;0;2;5;4;1;4;4;7;8;10;2;4;4;7;4;7;3;4;3;4;9;3;3;6;5;0;3;3;7;3;3;6;7;3;2;5;9;7;4;6;6;5;3;3;3;8;2;5;1;5;6;8;3;5;3;4;1;0;2;3;1;1;4;2;2;1;3;1;2;1;4;2;1;2;1;0;1;0;0;2;0;0;1;0;0;0;0;0;0;0;0
280350005000011;1;719;710;244;117;143;83;6;14;10;2;34;2;18;0;19;0;7;0;12;0;8;3;0;0;0;0;1;1;0;0;0;1;0;0;4;4;2;2;8;9;5;8;9;5;8;10;9;10;16;8;8;19;14;12;12;8;15;9;15;16;8;10;11;10;14;10;6;10;4;3;13;9;13;8;7;8;10;11;7;6;9;7;5;9;10;7;15;6;5;10;7;9;7;8;9;7;6;8;7;15;9;5;8;5;6;9;3;4;6;9;6;7;4;6;3;6;3;5;5;2;1;4;2;1;0;1;3;0;3;0;0;0;1;0
280350005000012;1;523;523;175;110;125;54;3;4;6;2;21;2;8;0;9;0;2;0;2;0;0;5;0;0;1;1;0;0;1;0;0;1;0;1;5;9;8;8;8;6;8;8;6;10;8;7;6;13;5;7;7;6;7;12;6;12;9;8;13;10;9;7;4;10;9;7;8;16;10;11;4;7;4;11;13;10;12;6;6;7;10;7;6;2;2;4;3;5;5;3;7;6;9;4;3;2;4;5;4;4;4;3;5;5;2;3;1;1;3;3;2;1;1;1;1;0;2;0;1;0;0;0;1;0;0;0;0;0;0;0;0;0;0;0
280350005000013;1;578;578;180;105;133;63;2;3;26;0;17;4;24;0;12;2;7;0;0;0;0;6;2;0;0;0;0;0;0;0;1;1;0;2;10;12;6;5;14;7;9;11;8;5;8;9;8;11;10;16;13;8;16;4;14;10;13;8;14;7;15;11;7;17;6;16;11;8;6;12;11;6;15;8;6;15;8;5;11;6;6;7;7;11;7;6;4;5;4;3;5;7;4;5;2;3;1;0;0;1;1;5;1;4;1;2;0;0;0;1;4;0;1;1;0;0;1;1;1;0;1;0;0;1;1;0;0;1;0;0;0;0;0;0
280350005000014;1;915;915;254;190;282;85;14;8;7;1;50;0;8;1;15;0;0;0;0;0;0;22;3;4;1;1;2;2;2;1;1;1;1;3;20;14;21;24;20;16;24;14;26;18;23;11;17;14;14;12;12;14;23;20;16;12;18;20;15;17;27;22;21;23;18;21;9;8;20;13;14;15;15;11;16;6;11;9;12;3;6;16;10;3;8;5;7;2;3;7;10;3;2;6;3;5;1;4;3;3;2;5;3;0;4;0;4;2;3;3;0;2;1;2;1;2;0;1;0;0;1;0;0;0;0;1;0;0;0;0;0;0;0;0
280350005000015;1;766;766;227;160;228;84;14;8;4;3;19;0;3;1;8;2;3;0;2;0;0;5;2;0;0;0;0;1;1;0;0;1;0;0;10;9;10;14;9;10;13;9;12;8;16;10;13;13;16;19;16;18;15;12;13;16;13;19;12;19;14;5;16;15;16;14;17;10;9;14;12;14;15;11;9;13;16;9;11;15;7;12;7;11;11;6;10;11;6;1;8;8;7;8;3;4;6;7;2;2;1;1;0;4;2;3;2;1;2;2;1;0;1;0;0;0;1;1;1;0;1;0;0;1;0;0;0;0;0;0;0;0;0;0
280350005000016;1;886;886;243;171;219;138;7;15;8;1;51;3;11;0;13;1;0;0;5;0;0;7;0;0;0;1;0;1;0;3;1;0;0;1;7;8;11;18;12;19;18;4;10;24;20;13;15;4;19;18;16;13;22;21;16;20;25;16;14;15;7;12;13;21;15;14;11;7;13;5;12;12;17;18;8;17;14;12;17;28;19;12;15;15;20;6;15;5;6;9;8;3;7;4;5;6;6;6;1;4;3;3;4;4;1;4;3;1;3;0;1;2;0;0;1;0;2;1;1;0;0;0;2;0;0;0;0;0;0;0;0;0;0;0
280350005000017;1;801;801;246;157;198;88;16;9;9;1;43;1;12;2;11;0;6;0;2;0;0;18;1;4;1;1;1;0;3;1;1;2;1;2;6;8;12;9;7;10;10;7;14;13;13;15;20;7;15;12;16;15;11;14;20;16;14;15;14;11;19;17;12;19;11;12;8;9;10;16;13;20;14;18;11;10;11;19;12;10;11;6;7;13;6;9;8;4;8;11;9;2;6;4;8;4;6;3;5;3;3;3;1;6;7;0;3;2;1;4;5;8;0;2;1;1;2;2;1;1;1;0;0;0;0;0;0;0;1;0;0;0;0;0
280350005000018;1;852;848;237;159;230;111;9;8;2;2;49;4;12;0;22;5;2;0;0;0;0;7;1;1;0;1;0;1;0;2;0;0;0;1;11;15;15;12;12;15;14;12;14;22;18;20;15;17;19;23;17;10;13;11;10;16;14;11;17;12;15;14;10;14;19;8;11;14;11;15;16;15;9;17;11;9;17;15;10;12;6;12;6;7;6;10;5;8;2;8;7;4;6;5;4;10;6;7;11;7;7;8;4;7;2;1;3;2;5;3;1;2;2;4;1;0;0;1;1;2;1;0;0;0;1;0;1;0;0;1;0;1;0;0
280350005000019;2;856;849;244;176;255;108;10;8;4;0;29;0;12;0;7;0;2;0;1;0;0;3;0;0;1;0;0;1;0;0;0;0;0;1;12;9;12;19;14;9;20;18;17;23;22;18;17;13;20;14;18;25;12;18;14;21;12;7;17;19;20;16;20;8;9;12;8;7;14;20;12;15;14;18;14;13;14;10;14;6;16;11;10;9;6;10;10;10;3;5;4;5;5;4;5;1;3;5;2;5;4;5;1;5;3;2;1;1;2;1;4;1;3;0;0;1;0;2;3;1;0;0;0;0;0;0;0;0;0;0;0;0;0;0
280350005000020;1;730;713;224;154;176;81;18;4;6;1;23;0;11;0;4;4;7;0;0;0;17;10;0;0;0;1;0;2;2;1;0;1;0;3;11;7;15;14;12;17;15;10;9;11;11;14;17;8;9;17;16;21;10;18;12;13;16;13;17;15;17;17;16;18;9;12;17;9;11;20;11;12;9;18;10;13;7;8;4;9;8;5;11;1;10;10;8;9;5;5;4;6;0;5;3;1;3;2;3;3;1;2;0;2;2;1;2;1;1;1;0;0;3;2;0;2;0;1;1;1;0;0;0;0;0;0;0;0;0;0;0;0;0;0
280350005000021;1;956;956;285;171;232;129;26;7;7;3;64;2;15;1;14;0;0;0;0;0;0;14;2;1;3;2;2;1;0;0;0;1;1;1;11;20;5;12;17;15;25;17;19;24;17;20;19;24;33;18;27;17;25;22;13;23;21;23;12;14;17;18;15;16;12;13;16;13;20;15;15;10;9;18;19;10;6;9;16;12;13;10;4;4;10;6;5;6;8;7;4;3;4;4;4;2;4;4;3;6;4;8;6;2;2;3;4;4;1;2;2;2;1;3;4;0;1;1;3;1;0;2;0;1;0;1;0;0;0;0;1;0;0;0
280350005000022;1;1056;1056;300;182;242;189;42;7;9;2;49;1;19;0;14;0;0;0;0;0;0;17;1;0;5;0;1;1;1;2;2;0;3;1;19;16;24;22;24;26;18;21;26;24;29;17;28;29;29;30;27;24;24;17;33;19;28;24;22;12;9;21;19;16;11;17;11;10;17;15;21;8;11;19;15;9;14;12;13;10;14;2;5;12;4;7;5;3;11;4;2;6;3;11;5;3;4;6;2;4;7;5;4;3;1;0;4;3;2;0;1;1;1;0;0;0;0;0;0;1;1;0;1;1;0;0;0;0;0;0;0;0;0;0
280350005000023;1;520;520;161;115;124;60;15;6;1;2;18;1;0;0;12;0;5;0;0;0;0;11;0;0;4;0;1;1;1;0;1;2;1;0;12;16;11;2;9;17;7;6;14;13;11;9;8;13;7;7;9;8;8;8;13;13;7;14;10;7;8;12;18;12;15;7;8;9;12;11;12;6;12;13;5;8;7;7;9;3;2;1;3;5;3;2;2;2;2;3;1;2;1;1;1;2;3;1;2;1;2;1;2;1;0;1;2;0;0;0;1;0;2;0;0;1;2;1;0;0;0;0;0;0;0;0;0;0;0;0;0;0;0;0
280350005000024;1;879;879;262;173;227;125;15;6;12;2;24;0;6;0;16;8;0;0;3;0;0;4;0;0;1;1;1;0;0;0;1;0;0;0;13;10;14;9;14;15;10;16;14;22;10;19;11;13;26;15;18;27;19;17;15;19;9;14;11;8;19;18;12;18;11;16;16;15;16;15;17;7;16;17;12;10;12;21;21;15;16;7;16;8;5;10;6;4;8;4;9;9;4;6;11;4;2;6;5;6;6;7;2;4;1;0;2;1;2;2;1;2;1;2;0;1;2;1;0;0;0;0;0;0;0;0;0;0;0;0;0;0;0;0
280350005000025;1;1004;1004;307;166;223;167;16;14;5;2;70;1;17;0;13;2;1;0;0;0;0;16;2;0;1;4;2;1;0;0;0;4;2;0;11;10;9;16;13;11;20;7;19;18;15;17;19;19;23;20;16;11;15;16;22;21;24;18;18;12;18;20;19;26;20;14;19;18;14;15;10;25;10;19;17;18;11;23;10;11;11;9;15;8;7;6;5;3;3;9;7;5;7;7;9;11;3;14;14;11;5;1;5;6;5;7;4;1;2;5;2;4;5;3;2;2;2;1;0;0;1;1;0;1;1;0;0;1;0;0;0;0;0;0
280350005000026;1;839;839;227;137;214;134;36;8;4;1;50;6;11;0;10;1;0;0;0;0;0;19;1;0;3;0;1;1;1;3;4;3;1;1;11;20;20;18;16;16;16;16;24;27;19;26;26;21;23;21;19;20;18;13;14;18;20;11;12;12;13;18;14;7;11;16;10;9;14;14;15;11;13;12;10;12;8;3;6;9;5;8;1;9;3;6;1;4;4;6;3;5;2;3;3;3;3;4;3;1;4;2;2;6;4;1;3;1;1;2;0;2;2;1;1;0;3;1;0;0;0;1;0;0;1;0;1;0;0;0;0;1;1;0
280350005000027;1;913;905;248;149;203;165;21;13;5;1;68;0;11;0;17;3;1;0;0;0;8;10;0;1;2;2;2;0;0;2;0;1;0;0;11;12;18;15;17;15;16;18;23;21;23;13;13;23;18;21;18;24;23;20;15;26;18;15;13;13;15;7;23;12;17;13;17;11;13;14;10;9;13;19;14;23;13;11;11;6;7;2;7;15;5;10;5;7;6;3;6;11;7;5;4;5;8;2;4;5;3;5;3;1;4;4;3;2;3;3;1;3;3;1;2;1;1;0;0;0;0;0;0;1;1;1;0;0;0;0;0;0;0;0
280350005000028;1;510;510;156;80;85;113;12;10;4;0;29;0;10;0;11;0;0;0;0;0;0;8;2;0;0;0;1;2;0;1;0;2;0;0;5;9;9;10;6;4;11;11;9;6;10;13;10;14;9;10;10;11;13;16;13;10;10;10;11;6;14;6;13;9;9;8;5;7;11;5;7;5;5;4;11;6;3;6;3;10;6;4;6;1;1;5;2;4;5;2;2;3;3;4;2;1;4;6;6;4;3;1;2;3;1;2;1;1;1;0;0;4;0;1;1;1;0;2;0;1;1;0;0;0;0;1;0;0;1;0;0;0;0;0
280350005000029;1;801;801;202;124;195;129;31;14;6;0;65;0;13;0;17;2;3;0;0;0;0;12;0;2;3;0;0;1;2;0;2;0;1;1;18;11;21;14;12;14;20;20;20;32;18;16;16;27;18;17;22;15;18;7;18;25;12;12;13;18;13;19;15;15;10;11;11;13;8;8;7;14;7;9;8;13;6;9;9;5;11;6;2;5;2;5;5;5;5;4;4;6;5;6;3;7;1;5;4;2;4;2;0;5;1;3;1;0;4;0;4;3;0;2;0;0;1;0;0;1;0;0;0;1;0;0;0;0;0;0;0;0;0;0
280350005000030;1;667;667;178;103;177;124;7;8;3;0;51;0;9;0;7;0;0;0;0;0;0;8;0;0;1;0;1;2;0;1;1;1;1;0;12;12;10;19;9;18;13;15;28;14;11;9;17;23;17;22;16;24;22;14;9;17;8;14;14;13;10;12;6;11;6;8;11;6;8;6;7;5;5;8;6;7;7;11;4;6;5;6;4;7;5;5;4;6;5;1;2;5;5;5;2;4;3;7;5;1;6;2;1;2;2;0;0;3;1;1;0;0;1;0;0;0;1;1;0;0;0;0;0;0;0;0;0;0;1;0;0;0;0;0
280350005000031;1;607;607;174;108;136;113;3;10;9;3;27;0;10;1;10;0;3;0;0;0;0;8;0;1;0;0;0;0;1;2;1;2;0;1;5;8;9;7;6;10;15;9;13;15;11;9;10;6;11;14;10;18;9;13;20;8;8;16;10;13;10;7;10;12;9;8;10;8;5;8;12;6;12;11;9;6;7;3;7;10;12;3;6;11;4;8;3;1;3;6;3;3;2;8;0;5;5;5;6;3;2;5;4;1;5;5;0;2;8;2;2;1;0;0;0;4;1;0;1;2;0;1;1;0;2;0;0;0;0;0;0;0;0;0
280350005000032;1;737;737;228;141;122;132;22;5;7;4;40;0;13;0;11;2;7;3;0;0;0;13;0;1;1;2;0;1;1;2;1;1;1;2;12;17;9;8;9;15;11;15;12;15;6;11;7;13;15;18;8;19;16;16;22;12;17;11;16;19;10;12;16;8;10;15;9;9;11;12;11;8;10;10;7;18;6;7;7;14;14;6;5;8;7;7;6;5;6;8;8;5;4;6;5;2;8;3;6;3;3;1;1;3;0;4;3;1;3;2;4;1;0;4;2;1;1;1;1;1;1;2;0;1;1;1;0;0;0;0;0;0;0;0
280350005000033;1;1091;1091;300;199;294;194;15;6;10;1;46;1;12;0;12;0;1;0;0;0;0;21;1;2;1;3;0;2;3;3;1;2;1;2;24;24;33;28;23;14;23;27;21;22;27;26;22;30;29;25;26;22;17;23;20;17;31;33;15;19;18;20;20;21;13;24;18;17;12;14;6;15;13;18;16;15;7;14;9;13;13;9;9;11;7;5;7;10;8;4;4;4;5;7;2;1;5;4;4;1;2;1;5;3;3;1;1;0;3;1;1;0;0;1;1;0;0;1;0;0;0;0;1;0;0;0;0;1;0;0;0;0;0;0
280350005000034;1;531;531;148;83;109;120;10;7;6;0;30;0;2;0;9;4;2;1;0;0;0;8;4;0;0;1;1;0;1;0;0;0;1;0;4;8;10;6;6;9;10;10;9;7;7;13;23;11;22;8;8;10;10;9;10;9;18;10;9;14;8;5;9;18;4;9;3;9;13;7;7;8;10;11;7;6;4;5;5;9;10;4;5;4;6;2;7;2;4;0;4;1;3;3;1;1;1;0;6;7;1;2;1;1;1;4;0;1;5;1;1;1;0;1;0;1;2;0;0;1;0;0;0;1;0;0;0;0;0;0;0;0;0;0
280350005000035;1;604;602;183;103;147;71;27;10;5;0;37;0;8;0;3;7;3;0;0;0;0;8;1;1;2;0;0;0;2;0;0;0;0;2;10;11;12;14;9;10;11;12;9;10;11;8;15;8;17;11;13;15;10;18;18;10;15;13;9;11;12;12;11;12;10;9;6;10;8;8;9;8;5;8;7;4;9;11;6;9;2;6;6;11;3;5;4;3;6;5;4;6;1;4;4;8;1;4;3;1;2;2;3;1;1;2;0;2;0;2;2;1;1;1;0;1;1;1;1;0;0;1;0;0;0;0;0;0;0;0;0;0;0;0
280350005000036;1;1177;1176;352;256;342;106;19;11;6;1;50;0;10;0;15;6;3;0;0;0;0;12;0;1;1;2;1;0;0;0;2;1;2;2;21;19;22;18;23;17;19;27;23;19;20;25;26;14;25;22;29;19;13;17;20;18;24;18;15;29;28;29;22;15;18;27;15;8;21;19;18;15;27;18;18;13;23;15;16;15;15;12;14;10;11;16;7;7;9;3;9;7;9;4;10;7;5;8;9;7;5;6;4;4;4;2;7;1;6;4;3;2;2;1;2;2;5;0;0;0;0;1;0;1;0;0;0;1;1;0;0;0;0;0
280350005000037;1;503;503;159;111;148;35;13;2;2;0;13;0;9;0;7;0;4;0;0;0;0;5;0;0;0;1;0;0;0;1;0;0;2;1;10;5;5;10;7;8;9;9;6;7;11;10;13;8;8;8;11;10;8;5;8;9;12;11;9;4;9;11;10;10;15;8;8;9;6;13;10;7;8;7;9;13;8;9;5;9;7;1;7;5;0;5;4;4;3;1;4;4;1;3;1;3;2;3;1;3;3;3;2;4;4;2;3;3;2;0;1;0;0;0;0;0;1;1;1;0;1;0;0;0;0;0;0;0;0;0;0;0;0;0
280350005000038;1;472;472;142;84;115;60;2;11;6;0;34;1;7;0;8;0;1;0;1;0;0;4;1;0;2;0;0;0;1;0;0;0;0;0;6;10;8;6;12;6;10;8;6;8;6;7;9;10;7;7;7;8;9;10;9;9;9;8;8;6;12;6;9;7;11;9;10;3;7;14;7;10;5;6;3;7;2;3;5;5;3;2;6;5;5;6;5;4;4;6;4;4;3;5;4;3;0;5;5;2;4;4;3;2;0;2;3;1;2;2;2;1;1;3;1;0;2;0;1;1;0;0;0;0;1;0;0;0;0;0;1;0;0;0
280350005000039;1;568;552;143;89;175;100;17;12;0;1;23;1;2;0;2;1;1;0;1;0;0;10;2;0;0;1;0;3;2;0;1;0;0;1;18;11;15;13;13;13;8;15;14;18;16;19;22;19;15;8;17;12;14;12;12;9;11;16;11;6;9;9;8;5;5;3;8;9;10;11;9;6;5;7;7;8;10;5;6;6;8;6;4;2;1;1;3;2;4;1;1;1;0;0;1;1;1;1;0;0;2;0;2;1;0;0;0;2;2;0;1;2;0;2;1;1;0;0;0;0;1;0;0;0;0;0;0;0;0;0;0;0;0;0
280350005000040;1;723;722;195;127;190;110;28;14;3;0;33;2;11;0;6;4;0;0;0;0;0;22;6;1;0;1;1;3;2;3;1;2;0;2;18;14;10;15;21;19;16;20;19;23;25;18;13;22;18;14;12;15;16;10;14;10;13;16;9;14;15;14;9;14;5;16;11;8;9;15;5;4;6;6;6;12;5;8;10;7;2;3;6;4;1;7;1;5;6;7;4;6;3;2;4;2;5;0;4;0;3;2;1;1;0;2;4;1;2;1;0;2;2;2;3;0;0;0;0;0;0;1;0;0;0;0;0;1;0;1;0;0;0;1
280350005000041;2;958;953;278;182;270;106;20;11;11;4;47;1;16;0;9;0;1;0;2;0;0;17;1;2;2;3;1;0;0;1;3;1;3;0;16;20;10;15;17;16;21;16;16;22;21;10;21;17;17;15;20;24;10;18;16;19;18;19;21;20;14;21;21;26;16;19;18;19;18;13;11;20;21;9;11;11;14;17;6;15;11;4;8;6;5;2;5;8;9;7;5;9;7;4;5;8;3;5;5;1;1;2;1;1;6;6;4;1;2;2;2;3;4;1;2;1;4;0;0;1;1;0;0;2;0;1;0;0;0;1;0;0;0;0
280350005000042;1;650;650;202;130;164;79;16;4;4;3;27;2;5;0;11;1;2;0;0;0;0;11;1;0;3;0;0;0;1;0;2;2;2;0;12;9;16;19;8;8;12;11;13;17;10;16;11;15;14;13;15;13;12;16;15;12;9;11;16;10;9;13;12;15;14;6;6;12;12;14;10;7;13;16;15;8;8;10;5;9;7;8;1;6;4;3;4;2;3;3;5;7;4;0;1;1;5;2;1;0;1;0;4;4;2;0;1;1;2;1;1;0;2;1;1;0;0;0;0;1;0;0;0;0;1;0;1;1;0;0;0;0;0;0
280350005000043;1;717;716;217;138;158;128;14;9;4;1;17;0;8;0;16;2;4;0;1;0;0;6;1;0;1;0;0;0;1;0;1;0;2;0;16;13;6;9;13;14;9;12;9;17;18;16;13;14;19;16;20;16;10;14;14;17;11;14;21;21;18;15;9;10;13;17;10;12;13;16;11;12;11;11;8;7;7;10;8;7;6;5;6;10;5;15;8;6;8;2;3;4;2;2;2;3;2;4;0;1;2;1;0;3;3;1;0;2;0;2;0;2;1;1;0;0;0;0;0;1;1;0;0;0;0;0;0;0;0;0;0;0;0;0
280350005000044;1;561;561;176;107;119;64;5;8;29;1;25;0;17;1;9;0;0;0;0;0;0;6;1;1;1;0;1;0;0;0;1;0;1;0;7;7;6;3;9;10;8;3;12;11;5;13;12;11;10;5;7;9;10;8;12;11;10;8;12;8;10;7;9;14;7;9;11;11;15;14;20;9;6;6;5;8;13;6;12;4;8;11;8;4;6;4;9;10;2;6;5;4;1;3;6;7;3;6;0;3;2;7;3;4;0;1;1;2;0;1;0;0;2;1;0;1;0;0;0;1;0;0;0;0;0;0;0;0;0;0;0;0;0;0
280350005000045;1;724;724;225;160;191;70;19;7;6;1;23;0;8;2;7;1;4;0;0;0;0;16;0;2;0;1;2;1;2;2;2;2;2;0;11;12;16;14;9;12;18;12;9;16;8;22;11;12;15;9;12;14;11;14;13;15;19;12;8;6;12;12;16;12;18;13;16;10;12;8;18;11;20;15;15;8;6;13;10;13;8;7;6;9;4;6;5;7;4;6;7;9;5;1;2;3;2;2;1;1;3;3;1;1;2;1;0;3;2;1;1;0;1;0;2;1;0;1;0;0;1;0;0;0;0;0;1;0;0;0;0;0;0;0
280350005000046;1;823;823;259;158;232;93;9;7;9;0;35;0;9;0;7;2;3;0;0;0;0;10;0;1;0;0;2;0;1;1;0;0;4;1;10;15;12;17;11;12;10;16;14;17;23;19;17;13;12;13;12;12;22;21;14;12;8;27;18;10;16;10;8;14;17;15;11;16;16;13;11;12;10;17;17;6;13;9;15;15;13;9;11;11;7;9;7;7;4;3;3;3;3;4;2;4;1;2;4;4;5;6;5;4;4;6;5;2;3;3;0;3;1;3;1;2;1;0;0;0;0;0;0;0;0;0;0;0;0;0;0;0;0;0
280350005000047;1;690;690;199;97;141;136;6;11;5;0;50;6;20;0;16;2;0;0;1;0;0;11;0;2;1;0;0;2;0;0;0;1;1;4;10;11;14;16;12;7;12;13;10;10;13;18;18;19;12;19;19;15;13;16;12;16;16;11;16;9;18;16;10;11;18;14;7;7;14;7;10;7;10;7;6;7;10;9;7;5;7;8;4;7;4;6;3;5;7;3;5;2;4;2;4;3;2;1;5;1;0;3;3;3;3;5;3;5;1;2;2;0;0;0;0;1;1;2;1;0;1;1;1;0;0;1;0;0;0;0;0;0;0;0
280350005000048;1;704;704;220;137;177;88;8;6;5;1;32;2;12;0;11;5;0;0;0;0;0;5;0;0;0;1;0;1;0;1;1;0;0;1;11;12;7;12;5;10;16;17;7;14;15;11;16;16;11;10;10;14;13;11;17;9;14;15;16;12;16;20;6;15;10;8;12;11;8;9;11;8;8;14;14;12;8;13;14;7;4;5;4;7;7;7;10;7;4;6;3;2;6;4;4;5;3;5;6;1;6;5;5;6;6;0;1;2;3;3;0;1;2;3;1;1;3;1;1;0;0;1;1;0;0;0;0;1;0;1;0;0;0;0
280350005000049;8;701;696;178;117;239;74;22;14;2;0;32;0;9;0;10;1;1;0;2;0;0;14;1;1;1;3;0;2;0;0;1;1;1;3;13;13;8;10;13;11;12;19;13;19;15;12;21;16;16;23;12;15;9;8;20;16;16;14;12;17;9;6;9;9;8;11;10;11;12;5;10;8;5;8;8;8;9;11;8;13;6;9;10;6;3;5;6;5;0;6;4;7;3;6;1;3;6;3;3;3;3;2;2;0;7;3;3;1;1;1;1;0;2;5;1;1;2;2;2;0;0;0;0;1;0;1;0;0;0;0;0;0;0;0
280350005000050;8;1026;1026;300;210;318;98;17;11;9;1;32;0;9;0;12;0;9;0;0;0;0;18;2;2;1;2;1;2;2;0;1;1;3;1;19;11;11;20;22;15;12;25;30;23;26;25;22;24;28;16;22;20;23;15;10;9;18;13;15;12;15;18;15;21;13;15;22;13;20;14;19;11;14;21;17;15;13;15;14;10;9;6;7;11;5;7;4;8;10;10;8;8;7;6;1;5;7;2;5;6;4;3;10;8;7;2;6;1;3;2;3;3;3;6;1;2;3;1;0;1;1;1;0;2;0;1;0;0;0;0;0;1;0;0
280350005000051;4;225;225;70;42;45;35;5;2;1;0;13;1;2;0;8;0;1;0;0;0;0;0;0;0;0;0;0;0;0;0;0;0;0;0;1;1;5;0;3;4;7;4;9;3;7;8;4;8;9;5;8;5;2;4;4;2;5;2;7;2;5;5;4;4;3;4;3;2;4;3;6;4;3;1;2;6;3;2;3;2;4;2;1;1;1;2;0;2;2;1;1;0;0;1;2;1;2;2;2;1;1;0;1;1;0;2;0;0;0;1;0;0;1;0;1;0;0;0;0;0;0;0;0;1;0;0;0;0;0;0;0;0;0;0
280350005000052;8;621;620;151;115;228;39;4;12;3;0;49;0;13;0;5;2;0;0;0;0;0;12;1;1;0;1;1;1;1;1;4;0;1;0;13;4;13;12;10;7;9;12;14;16;13;13;22;17;11;15;14;10;13;3;12;11;12;4;14;16;7;17;9;10;8;13;6;5;4;5;11;10;6;6;7;2;5;10;8;10;6;3;6;4;8;6;7;4;5;7;6;5;8;5;3;7;5;3;6;7;3;1;0;2;1;1;3;3;0;1;0;2;2;2;1;0;3;1;0;0;1;0;0;0;0;2;0;0;0;0;0;0;0;0
280350005000053;8;270;242;66;41;64;46;2;5;0;0;8;1;2;0;5;2;0;0;0;0;28;3;0;0;0;0;1;0;0;0;0;1;0;1;2;1;1;5;8;1;7;4;4;5;7;4;9;7;9;7;9;9;14;7;3;8;7;5;2;5;2;3;7;5;3;8;5;5;4;3;7;5;0;2;4;4;3;2;2;1;5;4;3;1;2;2;0;1;0;1;2;1;1;0;0;0;1;3;1;2;1;0;2;1;1;0;0;1;1;0;1;1;1;0;1;0;0;0;0;1;0;0;0;0;0;0;0;0;0;0;0;0;0;0
280350005000054;8;434;434;114;84;178;34;2;1;2;0;10;2;3;0;3;1;0;0;0;0;0;3;0;0;0;1;0;1;0;0;1;0;0;0;8;7;8;10;6;7;5;5;12;9;8;9;7;7;17;7;11;13;14;11;5;10;11;6;5;5;10;10;6;8;5;4;3;4;4;7;7;4;7;1;6;5;1;4;8;5;3;5;2;2;2;3;2;6;5;4;4;5;3;5;3;4;3;2;2;5;2;1;2;3;1;0;1;1;3;1;0;0;1;3;0;2;2;0;1;1;0;0;0;3;0;0;0;1;0;0;0;0;0;0
280350005000055;8;169;169;55;35;43;22;3;0;1;0;8;0;1;0;1;0;0;0;0;0;0;3;0;0;0;0;0;0;1;0;1;0;1;0;1;2;0;3;1;3;3;1;6;5;2;2;4;2;4;4;6;2;4;5;4;5;3;2;4;0;3;2;1;3;3;4;2;2;3;1;1;2;3;2;4;2;0;2;3;0;4;1;2;0;3;2;1;0;2;0;1;0;0;0;2;2;4;1;4;1;1;1;1;2;0;1;0;0;1;3;1;1;0;1;0;1;0;0;0;0;0;0;0;0;1;0;0;0;0;0;0;0;0;0
280350005000056;8;802;802;240;156;222;68;13;6;7;0;54;0;18;1;10;5;2;0;0;0;0;8;1;0;0;1;1;0;0;2;1;2;0;0;8;13;8;18;14;11;14;16;19;13;22;19;17;16;16;15;16;14;9;15;18;10;10;15;11;6;13;9;15;16;6;12;14;9;16;5;8;8;16;17;8;8;12;12;9;16;8;10;6;11;10;4;12;8;6;7;7;5;5;7;5;5;1;3;8;6;7;7;5;4;4;4;7;5;1;3;1;2;4;0;1;2;1;3;4;1;0;1;0;0;1;0;0;0;0;0;0;0;0;0
280350005000057;8;261;261;77;52;91;19;5;4;0;2;8;0;1;0;2;0;0;0;0;0;0;7;0;1;2;0;0;0;0;2;0;1;0;1;2;4;2;2;2;2;2;2;1;2;8;3;9;4;4;12;13;3;4;4;11;4;3;2;4;4;3;3;5;1;4;5;5;4;2;2;4;4;5;7;5;4;5;1;8;2;3;1;4;3;5;1;2;0;3;1;2;5;3;1;2;2;1;0;4;0;1;0;4;2;1;0;3;0;1;1;0;0;1;0;0;2;1;0;0;0;0;0;0;2;0;0;0;0;0;0;0;0;0;0
280350005000058;8;405;405;143;91;95;49;9;3;0;0;11;0;4;0;0;0;0;0;0;0;0;12;1;0;1;4;1;1;0;0;1;0;3;0;4;3;3;3;9;8;7;8;11;2;10;4;8;7;11;6;6;3;6;10;5;7;3;4;7;12;7;7;5;10;4;8;3;5;5;8;7;4;4;3;5;3;3;2;2;2;3;3;6;7;4;2;6;6;4;9;1;4;5;5;9;2;4;3;5;7;3;4;2;3;3;3;1;2;1;0;1;3;1;0;0;1;2;1;1;2;0;0;0;0;0;0;0;0;0;0;0;0;0;0
280350005000059;7;145;145;49;38;52;3;1;0;0;0;1;0;0;0;1;0;0;0;0;0;0;2;1;0;0;0;0;0;0;0;1;0;0;0;2;1;2;2;2;3;4;2;1;0;4;6;2;1;2;3;2;1;3;1;2;1;1;2;1;0;2;3;4;5;4;6;4;1;2;3;2;1;4;3;2;0;1;1;5;1;2;1;1;1;2;3;2;0;1;0;3;0;2;1;1;1;3;1;3;0;0;0;1;2;0;1;1;1;1;0;0;0;0;0;2;0;0;0;0;0;0;0;1;0;0;0;0;0;0;0;0;0;0;0
280350005000060;5;431;431;131;100;129;30;15;4;1;0;9;1;3;1;7;0;0;0;0;0;0;6;1;0;2;1;0;1;1;0;0;0;0;0;5;4;4;11;10;6;6;8;6;5;8;7;11;7;9;12;11;5;6;5;10;10;9;4;7;10;6;7;2;5;4;6;8;8;5;4;8;6;7;8;13;6;6;4;4;8;3;5;3;3;1;4;1;5;5;5;8;3;5;3;2;3;3;3;1;3;3;2;5;2;2;1;0;0;2;0;3;1;2;2;2;1;3;1;2;0;0;0;1;0;0;0;0;0;0;0;0;0;0;0
280350005000061;5;189;189;60;41;58;9;4;0;0;0;13;0;2;0;0;2;0;0;0;0;0;2;0;0;0;0;1;0;0;0;0;1;0;0;4;2;1;1;4;2;2;3;6;5;5;2;1;9;5;5;5;4;0;1;2;2;4;1;3;2;0;2;1;2;1;1;1;2;4;1;1;3;5;4;3;2;0;1;4;1;6;4;0;4;2;3;4;1;4;2;0;3;4;1;2;2;1;2;3;1;4;0;2;0;2;2;2;1;1;1;0;1;1;0;1;0;0;0;0;0;0;0;0;0;0;0;0;0;0;0;0;0;0;0
280350005000062;8;619;619;183;125;181;70;11;7;1;1;29;1;2;0;8;0;0;0;0;0;0;12;0;0;0;0;2;1;0;2;0;4;0;3;7;10;10;10;13;20;8;8;11;12;10;13;9;14;19;9;11;10;7;10;13;11;12;12;13;4;15;8;8;9;6;9;8;4;4;10;4;5;5;10;14;10;9;10;3;6;11;6;3;8;5;3;4;5;8;10;4;6;7;3;5;7;10;3;7;4;3;3;4;2;4;3;1;1;3;1;2;3;2;3;0;1;0;1;2;1;0;1;0;3;0;0;1;0;0;0;0;0;0;0
280350005000063;8;416;416;129;86;119;45;7;3;2;1;20;0;2;0;2;0;0;0;0;0;0;4;0;0;0;0;0;1;2;0;0;1;0;0;2;5;2;5;6;13;16;8;15;12;8;9;5;11;6;13;9;10;4;4;5;6;3;6;2;5;9;4;5;11;8;6;6;9;11;4;10;6;11;4;3;6;4;1;6;6;2;3;3;5;1;2;5;2;4;4;3;8;1;4;4;3;2;2;3;5;0;0;1;1;3;3;3;1;0;0;3;1;1;3;1;1;1;0;0;0;0;0;2;1;0;0;0;0;0;0;0;0;0;0
280350005000064;5;629;629;197;122;162;78;15;8;2;0;31;2;2;0;6;0;0;0;1;3;0;2;0;0;0;0;1;0;0;0;1;0;0;0;15;6;8;10;12;4;15;14;17;20;11;5;12;10;15;16;8;18;9;10;10;11;12;12;10;6;9;12;11;11;4;13;4;8;6;10;13;8;8;6;7;8;7;8;9;7;12;4;9;4;11;4;6;8;3;7;4;7;6;4;5;4;7;2;7;2;3;4;2;5;4;5;1;1;2;4;1;1;2;1;0;4;0;0;2;0;0;1;0;1;0;0;1;0;0;0;1;0;0;0
280350005000065;8;290;288;88;48;87;20;8;2;0;3;16;0;1;0;17;0;0;0;0;0;0;2;0;0;0;0;0;0;0;0;0;0;2;0;7;4;4;3;5;7;7;6;6;9;3;9;9;6;7;7;6;6;4;2;3;5;1;3;9;4;0;8;5;3;4;5;5;3;8;2;7;3;2;6;5;2;1;4;2;5;2;1;0;5;3;4;1;3;2;1;4;0;1;1;2;1;2;3;2;3;0;4;1;0;1;0;1;1;5;2;0;0;1;2;0;0;0;1;1;1;0;0;1;2;1;0;0;0;0;0;0;0;0;0
280350005000066;8;379;376;113;84;109;27;7;3;1;0;23;0;1;0;7;2;2;0;0;0;0;6;1;0;0;1;0;0;0;0;1;2;0;1;5;5;4;7;0;9;7;9;6;7;13;6;6;9;9;8;14;4;4;6;8;5;9;2;6;3;8;4;6;7;5;5;6;2;2;7;5;5;6;3;5;5;4;0;5;9;5;2;7;6;8;3;4;4;7;6;5;1;3;3;3;1;3;3;3;5;3;1;0;1;1;0;1;5;0;0;0;1;2;2;1;0;1;0;2;0;0;0;0;0;0;0;0;0;0;0;0;0;0;0
280350005000067;8;571;571;162;108;183;59;7;8;2;0;26;0;5;1;9;1;0;0;0;0;0;7;1;0;0;1;1;0;0;0;2;0;2;0;16;7;14;8;10;11;10;11;7;14;11;13;11;8;12;6;11;11;12;10;18;12;15;13;12;8;10;14;12;11;5;9;12;6;7;3;7;10;8;8;5;2;4;8;6;7;6;5;2;3;2;6;4;2;3;5;8;2;6;1;6;3;7;1;7;3;3;2;1;1;3;2;1;3;4;0;1;1;1;0;0;4;2;2;2;0;1;1;0;1;1;0;0;0;0;0;0;0;0;0
280350005000068;8;443;443;116;80;152;39;2;8;3;0;29;0;4;0;10;0;0;0;0;0;0;5;0;0;0;2;0;1;0;1;0;0;1;0;9;6;6;5;6;6;10;6;8;14;7;11;6;4;8;10;17;7;7;6;6;12;9;6;6;4;3;6;8;5;7;5;11;8;12;10;6;9;5;6;5;6;2;7;5;3;8;3;4;4;2;3;4;4;6;3;3;2;3;1;5;3;2;4;4;3;3;0;0;6;2;0;1;0;5;3;5;0;2;1;0;2;4;0;0;0;0;1;0;1;0;0;0;0;0;0;0;0;0;0
280350005000069;8;57;57;17;12;15;7;3;0;1;0;0;0;1;0;0;0;1;0;0;0;0;1;0;1;0;0;0;0;0;0;0;0;0;0;1;0;3;1;0;3;1;3;1;2;1;1;1;0;2;0;0;1;0;0;1;3;0;2;1;0;0;0;1;4;0;3;1;0;0;1;2;0;0;0;0;0;0;1;0;0;0;1;3;0;0;1;0;1;1;0;0;0;0;1;2;0;1;1;1;0;1;1;0;0;0;0;0;0;0;0;0;0;0;0;0;0;0;0;0;0;0;0;0;0;0;0;0;0;0;0;0;0;0;0
280350005000070;8;249;249;75;54;84;12;5;1;0;1;13;0;0;0;4;0;0;0;0;0;0;2;0;0;0;1;0;1;0;0;0;0;0;0;5;5;5;3;7;2;7;7;6;7;6;3;9;6;10;6;4;6;4;4;2;7;2;2;4;3;2;2;2;2;4;4;4;7;8;1;4;3;2;4;4;0;7;3;0;2;3;2;0;2;2;1;3;2;4;0;2;3;4;2;1;2;2;0;3;1;0;1;2;1;0;1;1;0;2;1;1;0;0;0;0;0;0;0;0;0;0;0;1;0;0;0;0;0;0;0;0;0;0;0
280350005000071;7;163;163;45;26;43;23;4;0;4;1;6;0;10;0;0;1;0;0;0;0;0;3;0;0;0;0;0;0;1;1;0;1;0;0;1;2;1;3;4;5;2;4;3;2;2;2;6;3;8;8;3;7;3;2;7;5;1;1;2;0;2;0;1;1;2;0;1;5;1;0;0;2;3;4;1;1;1;3;2;4;2;0;2;1;2;1;2;2;2;2;5;1;2;0;1;1;3;1;1;4;0;1;0;0;1;0;0;0;0;0;0;1;0;0;0;0;0;0;0;0;0;0;0;0;0;0;0;1;0;0;0;0;0;0
280350005000072;7;354;354;86;65;118;32;4;6;3;0;35;0;0;0;5;0;0;0;0;0;0;7;0;0;1;0;0;0;1;2;0;1;2;0;7;4;7;11;5;9;8;8;6;10;9;5;10;7;8;13;8;4;3;8;9;6;5;4;6;3;7;5;6;6;1;5;6;4;3;4;3;4;4;2;6;1;3;5;5;7;2;3;2;4;4;3;7;5;1;2;5;3;6;1;2;3;4;3;3;2;2;2;0;0;3;1;2;0;0;0;0;0;1;1;0;0;0;0;0;0;0;0;0;0;0;0;0;0;0;0;0;0;0;0
280350005000073;8;903;901;261;165;259;112;7;16;1;1;59;2;6;0;7;1;0;0;3;3;0;8;1;1;2;0;0;0;0;1;0;1;0;2;14;14;14;8;18;10;16;9;18;22;20;23;13;30;16;17;17;20;19;12;19;13;16;12;19;10;14;7;11;12;3;9;10;12;14;15;16;15;13;11;14;13;15;5;18;15;14;7;9;17;17;5;11;6;8;14;5;9;10;11;6;8;9;4;6;10;4;2;2;2;3;0;2;2;3;5;3;1;2;1;2;6;1;0;0;0;2;0;2;1;0;1;0;0;1;0;0;0;0;0
280350005000074;8;186;186;55;40;63;10;7;0;1;0;2;0;5;0;3;0;0;0;0;0;0;1;0;0;0;0;0;0;0;0;0;0;0;1;3;2;3;7;1;1;3;1;2;7;1;3;6;4;4;4;9;6;1;5;5;3;3;7;5;2;2;0;2;5;1;4;1;0;0;2;5;3;3;4;2;1;2;2;6;4;2;3;2;0;1;2;0;1;2;2;3;0;1;0;1;0;2;2;4;0;1;1;0;3;1;0;1;0;1;0;0;1;0;0;0;0;0;0;0;0;1;0;0;0;0;0;0;0;0;0;0;0;0;0
280350005000075;8;516;516;132;98;175;45;15;2;0;0;20;0;12;0;17;0;0;0;0;0;0;10;0;1;1;2;0;2;0;1;0;1;1;1;9;9;11;12;12;17;9;4;5;18;7;15;11;19;13;11;11;13;8;7;12;14;8;8;10;5;8;6;10;11;5;12;6;4;5;5;4;5;7;6;4;6;4;8;4;8;6;2;5;6;1;3;3;3;9;1;5;6;6;4;1;4;5;4;2;1;1;6;3;1;1;0;1;0;0;2;1;2;1;1;2;0;0;0;0;0;1;0;0;0;0;0;0;0;0;0;0;0;0;0
280350005000076;8;12;12;5;3;3;1;0;0;0;0;0;0;0;0;0;0;0;0;0;0;0;0;0;0;0;0;0;0;0;0;0;0;0;0;0;0;0;0;0;0;0;0;0;0;0;0;0;0;0;0;0;1;1;0;1;0;0;1;0;0;0;0;0;0;0;0;0;0;0;0;0;0;0;0;0;1;0;0;1;0;1;1;0;1;0;0;0;0;0;0;0;0;0;0;1;0;0;0;0;0;0;0;0;0;0;0;1;0;0;0;1;0;0;0;0;0;0;0;0;0;0;0;0;0;0;0;0;0;0;0;0;0;0;0
280350005000077;5;500;497;155;100;127;75;5;4;0;0;22;0;1;0;10;0;1;0;0;0;0;8;2;2;0;0;0;0;1;1;0;1;1;0;7;9;7;10;8;5;9;7;6;11;10;13;13;10;11;6;10;13;5;10;7;7;11;11;9;6;8;7;5;1;5;12;15;10;3;8;10;8;10;5;12;5;7;8;6;9;5;8;6;13;5;3;3;4;2;2;3;6;3;2;2;5;2;0;3;1;3;3;3;1;4;0;2;2;1;1;1;1;0;1;2;0;1;0;0;1;0;1;0;0;0;0;0;0;0;1;0;0;0;0
280350005000078;5;399;399;143;68;89;57;0;4;0;1;20;0;7;0;3;3;4;0;0;0;0;1;0;0;0;1;0;0;0;0;0;0;0;0;2;3;6;2;7;4;3;6;5;6;7;10;9;12;8;9;16;6;9;3;10;9;9;3;8;9;6;11;6;4;6;4;2;3;4;4;5;7;6;8;2;5;7;4;2;7;3;5;8;4;2;3;2;5;4;3;2;4;5;1;6;2;3;5;5;5;5;3;4;2;0;1;4;1;1;1;0;1;1;2;1;2;1;0;1;2;0;1;0;0;0;0;0;0;0;0;0;0;1;2
280350005000079;5;652;652;191;121;198;81;5;2;11;0;21;0;5;1;1;3;12;0;0;0;0;14;1;1;2;1;0;1;2;1;2;0;2;1;13;12;10;20;12;9;13;10;8;9;15;16;19;18;10;10;17;19;14;10;12;15;15;19;10;7;11;13;7;7;6;6;10;12;8;3;5;5;11;15;6;10;9;5;11;8;1;8;3;3;2;1;6;6;7;3;6;3;4;4;1;6;6;3;2;3;4;7;4;3;4;3;0;3;0;2;2;3;1;2;2;0;2;2;4;0;0;0;1;0;0;1;0;0;0;0;0;0;0;0
280350005000080;5;475;475;144;92;142;53;15;5;3;0;10;1;5;1;3;0;0;0;1;0;0;10;3;0;3;0;3;0;1;0;0;0;0;0;12;11;5;8;10;8;13;10;10;7;13;6;11;12;12;6;11;3;3;8;7;7;8;7;14;11;11;13;8;8;4;10;5;5;8;7;7;6;6;6;10;9;7;6;6;4;7;8;3;5;1;0;3;6;0;2;1;2;3;1;1;3;5;2;1;1;2;2;0;3;4;0;2;5;2;0;1;1;1;0;0;1;0;3;2;1;0;1;0;0;0;0;0;0;0;0;0;0;0;0
280350005000081;5;558;558;176;101;121;101;8;5;5;1;32;0;4;0;3;0;1;0;0;0;0;7;2;0;0;0;3;1;0;0;1;0;0;0;11;5;12;9;10;6;7;12;12;13;9;14;17;15;14;18;10;15;11;8;9;16;9;12;6;8;7;7;6;10;8;12;7;9;3;8;6;7;8;4;13;7;4;3;11;7;4;8;5;3;1;3;8;6;7;7;4;1;4;4;2;1;1;1;6;5;2;2;3;4;1;2;3;2;0;1;0;2;3;1;1;0;2;1;1;0;0;0;0;0;1;0;0;2;1;0;0;0;0;0
280350005000082;7;827;827;212;149;252;130;17;7;12;1;28;0;13;0;4;2;0;0;0;0;0;15;0;3;1;1;0;2;2;1;1;3;0;1;21;20;22;32;20;18;23;21;20;29;26;17;17;21;25;17;16;19;17;20;16;15;12;15;21;14;9;8;6;19;10;7;10;14;12;8;9;6;9;14;10;6;5;6;11;11;6;7;5;6;2;4;2;8;8;6;5;3;6;3;1;4;2;1;2;4;3;4;1;2;2;1;0;2;0;2;1;0;0;0;0;0;2;1;0;0;1;0;0;0;0;0;1;0;0;0;0;0;0;0
280350005000083;8;474;474;126;79;141;62;9;7;1;0;34;0;4;0;11;0;0;0;0;0;0;12;1;4;3;1;0;0;1;0;0;0;1;1;5;9;10;10;11;6;14;8;13;15;13;17;14;8;11;9;10;10;4;6;10;13;5;9;5;13;7;11;12;4;10;5;3;5;5;8;4;8;2;6;2;5;5;0;5;2;3;2;3;5;1;1;2;3;6;5;4;4;3;3;1;5;0;4;5;6;4;0;2;1;2;1;2;1;3;0;1;0;1;2;3;1;0;1;0;0;2;0;0;0;0;0;1;0;0;0;0;0;0;1
280350005000084;8;630;629;174;124;217;57;12;6;3;2;27;4;1;0;1;2;0;0;0;0;0;14;1;1;1;1;2;2;1;0;0;0;2;3;13;19;7;10;6;8;10;13;17;17;18;13;14;17;13;14;9;7;10;10;16;10;17;17;12;12;11;12;17;7;11;9;8;8;8;3;11;6;6;5;7;7;9;4;4;4;2;6;7;5;6;3;7;8;6;5;5;1;2;4;4;2;3;4;3;4;1;2;1;1;4;3;2;3;2;3;4;3;2;3;1;1;0;2;0;2;0;0;0;0;1;1;1;0;0;0;0;0;0;0
280350005000085;5;645;645;193;121;193;73;13;3;2;0;26;0;7;0;14;0;0;0;0;0;0;9;0;1;0;0;1;1;0;0;1;0;2;3;6;12;11;11;8;8;9;14;13;17;16;8;13;14;9;15;17;14;16;19;11;17;13;12;13;10;10;15;11;12;9;12;6;4;9;10;5;8;9;8;11;6;4;11;11;3;5;4;7;9;10;5;9;3;7;9;7;3;6;3;4;2;3;6;5;3;5;1;1;2;4;1;3;1;1;1;1;0;1;0;1;0;0;3;0;0;0;0;0;0;0;0;0;0;0;0;0;0;0;0
280350005000086;8;202;202;54;38;59;24;0;1;3;1;14;0;3;0;5;0;0;0;0;0;0;7;0;1;1;0;2;0;0;2;0;0;0;1;1;3;5;6;2;4;4;3;8;5;1;6;4;4;5;2;6;2;1;2;3;6;3;6;3;4;2;4;6;7;4;4;5;4;3;1;0;1;2;3;2;2;1;2;2;1;2;2;2;0;1;3;1;4;0;0;2;1;4;3;1;1;2;0;1;2;2;1;1;1;0;0;0;1;0;0;0;1;0;0;0;0;1;0;0;0;0;0;0;0;0;0;0;0;0;0;0;0;0;0
280350005000087;8;858;856;214;154;301;105;18;7;9;2;38;0;4;0;5;1;0;0;0;0;0;13;0;1;0;0;0;2;2;3;0;0;1;4;11;18;19;20;13;9;23;21;25;23;21;21;24;24;31;27;18;15;16;26;13;18;6;6;18;15;10;15;13;15;19;10;13;8;8;9;13;8;5;9;10;16;5;5;9;3;7;10;6;8;4;6;8;2;9;11;8;8;2;4;4;4;4;5;8;5;4;2;5;3;1;2;0;1;4;3;2;1;0;3;1;1;1;1;1;0;1;0;0;1;0;0;0;0;0;0;0;0;0;0
280350005000088;5;331;331;92;68;104;33;9;5;1;1;16;0;1;0;1;0;0;0;0;0;0;0;0;0;0;0;0;0;0;0;0;0;0;0;3;6;10;4;3;0;9;3;2;10;10;12;9;8;7;4;6;6;4;9;8;8;10;5;6;2;5;3;4;6;6;2;4;4;9;9;2;4;5;5;5;4;3;2;4;3;6;5;3;7;2;3;5;5;3;1;3;0;1;5;1;2;5;1;2;3;0;2;0;5;0;0;0;1;0;0;2;2;1;0;0;0;1;0;1;0;0;0;0;0;0;0;0;0;0;0;0;0;0;0
280350005000089;5;326;326;89;61;103;40;9;3;0;0;11;0;2;0;8;0;0;0;0;0;0;5;0;1;0;0;0;0;0;1;3;0;0;0;5;4;8;7;6;8;5;2;2;7;8;6;10;9;8;7;4;10;8;4;5;12;5;5;5;2;4;8;5;3;4;4;10;1;4;3;5;5;10;3;3;3;3;6;5;7;4;1;5;4;0;2;2;4;2;2;2;5;2;1;1;0;2;1;2;3;3;0;1;1;2;0;0;1;2;1;1;0;1;1;0;0;1;0;1;0;0;0;2;0;0;0;0;0;0;0;0;0;0;0
280350005000090;8;390;390;105;77;134;36;6;2;1;1;17;0;1;2;2;3;2;0;1;0;0;5;0;0;1;1;1;1;0;0;0;1;0;0;13;8;5;11;5;7;5;9;14;6;7;6;8;7;10;7;7;6;7;12;8;5;11;4;10;7;8;5;7;9;9;6;6;3;3;5;3;5;2;5;6;3;1;4;1;3;7;3;5;3;9;2;5;2;3;4;6;3;1;2;2;3;1;2;0;0;3;0;2;2;1;1;0;2;0;1;1;0;0;5;0;1;0;0;0;1;1;0;0;0;0;1;0;1;0;0;0;0;0;0
280350005000091;8;1197;1197;328;244;390;116;13;11;14;1;40;1;22;2;12;0;3;0;0;0;0;23;1;0;2;1;0;2;8;1;3;2;2;1;22;21;20;23;19;29;24;24;27;33;29;29;30;40;29;31;29;21;16;24;17;14;16;18;15;17;17;21;13;13;13;14;22;25;19;16;18;14;17;19;12;16;13;10;17;9;10;10;11;7;11;8;8;11;8;13;15;7;7;4;10;8;11;2;3;3;12;5;4;6;1;8;3;2;2;0;1;1;5;1;3;3;3;3;1;4;1;1;1;0;0;0;0;0;0;0;1;0;0;0
280350005000092;8;702;702;188;135;226;73;12;7;2;2;44;0;3;1;5;0;4;0;0;0;0;9;2;1;0;0;0;0;0;2;2;1;0;1;11;13;15;11;19;12;11;13;14;14;17;15;20;24;24;21;13;15;9;13;14;15;14;15;11;1;10;8;9;8;14;8;10;4;12;9;13;11;6;8;10;11;8;11;11;8;11;12;6;6;4;4;4;3;5;4;5;5;4;5;2;7;5;4;5;3;2;1;1;4;0;2;2;2;1;1;0;0;1;1;3;1;0;0;0;1;0;0;0;0;1;0;1;0;0;1;0;0;0;0
280350005000093;7;436;436;138;77;101;77;11;3;3;1;10;1;5;0;8;1;0;0;0;0;0;8;0;0;2;0;1;2;1;0;1;1;0;0;8;6;7;16;9;8;12;8;9;11;11;8;12;12;9;14;9;11;6;10;11;6;9;6;11;8;7;11;4;8;7;8;8;5;6;3;5;4;6;1;5;4;3;8;2;1;2;3;3;6;4;6;2;4;4;2;5;4;1;4;6;2;0;0;2;0;2;0;1;1;1;1;0;1;0;1;0;1;1;1;0;1;1;0;0;0;0;0;0;0;0;0;0;1;0;0;0;1;0;0
280350005000094;5;854;854;284;174;212;122;2;8;6;0;24;1;13;1;4;2;1;0;0;0;0;12;1;2;1;0;1;1;0;0;2;3;1;0;11;11;17;13;14;14;14;10;12;16;13;12;14;15;18;21;17;21;19;15;18;13;12;17;20;11;17;11;22;16;14;9;10;10;14;9;16;6;18;9;8;13;8;5;9;10;14;4;10;12;10;4;6;8;8;13;10;14;11;4;5;5;7;4;4;7;5;4;4;2;4;4;1;1;2;1;2;4;6;1;4;4;3;2;1;0;0;1;1;0;0;1;0;0;0;1;0;1;0;0
280350005000095;5;693;693;210;131;181;93;10;9;1;1;35;1;8;0;12;1;0;0;0;0;0;12;0;1;2;1;0;1;1;1;0;2;2;1;17;11;6;13;7;9;15;15;12;21;17;11;16;18;17;14;14;14;8;6;14;15;10;13;16;11;13;1;11;8;9;8;9;14;11;9;11;17;9;5;6;10;6;4;6;13;7;3;3;6;3;10;6;4;15;3;5;6;6;5;0;7;1;6;9;7;3;7;1;8;5;2;3;2;0;2;1;3;1;0;1;1;1;1;1;0;1;1;1;0;0;0;1;0;0;0;0;1;0;1
280350005000096;8;193;193;57;41;67;12;1;1;3;1;6;0;0;0;3;0;1;0;0;0;0;1;0;0;0;0;0;1;0;0;0;0;0;0;3;5;3;1;2;4;2;1;7;7;3;5;4;7;4;3;3;5;4;0;7;1;0;1;2;4;6;4;3;1;5;3;5;1;3;3;2;5;3;2;2;2;0;2;1;1;2;5;1;3;3;1;2;2;0;2;1;3;1;4;0;1;0;1;2;3;0;1;1;1;0;1;0;1;2;0;0;0;2;2;0;1;0;1;0;0;0;0;0;0;0;0;0;0;0;0;0;0;0;0
280350005000097;8;269;269;75;61;83;29;4;1;3;0;7;0;3;0;3;0;0;0;0;0;0;2;0;0;0;0;1;0;1;0;0;0;0;0;5;6;4;7;2;4;7;6;5;5;3;7;6;4;8;5;5;5;2;4;6;1;5;1;2;5;3;6;1;4;3;5;3;3;4;1;6;7;5;2;2;6;5;2;7;5;1;3;3;2;4;4;4;2;4;5;0;2;2;3;3;2;0;4;1;0;1;3;0;2;3;3;0;1;0;1;0;0;1;0;0;0;0;0;1;0;0;0;0;0;0;0;0;0;1;0;1;0;0;0
280350005000098;8;665;665;188;128;182;81;17;4;3;0;44;4;6;0;7;0;1;0;0;0;0;12;1;0;2;2;0;0;3;1;1;1;1;0;10;14;16;10;7;11;14;18;21;17;18;14;17;15;10;13;14;17;12;5;10;9;14;14;13;6;9;9;18;13;6;10;10;10;6;5;6;4;9;8;5;7;7;2;6;7;4;5;7;5;5;6;6;3;6;15;7;2;5;5;4;5;6;4;2;5;3;1;3;6;2;7;3;3;0;2;0;4;1;3;2;0;1;0;2;0;0;0;3;1;0;1;0;1;0;0;0;0;0;1
280350005000099;5;892;883;245;170;282;94;11;13;2;0;60;2;1;0;9;1;2;0;0;0;0;13;1;1;1;1;0;3;1;1;1;2;0;1;13;13;16;13;14;9;15;13;15;16;20;14;21;21;24;15;22;17;23;21;23;17;14;15;21;12;14;16;11;12;9;12;10;17;17;13;9;14;14;14;9;9;6;6;14;13;8;12;4;11;5;16;5;7;7;6;10;7;3;9;8;7;3;4;6;5;4;2;3;6;3;2;5;7;2;2;8;3;3;1;4;1;1;1;0;0;0;0;1;1;0;0;0;0;0;0;0;0;0;0
280350005000100;8;363;362;103;69;105;47;5;3;1;3;18;3;0;0;5;0;1;0;0;0;0;3;1;0;0;0;0;0;1;0;1;0;0;0;5;5;4;9;3;8;10;6;9;6;9;7;10;8;4;7;10;10;5;5;8;7;2;8;6;6;7;7;3;7;6;7;6;6;0;7;5;5;5;4;3;7;2;1;6;2;6;5;3;1;2;1;5;3;4;8;4;2;2;4;1;2;2;1;0;1;3;4;0;0;3;1;3;2;1;1;2;2;0;1;0;1;0;0;0;0;1;1;1;0;0;2;0;0;0;0;0;0;0;1
280350005000101;8;50;50;11;8;22;4;0;1;0;0;4;0;0;0;0;0;0;0;0;0;0;0;0;0;0;0;0;0;0;0;0;0;0;0;1;1;0;0;1;0;0;1;0;1;1;1;1;2;1;3;0;5;2;4;0;0;0;1;1;0;0;1;0;0;0;1;0;0;0;0;2;0;0;1;2;0;1;1;1;2;0;0;0;0;0;1;0;0;0;0;0;0;0;0;1;1;1;2;0;0;1;0;1;0;0;0;1;0;0;0;0;2;0;0;0;0;0;0;0;0;0;0;0;0;0;0;0;0;0;0;0;0;0;0
280350005000102;8;671;671;180;126;203;86;12;8;2;3;41;1;5;0;4;0;0;0;0;0;0;9;1;0;0;0;0;2;0;1;0;1;3;1;11;6;10;10;15;11;16;9;12;16;12;17;9;20;11;17;17;11;14;16;12;20;10;10;17;6;7;8;6;12;8;9;15;11;8;11;8;8;13;12;5;15;11;10;8;12;4;6;2;9;9;6;7;5;5;5;6;4;2;3;5;3;1;3;2;6;3;0;2;1;3;0;2;2;3;3;0;5;2;2;0;3;1;1;0;1;0;0;1;0;0;2;0;0;0;0;0;0;0;0
280350005000103;8;475;475;125;96;145;42;11;5;4;0;29;0;12;0;1;1;4;0;0;0;0;11;0;5;2;0;0;1;1;0;0;1;1;0;5;6;3;12;9;7;6;12;10;9;12;11;17;10;5;17;9;11;9;10;15;6;7;9;6;1;10;6;9;7;9;6;7;4;9;5;9;3;8;5;9;4;3;5;7;4;3;1;5;3;6;2;1;3;8;3;5;4;3;5;7;5;3;1;3;1;3;3;1;3;1;3;1;3;0;1;1;0;2;2;1;1;0;0;0;2;0;0;0;1;0;0;0;0;0;0;0;0;0;0
280350005000104;5;1024;1024;302;207;270;131;15;10;7;3;49;3;14;0;8;1;3;0;1;0;0;20;1;3;2;0;2;0;3;0;2;2;1;4;15;15;18;16;16;20;20;17;21;11;16;16;16;24;16;19;18;8;18;21;22;15;15;14;16;28;19;19;17;14;13;16;22;18;13;24;15;16;16;13;11;16;10;22;14;14;13;7;9;10;3;10;8;5;10;8;7;5;7;10;10;9;8;5;2;5;5;8;3;6;5;8;7;4;5;6;4;5;2;2;1;1;1;2;0;1;0;0;0;3;0;0;0;0;0;1;0;0;0;0
280350005000105;5;517;517;145;111;173;41;7;4;3;0;20;0;4;0;9;0;0;0;0;0;0;6;0;3;1;0;1;1;0;0;0;0;0;0;9;7;13;5;3;5;9;5;18;7;10;10;10;9;14;10;10;7;10;14;10;11;11;10;5;11;7;6;11;8;9;9;5;6;9;8;5;11;11;5;7;3;7;6;5;7;8;7;3;3;2;9;7;5;7;6;7;4;3;3;2;1;5;4;2;5;1;3;4;3;1;1;0;1;0;0;2;3;2;2;1;1;0;2;0;0;1;1;0;0;0;0;0;0;0;0;1;0;0;0
280350005000106;5;446;446;129;83;137;36;7;5;3;1;32;0;9;0;2;0;2;0;0;0;0;5;0;0;1;0;0;0;0;1;0;3;0;0;4;4;6;7;8;6;9;12;7;13;13;12;15;7;11;6;6;9;4;6;13;7;10;5;5;12;3;5;5;7;1;7;4;6;10;9;12;5;4;4;7;7;10;3;12;6;11;6;2;9;3;1;5;3;4;6;1;2;0;4;2;2;3;0;3;0;2;3;2;2;3;3;2;1;1;1;2;3;1;1;0;0;1;1;0;0;0;1;0;0;0;0;0;0;0;0;0;0;0;0
280350005000107;5;906;904;274;181;241;100;1;13;2;1;66;0;10;0;11;2;4;0;0;0;0;18;2;1;1;3;1;2;1;1;2;1;1;2;9;13;6;6;9;13;12;12;17;20;23;19;16;18;11;20;19;12;18;19;18;28;17;18;13;8;17;8;15;14;16;13;10;11;16;12;11;17;15;11;8;10;12;14;8;11;13;10;8;13;9;10;12;10;14;10;9;10;8;10;4;6;6;2;7;7;10;7;3;5;2;7;3;0;4;3;2;4;2;1;2;1;3;1;1;1;0;1;1;2;0;1;0;0;0;0;0;0;0;0
280350005000108;5;1399;1388;392;267;413;183;14;14;6;3;69;5;16;0;16;0;1;0;0;0;0;24;3;6;3;0;4;0;5;0;2;0;1;0;16;23;23;20;31;24;26;30;28;32;35;24;42;31;40;42;29;25;29;29;16;24;22;19;17;21;28;27;18;33;18;20;18;26;26;22;28;21;17;19;25;14;21;17;13;21;13;8;10;16;12;12;9;11;5;12;4;12;8;4;8;9;7;4;6;4;2;8;7;4;4;3;5;4;4;4;5;2;3;4;1;3;0;0;2;2;1;0;0;1;1;1;0;0;0;0;0;0;0;0
280350005000109;5;791;791;246;158;201;94;13;8;5;1;34;0;7;0;20;2;2;0;0;0;0;6;1;2;1;1;0;0;0;0;0;1;0;0;9;12;8;14;19;10;10;10;13;12;8;12;13;13;11;23;10;17;16;14;10;16;12;15;11;11;12;12;8;15;8;19;17;12;13;14;5;10;16;18;7;15;10;17;9;12;5;6;4;14;6;7;7;8;7;6;7;11;10;7;7;7;8;5;3;8;3;3;4;4;5;2;1;4;4;1;2;1;1;4;1;2;2;4;1;2;3;2;0;1;0;2;0;3;0;2;0;0;0;0
280350005000110;5;756;755;210;156;246;69;9;13;4;3;31;0;3;0;10;2;0;0;0;0;0;6;2;0;2;0;0;0;1;0;0;0;1;0;10;11;4;10;15;11;11;16;17;17;21;14;16;22;14;14;16;10;15;11;17;16;14;11;11;9;11;14;10;12;15;15;11;12;15;9;5;14;7;19;10;14;13;12;8;15;7;11;6;4;4;9;7;4;5;6;3;7;2;4;3;5;3;3;7;10;6;5;4;2;1;2;0;3;1;3;2;4;1;2;1;4;0;1;0;2;1;0;0;0;0;0;1;0;0;0;0;0;0;0
280350005000111;8;550;550;143;96;166;61;0;10;3;1;53;0;13;0;3;0;0;0;1;0;0;6;0;0;1;0;0;0;0;1;1;1;1;1;6;13;9;7;10;5;10;6;9;10;16;11;7;10;12;8;10;11;7;10;12;18;6;11;8;9;5;11;10;15;7;11;9;11;12;6;11;8;7;9;5;7;5;8;6;0;7;8;7;4;2;7;8;5;3;6;2;3;5;2;4;3;7;6;2;5;6;3;1;5;3;0;2;1;1;1;2;1;1;2;1;1;0;0;1;0;1;0;0;0;0;0;0;0;1;0;0;0;0;0
280350005000112;8;408;408;121;78;118;43;4;8;4;1;22;0;0;0;7;0;2;0;0;0;0;5;0;0;1;1;0;1;1;0;0;1;0;0;7;4;12;7;4;6;7;5;8;11;7;14;9;7;4;12;11;10;4;7;9;7;8;4;3;3;7;4;4;7;10;4;7;7;6;3;2;7;10;5;3;7;4;5;6;7;6;3;5;5;4;3;8;1;1;2;6;5;4;4;5;3;4;3;1;2;4;0;3;3;1;1;2;1;1;0;1;1;0;0;0;1;0;0;0;0;0;1;0;2;0;0;1;0;0;0;0;0;0;0
280350005000113;8;528;528;155;105;149;63;7;5;4;1;27;0;4;0;8;0;0;0;0;0;0;5;1;0;1;0;0;0;0;0;1;0;2;0;3;10;5;6;5;6;6;7;15;14;12;10;9;13;13;13;11;14;5;8;18;15;7;7;6;6;6;5;7;8;6;8;7;10;6;4;10;6;9;5;3;4;11;5;8;8;8;10;7;12;5;3;4;3;4;2;7;8;9;1;9;6;3;2;2;1;3;1;4;3;2;1;0;3;1;1;1;2;4;4;1;0;0;1;0;2;2;0;0;0;0;0;1;0;0;0;0;0;0;0
280350005000114;8;73;73;25;11;12;12;4;0;1;0;7;0;1;0;0;0;0;0;0;0;0;1;0;0;0;0;0;1;0;0;0;0;0;0;2;0;1;0;0;2;0;3;2;0;3;1;1;2;0;0;2;3;1;1;2;3;2;0;1;0;1;0;1;0;0;0;1;0;0;2;0;0;1;0;1;1;3;1;1;4;2;1;0;0;1;2;0;1;0;1;1;0;0;2;1;1;1;1;0;0;0;1;0;3;1;0;0;0;1;1;0;0;0;0;0;0;0;0;0;1;0;0;0;0;0;0;0;0;0;0;0;0;0;0
280350005000115;8;940;940;262;171;259;97;24;16;4;1;71;3;14;0;15;2;1;0;0;0;0;14;1;2;0;0;1;2;1;1;0;2;3;1;15;12;14;17;12;13;17;14;19;22;22;19;18;20;25;25;21;16;18;15;15;17;12;18;6;12;18;19;14;13;12;9;12;12;12;13;10;15;8;12;10;11;7;11;6;12;13;5;10;5;12;8;12;11;13;6;10;8;3;7;7;8;12;11;10;6;4;7;2;5;8;5;1;9;1;5;3;4;2;1;2;3;2;2;2;2;1;1;0;0;0;0;1;2;0;0;0;2;0;2
280350005000116;5;280;280;84;57;74;31;2;6;2;1;14;0;1;1;5;0;0;0;2;0;0;2;0;0;0;0;0;0;2;0;0;0;0;0;1;5;7;3;3;1;2;3;2;1;1;5;4;4;4;10;4;3;5;6;7;3;2;6;7;5;7;9;8;7;6;7;2;4;3;2;3;2;3;3;2;5;4;3;4;4;6;0;4;3;5;1;2;7;4;8;2;3;3;1;2;1;1;3;0;1;2;1;1;2;2;0;0;1;3;1;1;2;5;2;2;0;1;0;0;2;0;0;0;1;0;0;0;0;0;0;0;0;0;0
280350005000117;8;220;220;62;45;56;18;5;5;4;3;16;0;0;0;4;2;0;0;0;0;0;4;1;0;0;1;1;0;0;0;0;0;0;1;3;3;0;4;4;0;5;2;3;2;3;4;8;5;4;5;9;2;5;5;3;6;1;1;2;3;4;2;3;3;3;0;5;2;6;6;5;4;3;4;5;3;4;1;4;5;5;1;2;2;3;1;3;0;3;0;1;2;1;0;1;0;0;0;3;0;3;1;1;1;1;2;0;0;2;1;2;1;1;0;0;1;1;2;0;0;1;0;0;1;0;0;2;0;0;0;0;0;0;0
280350005000118;8;496;495;134;83;157;44;6;9;10;0;30;4;8;0;8;1;2;0;0;0;0;8;1;1;1;3;0;1;0;0;1;0;0;0;4;9;7;10;12;4;3;11;5;4;7;8;9;17;11;11;10;13;8;8;17;11;11;9;6;4;9;9;6;8;2;6;8;5;2;6;9;6;7;8;10;13;3;9;6;5;3;7;4;5;4;2;5;7;3;4;4;2;2;1;6;7;4;2;3;4;2;1;5;3;6;3;2;2;1;2;1;1;2;3;1;1;1;2;0;0;1;0;0;1;1;0;0;0;0;0;0;0;0;1
280350005000119;8;354;354;105;69;118;40;6;3;3;0;2;0;3;0;3;2;0;0;0;0;0;4;1;0;1;0;0;0;0;1;0;0;1;0;5;4;6;4;10;8;5;5;4;10;7;4;9;9;7;5;4;3;9;5;3;7;6;4;7;4;3;6;1;4;6;4;8;4;7;5;4;4;6;5;7;6;7;9;11;10;7;5;2;2;1;6;3;4;1;2;2;3;2;1;3;1;4;1;5;0;3;2;2;4;1;2;1;1;3;0;0;2;0;0;0;1;0;0;0;0;0;1;0;0;1;0;0;0;0;0;0;0;0;0
280350005000120;8;341;341;94;68;103;29;10;3;5;1;22;2;1;0;3;0;0;0;0;0;0;4;0;0;0;0;0;0;1;1;1;0;0;1;7;8;8;5;8;5;6;10;4;7;11;5;6;12;11;3;3;6;4;7;6;7;6;5;7;5;2;9;7;0;3;2;9;3;8;4;10;3;6;4;4;5;4;6;5;3;4;2;3;4;3;2;3;2;3;3;1;3;3;3;1;3;0;2;2;1;1;2;1;1;0;1;1;3;0;1;0;0;0;0;1;1;2;2;0;0;0;1;0;0;0;0;0;2;0;0;0;0;0;0
280350005000121;8;1046;1046;302;215;323;88;24;6;9;5;47;0;9;0;14;3;1;0;0;0;0;12;2;3;0;1;0;1;1;1;1;1;1;0;20;12;19;10;15;25;22;25;27;32;13;22;31;23;30;17;23;16;13;13;23;13;17;8;9;12;8;16;10;15;22;8;9;16;24;18;17;18;15;20;18;8;20;14;11;13;12;8;10;10;14;11;14;12;9;9;7;12;5;2;2;7;3;8;8;3;8;4;7;5;3;6;6;6;3;2;3;3;1;3;2;2;3;2;1;1;2;0;0;1;1;0;1;0;2;0;0;0;0;0
280350005000122;8;540;537;154;108;168;63;2;5;8;3;16;1;4;0;6;1;1;0;0;0;0;4;1;1;1;0;0;0;0;0;0;1;0;0;7;3;3;8;5;12;5;5;12;12;10;15;11;14;26;13;13;8;10;12;8;9;9;7;7;9;9;7;5;10;6;8;10;7;6;10;7;7;7;9;13;1;7;14;6;5;8;12;5;8;5;5;4;3;8;3;2;5;3;4;6;4;4;5;6;4;1;1;0;4;1;1;2;1;0;1;0;1;0;0;1;0;0;3;0;0;1;1;1;1;0;2;1;0;0;0;0;1;0;0
280350005000123;8;876;876;247;168;286;80;23;10;4;2;35;1;1;0;17;1;1;0;0;0;0;11;0;1;1;1;1;0;1;2;1;0;1;2;9;15;11;13;18;11;4;15;9;19;17;21;24;18;18;21;27;18;21;15;17;15;12;12;19;17;9;12;15;12;10;11;15;9;11;13;16;14;16;14;7;6;10;12;12;22;9;11;13;7;11;9;12;5;7;7;7;7;9;8;6;3;3;6;1;4;2;7;3;2;4;2;3;4;6;0;3;1;2;2;2;1;3;2;2;1;0;2;1;1;1;0;0;0;0;0;0;1;0;0
280350005000124;8;189;189;57;41;56;21;2;0;1;1;4;0;0;0;4;1;1;0;0;0;0;2;0;0;1;0;0;0;0;0;0;0;0;1;2;2;6;3;5;1;0;4;4;1;3;5;2;2;6;5;3;3;5;4;3;8;3;2;1;1;4;4;1;5;3;3;2;2;2;2;2;2;4;6;6;3;4;1;3;4;4;2;3;1;2;1;3;0;0;2;3;1;1;1;1;2;0;0;1;1;1;0;3;0;1;0;1;1;0;0;0;0;0;1;1;0;1;0;0;0;1;0;0;0;0;0;0;0;0;0;0;0;0;0
280350005000125;8;680;680;184;119;204;87;12;6;1;0;46;4;9;0;6;1;0;0;1;0;0;6;0;1;0;1;1;1;1;0;0;0;0;1;7;6;10;10;14;13;13;8;14;13;9;11;18;14;14;18;12;8;13;8;12;10;12;16;12;14;11;10;7;8;14;13;12;7;14;15;7;7;10;11;8;10;8;7;7;5;5;6;5;6;4;9;1;7;8;2;8;3;3;6;5;5;3;6;7;7;7;6;2;4;5;7;2;5;1;3;0;4;2;3;3;1;1;4;1;1;3;0;2;1;0;0;0;0;0;0;0;0;0;0
280350005000126;8;231;231;58;46;99;15;1;0;1;1;5;0;2;0;2;0;1;0;0;0;0;2;0;0;0;0;0;0;1;0;1;0;0;0;4;6;3;4;2;3;1;5;5;0;6;10;7;6;4;3;6;6;5;3;6;1;5;6;5;2;6;4;4;4;2;3;2;1;3;5;5;1;2;5;0;1;5;5;3;3;4;0;2;0;0;4;4;2;3;2;1;0;1;5;1;1;3;1;3;1;1;0;1;3;1;0;3;0;1;0;0;0;1;0;1;0;0;0;0;0;1;0;0;0;0;0;0;0;0;0;0;0;0;0
280350005000127;8;414;414;109;75;141;44;11;3;5;0;13;0;3;0;2;1;7;0;0;0;0;4;0;0;2;0;0;0;0;1;1;0;0;0;3;4;6;11;8;8;4;8;13;8;10;10;14;16;11;13;16;5;6;7;4;6;6;5;6;4;7;5;10;4;8;5;7;8;3;4;5;3;3;7;7;3;5;3;5;4;4;0;2;4;7;6;4;3;2;3;4;4;0;3;3;4;5;2;6;1;1;0;1;2;4;0;2;1;1;0;1;0;1;2;4;2;0;1;0;1;1;0;0;0;0;0;0;0;0;0;0;0;0;0
280350005000128;5;354;354;87;62;123;44;0;4;3;0;14;0;3;0;9;4;0;0;1;0;0;8;1;1;1;0;0;0;2;0;0;3;0;0;7;4;7;5;5;4;8;8;5;5;7;11;10;6;7;6;3;9;2;7;5;8;10;2;7;4;5;6;5;8;4;5;11;4;5;11;6;4;4;8;6;2;1;4;7;3;4;1;2;3;0;2;2;2;3;5;3;3;2;3;2;2;2;2;2;2;2;0;1;3;0;2;2;0;4;1;2;4;1;0;3;0;0;0;1;1;0;0;0;0;0;0;0;0;0;0;0;0;0;1
280350005000129;5;533;532;148;88;152;85;1;2;7;1;32;0;6;0;7;2;2;0;0;0;0;9;0;3;0;0;0;1;1;2;0;0;2;0;8;11;10;7;7;11;6;10;15;16;13;12;6;13;16;13;12;10;6;11;6;14;11;9;10;5;16;2;7;3;13;4;5;3;11;1;3;2;8;6;11;3;10;5;5;8;7;4;7;2;3;5;6;2;2;3;5;5;4;4;2;4;2;1;9;5;2;3;3;4;2;3;2;3;1;1;1;2;3;3;2;0;1;2;1;2;0;1;1;2;1;0;0;0;0;0;0;1;0;1
280350005000130;8;460;460;128;70;123;73;11;2;3;0;28;0;6;0;9;6;1;0;0;0;0;8;1;1;1;1;0;0;0;1;0;0;1;2;4;8;8;8;16;6;12;5;14;19;12;11;9;8;15;11;6;6;10;4;2;6;6;5;10;12;4;8;10;4;6;7;5;4;2;9;6;5;6;3;4;7;11;4;1;6;5;3;2;4;2;3;4;3;5;3;4;3;2;3;3;1;1;5;7;6;3;4;5;2;3;0;1;1;3;3;0;2;0;1;0;1;2;1;0;1;1;2;0;0;1;1;0;0;0;0;0;0;0;0
280350005000131;5;170;170;45;25;56;32;0;0;1;1;4;0;2;0;4;0;0;0;0;0;0;1;0;0;0;0;1;0;0;0;0;0;0;0;2;3;5;3;1;2;9;4;5;9;3;9;9;5;8;5;3;3;3;0;0;2;2;4;1;0;2;1;2;3;0;2;2;0;3;2;1;0;3;3;5;1;2;3;4;1;1;1;1;0;0;3;1;1;0;2;1;0;0;3;1;0;1;1;0;3;0;1;0;1;1;0;0;0;1;1;1;1;0;0;0;0;0;1;0;0;0;1;0;0;0;0;0;0;0;0;0;0;0;0
280350005000132;5;144;144;45;30;44;11;1;1;4;0;7;0;1;0;0;0;0;0;0;0;0;1;0;1;0;0;0;0;0;0;0;0;0;0;2;1;1;5;1;2;3;4;3;3;5;3;5;4;3;2;2;2;2;2;1;2;1;0;3;2;2;5;2;1;3;3;1;3;3;1;1;1;2;1;2;2;4;1;5;2;2;1;5;1;2;2;1;2;1;1;0;2;0;0;4;0;0;1;1;0;0;4;1;0;0;0;0;2;0;1;0;0;0;0;0;0;0;0;0;0;0;0;0;0;0;0;0;0;0;0;0;0;0;0
280350005000133;8;254;254;69;44;87;28;5;1;0;0;12;2;1;0;5;0;0;0;0;0;0;1;0;1;0;0;0;0;0;0;0;0;0;0;1;7;2;2;4;7;1;7;5;11;9;11;10;8;5;8;7;4;4;5;4;2;3;2;4;3;3;5;2;3;2;3;3;6;3;9;3;2;3;6;2;3;2;3;1;1;0;2;4;5;0;2;2;2;1;1;0;2;1;3;0;2;1;3;1;3;1;1;1;0;0;2;0;1;1;0;2;4;0;2;0;0;1;0;0;0;0;0;0;0;1;0;0;0;0;0;0;0;0;0
280350005000134;8;556;556;157;111;200;45;9;3;3;2;21;0;5;0;0;0;0;0;0;0;0;5;0;0;0;2;1;0;0;0;0;1;0;1;10;8;7;8;8;6;13;13;11;13;15;9;16;6;18;7;14;16;15;11;17;8;8;6;9;10;5;12;12;13;6;3;5;5;7;13;7;4;2;8;8;5;4;5;3;6;4;6;5;6;6;4;6;4;4;3;5;4;3;6;6;3;3;1;3;6;4;4;3;3;4;3;2;4;2;2;0;6;4;0;1;0;2;1;0;0;0;1;1;1;0;0;0;0;0;0;0;0;0;0
280350005000135;5;205;205;64;35;57;31;0;2;1;0;13;0;0;0;1;0;1;0;0;0;0;2;0;0;0;0;1;1;0;0;0;0;0;0;3;2;0;6;4;4;3;3;2;2;0;5;1;4;4;9;5;6;7;1;1;6;2;5;4;3;3;3;2;4;2;1;4;1;0;0;6;3;3;1;2;3;3;2;2;4;4;2;1;4;2;3;4;5;2;0;2;2;1;0;1;2;3;1;3;2;1;1;0;0;0;0;2;3;2;1;0;1;2;1;1;0;1;1;1;0;0;0;0;0;0;0;0;0;0;0;0;0;0;0
280350005000136;5;449;449;124;76;143;73;1;2;3;0;15;0;2;0;8;0;2;0;0;0;0;1;0;0;0;0;1;0;0;0;0;0;0;0;6;8;4;5;11;6;12;13;14;10;10;15;16;12;15;12;15;10;9;7;5;12;5;5;5;3;6;5;10;7;3;6;4;4;4;9;7;4;7;6;6;7;3;4;3;9;6;6;4;3;2;3;3;2;3;6;3;5;2;2;4;2;2;0;3;3;2;2;0;2;3;0;1;3;1;1;2;2;1;0;0;1;1;1;1;1;0;0;0;0;0;0;0;0;0;0;0;0;0;0
280350005000137;8;515;515;134;85;192;62;1;6;3;1;27;0;1;1;2;0;0;0;0;0;0;12;1;2;0;1;2;1;1;1;0;1;1;1;8;10;9;6;7;15;10;16;6;12;12;16;15;16;13;11;9;14;6;7;7;14;13;12;6;5;8;5;9;9;5;7;6;5;9;4;2;6;3;6;2;9;8;4;5;4;6;7;4;7;3;4;5;2;5;4;5;3;3;2;5;2;8;2;5;3;1;5;1;1;2;1;3;3;0;1;3;2;0;1;0;0;0;0;0;0;0;1;0;1;0;1;0;0;0;0;0;0;0;0
280350005000138;7;203;199;58;42;65;8;10;1;1;0;13;0;1;1;2;0;1;0;0;0;0;2;0;1;0;0;0;0;0;0;0;0;1;0;2;3;4;3;5;5;4;4;4;2;4;6;8;7;8;3;7;4;6;2;1;5;3;1;2;2;4;2;4;1;2;2;4;3;5;2;3;0;2;0;2;1;3;5;1;0;4;1;2;5;0;1;1;2;3;5;0;1;4;4;2;1;0;2;3;1;2;1;0;1;0;0;0;0;0;0;0;1;1;0;0;0;2;0;0;0;0;0;0;0;0;0;0;0;0;0;0;0;0;0
280350005000139;8;173;173;51;40;57;11;1;4;0;1;7;0;1;0;0;0;0;0;0;0;0;3;0;0;0;1;0;0;1;1;0;0;0;0;5;2;4;2;1;0;4;2;0;2;1;7;3;4;11;5;3;4;6;2;1;4;1;4;4;1;1;1;4;1;0;4;1;4;3;2;5;1;1;1;2;2;3;3;1;1;0;1;0;1;2;2;3;1;1;4;2;0;1;2;1;3;1;1;1;2;2;0;1;2;3;0;1;0;1;1;0;3;0;1;0;0;0;0;1;0;0;0;0;0;0;0;0;0;0;0;0;0;1;0
280350005000140;8;131;131;42;24;34;14;0;3;0;0;12;0;0;0;2;0;0;0;0;0;0;2;0;0;0;0;0;0;0;1;0;1;0;0;1;2;1;2;1;1;2;1;2;0;2;5;4;2;2;2;4;1;0;3;4;0;4;1;1;5;3;2;2;3;0;3;1;1;1;2;1;1;0;0;1;0;2;0;2;5;3;1;0;1;2;0;2;3;0;3;0;1;4;0;3;2;3;0;3;0;0;0;1;1;2;0;1;1;0;0;0;2;0;1;1;0;0;0;1;0;0;1;1;0;0;1;0;0;0;0;0;0;0;1
280350005000141;1;515;515;175;93;105;70;0;7;4;1;35;1;11;0;10;0;2;0;1;0;0;6;0;1;1;0;0;1;0;0;0;2;1;0;3;3;10;5;11;5;5;2;4;9;7;9;2;14;8;8;7;7;7;13;5;14;9;5;11;12;14;8;12;9;3;9;5;7;11;4;5;4;4;10;6;4;10;5;5;15;9;2;14;4;7;8;1;10;5;8;4;8;10;4;6;3;5;2;3;2;5;2;2;2;2;2;6;2;0;2;3;4;0;4;2;1;2;2;1;1;1;0;0;0;1;1;0;1;0;0;0;0;0;0
280350005000142;1;798;798;244;163;187;116;11;6;3;1;45;1;8;1;5;3;0;0;4;0;0;12;3;2;0;1;0;1;1;1;1;1;0;1;8;13;9;19;17;9;10;21;8;15;16;15;13;18;20;14;16;23;13;14;12;15;14;17;7;8;14;15;15;12;15;13;6;13;9;16;10;9;9;15;12;17;11;11;14;7;8;12;12;13;4;5;6;8;11;6;6;5;6;3;0;8;3;6;6;8;5;2;5;3;3;2;2;3;0;2;2;1;1;1;0;1;4;1;1;1;0;1;0;0;0;2;0;0;0;0;0;0;0;0
280350005000143;2;550;550;157;95;146;76;31;5;7;2;17;0;5;0;8;1;0;0;0;0;0;11;0;0;1;1;2;0;0;0;2;1;3;1;13;4;14;12;8;12;11;10;12;13;13;18;13;15;11;10;10;7;5;14;12;6;9;7;15;13;15;4;6;9;6;7;7;10;8;7;10;5;11;9;1;6;5;11;9;1;8;3;6;1;4;4;4;2;3;1;1;5;10;6;2;2;5;2;4;0;3;1;5;4;0;0;3;2;2;0;0;1;4;2;0;2;0;2;0;1;0;0;0;0;0;0;0;0;0;0;0;0;0;0
280350005000144;1;711;711;203;157;216;58;4;6;8;1;23;0;6;0;10;7;3;0;8;1;0;7;0;0;0;1;0;2;0;1;0;1;0;2;8;13;8;9;13;13;9;9;17;17;14;7;9;17;9;17;7;11;11;12;13;19;11;12;12;12;5;14;11;17;16;10;6;13;9;11;20;17;9;18;19;5;11;13;13;16;11;7;7;11;6;8;6;12;6;9;6;4;6;5;4;5;1;2;3;1;1;3;3;3;1;2;1;1;0;2;0;0;1;0;0;0;2;0;0;2;0;0;0;0;0;0;0;0;0;0;0;0;0;0
280350005000145;1;657;657;195;126;176;56;7;8;6;2;28;1;14;0;20;5;6;0;7;0;0;6;0;1;0;1;0;0;0;1;0;1;1;1;7;6;7;7;9;9;11;12;7;14;12;12;10;9;11;18;7;10;17;13;7;13;17;9;11;7;15;11;12;12;17;12;9;8;8;13;9;14;7;12;14;5;7;10;11;10;6;8;5;8;7;4;4;8;8;5;7;7;4;9;4;5;4;1;4;5;4;4;2;4;0;4;6;2;1;4;0;1;0;0;0;2;0;2;0;5;1;1;1;2;1;1;1;1;0;0;0;0;0;0
280350005000146;1;854;854;264;176;226;106;5;5;7;0;35;1;11;0;9;4;5;0;0;0;0;8;0;1;2;1;1;0;2;0;0;1;0;0;14;15;12;15;18;14;11;8;14;14;18;7;11;13;16;21;19;10;10;11;18;14;23;17;17;17;25;17;13;19;17;21;17;7;12;20;15;13;12;11;10;9;20;14;9;9;10;15;6;10;12;13;2;9;8;9;7;5;10;7;10;5;4;4;5;1;4;0;0;1;0;1;3;0;2;0;3;2;1;1;2;1;1;3;0;0;0;1;0;0;0;0;0;0;0;0;0;1;0;0
280350005000147;1;741;741;242;139;171;106;10;11;7;2;33;2;9;0;5;1;2;0;1;0;0;10;2;3;1;1;1;1;0;0;0;1;0;0;9;11;5;6;8;14;6;11;18;10;9;11;10;10;7;16;11;16;16;19;15;23;11;13;20;14;13;13;10;10;8;13;4;10;15;13;8;9;10;8;9;13;12;16;12;6;11;13;12;8;12;9;6;7;7;9;5;8;5;5;12;4;6;4;3;5;9;2;1;4;2;0;3;0;1;4;3;1;3;0;0;0;2;3;1;0;2;0;1;3;0;1;0;2;0;0;1;0;0;0
280350005000148;1;638;638;194;115;146;112;10;1;3;1;16;3;15;0;14;7;0;0;1;0;0;8;0;1;0;0;1;1;1;0;0;1;1;2;11;12;10;14;18;14;18;16;19;18;17;17;18;12;19;9;12;11;6;7;13;17;11;16;13;23;11;6;11;22;9;15;6;13;3;10;15;10;5;6;10;4;10;4;6;5;5;2;3;3;3;5;6;2;5;1;2;2;4;2;2;4;2;3;2;2;1;2;1;1;0;0;1;1;1;1;0;1;0;1;1;2;0;0;0;1;2;0;0;0;1;0;0;0;0;0;0;0;0;0
280350005000149;1;615;615;179;117;152;59;9;10;10;1;44;2;12;0;19;1;0;0;0;0;0;11;2;2;1;1;2;0;0;2;0;0;1;0;6;7;7;10;7;7;12;12;16;9;9;7;10;6;6;5;18;12;8;14;12;13;11;12;15;10;12;16;9;8;10;12;11;11;7;8;7;7;5;13;5;4;6;8;6;8;10;10;10;7;7;8;5;6;5;6;5;5;6;8;3;5;0;3;6;4;4;4;3;2;3;1;5;4;2;3;1;1;1;1;1;2;3;2;3;0;2;0;0;2;1;0;0;0;0;0;0;0;0;0
280350005000150;1;929;929;285;183;213;135;25;13;9;5;24;0;21;2;13;1;0;0;0;0;0;12;2;3;1;0;1;2;0;0;0;1;1;1;13;14;22;27;12;10;22;25;15;14;12;23;16;16;13;12;19;9;27;16;16;25;21;19;18;16;20;23;13;22;21;10;17;15;19;6;15;13;15;14;10;12;6;15;10;4;18;11;9;8;13;10;3;1;9;6;6;5;3;5;3;4;8;7;4;1;1;3;5;4;3;3;1;1;3;2;0;3;4;2;2;1;2;4;3;2;0;0;0;0;1;0;1;0;0;0;0;0;0;0
280350005000151;1;805;805;238;170;223;95;16;10;2;5;24;0;8;0;7;2;5;0;0;0;0;15;0;3;1;1;1;0;1;3;2;2;1;0;11;7;15;8;9;14;8;13;14;15;20;20;13;17;21;16;19;22;16;13;16;18;18;23;17;13;13;15;13;11;10;15;14;9;6;15;11;18;10;14;10;9;11;8;7;4;8;11;9;7;10;6;6;11;7;5;2;11;8;4;2;4;5;2;6;1;4;6;1;2;2;2;2;3;4;4;2;2;1;1;2;0;1;1;0;1;1;1;0;2;0;0;0;1;0;0;0;0;0;0
280350005000152;1;675;674;192;130;180;74;13;13;5;1;44;1;5;3;3;0;7;0;4;0;0;10;0;1;1;3;2;2;0;0;1;0;0;0;18;12;5;15;8;12;12;5;8;8;14;10;21;10;7;13;13;18;12;10;13;12;12;16;14;5;12;11;15;7;9;12;7;11;11;15;8;15;6;7;6;8;15;15;10;8;5;6;6;11;8;7;5;7;5;5;3;6;4;1;4;5;3;1;7;6;6;3;4;4;6;4;0;2;1;2;0;2;1;2;1;0;0;2;1;2;1;1;2;1;1;0;0;0;0;0;0;0;0;0
280350005000153;1;710;710;182;119;189;111;39;9;2;1;24;1;11;0;4;16;1;0;1;0;0;18;3;2;0;2;1;2;0;0;1;2;3;2;13;17;14;21;21;10;26;21;15;22;21;18;16;25;14;20;13;9;11;15;15;11;6;6;16;14;5;16;9;16;5;8;10;10;8;4;9;7;8;7;8;6;3;6;5;7;5;8;3;6;1;6;4;5;7;2;7;5;3;3;1;5;3;3;6;3;2;3;4;4;2;3;5;5;0;2;1;1;0;0;1;1;1;0;0;1;0;1;0;0;0;0;1;0;1;0;0;0;0;0
280350005000154;1;470;470;124;77;119;97;5;6;0;0;26;0;5;0;6;5;0;0;0;0;0;15;0;2;1;0;3;2;0;2;2;2;0;1;8;10;15;21;15;16;12;14;16;16;11;8;16;8;9;9;6;7;10;7;9;8;13;14;14;8;6;8;11;11;6;10;7;4;2;8;2;5;3;2;3;3;2;3;1;1;7;3;3;1;3;3;4;1;5;2;3;2;4;2;0;1;1;1;0;3;0;1;0;0;1;0;0;0;1;1;1;0;0;1;0;0;1;0;0;0;0;0;1;0;0;0;0;0;0;0;0;0;0;0
280350005000155;1;581;581;152;101;161;84;27;3;2;1;24;0;9;0;8;2;7;0;0;0;0;11;0;0;2;1;0;2;0;0;1;0;3;2;15;10;15;14;10;19;8;13;12;16;15;14;10;20;18;15;15;11;8;12;12;12;9;7;6;9;8;7;3;8;4;9;10;6;13;3;13;8;10;9;8;3;5;11;7;10;8;6;5;2;6;5;5;0;7;5;5;4;4;6;1;3;3;2;2;3;1;2;1;0;1;0;0;0;0;0;1;0;0;0;0;0;0;0;0;1;0;0;0;0;0;0;0;0;0;1;0;0;0;0
280350005000156;1;822;822;253;170;220;99;17;2;6;2;27;0;7;0;12;6;1;0;0;0;0;16;0;2;3;1;1;1;0;1;3;1;3;0;9;11;21;18;11;19;15;13;19;21;23;17;22;16;18;22;10;15;8;12;19;18;17;13;13;16;9;17;10;16;16;18;21;14;14;15;8;14;15;10;11;17;9;13;8;10;11;5;8;10;7;9;0;8;2;6;2;5;3;3;1;8;3;4;4;3;0;0;2;3;1;0;1;4;2;0;1;3;1;0;1;0;0;0;0;0;0;0;2;0;0;0;0;1;0;0;0;0;0;1
280350005000157;1;622;621;198;103;123;103;9;6;7;3;26;0;17;0;13;8;4;1;1;0;0;2;0;0;0;0;2;0;0;0;0;0;0;0;6;10;9;8;4;11;8;8;11;12;9;9;14;10;14;14;16;5;11;11;11;6;15;10;13;11;14;16;12;10;13;6;9;12;10;11;7;11;10;9;7;8;9;6;8;8;12;3;6;11;11;6;6;7;5;7;7;5;5;7;3;6;1;5;5;0;0;4;2;6;2;1;5;2;4;1;2;3;1;1;0;1;0;0;0;1;0;1;1;1;0;0;0;0;0;1;0;0;0;0
280350005000158;1;537;537;166;105;125;61;11;4;11;0;29;3;11;0;9;1;1;0;0;0;0;7;0;2;2;0;0;1;0;0;0;0;1;1;8;9;6;9;5;17;9;9;5;10;10;17;11;10;9;10;5;7;7;7;15;11;9;13;14;8;11;8;15;8;13;11;6;9;8;11;8;11;10;13;10;7;6;9;4;6;3;6;3;1;4;4;3;6;2;4;6;3;2;5;2;3;2;2;2;5;1;4;1;1;4;1;4;1;3;2;0;1;0;1;0;0;1;1;0;0;0;0;1;0;1;0;0;0;0;0;0;0;0;0
280350005000159;1;494;494;146;84;125;81;3;2;12;0;15;0;14;0;9;0;3;0;0;0;0;7;2;0;2;0;0;0;0;0;0;1;2;0;6;5;6;11;13;8;7;7;8;13;12;15;9;10;5;9;10;12;9;6;14;11;15;11;6;16;10;7;11;5;8;2;4;7;10;13;7;9;5;9;7;5;4;7;7;5;5;4;6;4;8;5;0;8;4;2;3;6;2;2;1;5;1;1;1;0;1;0;1;1;3;4;2;0;1;0;2;2;1;1;1;0;0;1;0;0;1;0;1;0;0;0;0;0;0;0;0;0;0;0
280350005000160;1;687;687;200;128;179;86;35;5;4;1;30;1;5;0;8;0;2;0;2;1;0;13;1;1;2;1;0;1;0;0;4;1;2;0;13;9;17;15;11;18;19;15;22;11;20;17;16;15;19;13;14;15;11;13;12;8;12;10;13;20;9;11;13;8;5;7;10;16;4;11;7;6;9;13;10;9;6;4;4;10;8;5;6;7;6;7;3;6;8;3;3;6;4;4;3;3;1;7;4;3;3;5;1;1;2;2;0;1;0;1;1;1;1;1;1;1;0;0;2;1;0;0;0;0;0;1;0;1;0;0;0;0;0;0
280350005000161;8;897;893;242;171;309;93;15;11;1;6;37;0;3;0;6;0;2;0;1;0;0;13;3;0;2;0;3;0;2;3;0;0;0;0;17;16;14;19;16;16;22;21;37;11;22;24;23;22;20;21;17;16;17;17;21;18;12;15;15;9;16;12;23;15;7;13;16;19;15;6;21;14;12;17;9;10;8;8;11;8;8;3;10;9;6;4;2;7;10;6;4;6;6;10;1;7;0;5;6;5;1;2;2;3;0;2;1;2;4;3;2;1;1;1;2;1;0;0;1;0;0;1;1;0;0;0;0;0;0;0;0;0;0;0
280350005000162;5;81;81;25;20;19;9;1;1;0;0;4;0;0;0;1;0;1;0;0;0;0;4;0;0;1;0;2;1;0;0;0;0;0;0;1;3;0;0;1;1;0;0;0;0;3;0;0;1;1;2;3;1;1;1;0;3;2;4;4;4;3;1;3;3;2;5;1;0;2;0;1;1;2;1;1;0;0;0;0;0;0;0;1;0;1;0;1;0;0;0;2;0;1;2;1;1;2;0;0;1;0;1;0;0;0;0;0;0;0;0;0;0;0;0;1;0;0;0;0;0;0;0;0;0;0;0;0;0;0;0;0;0;0;0
280350005000163;5;321;321;80;60;105;48;12;2;1;0;7;0;1;0;3;0;1;0;1;0;0;4;0;0;0;1;1;0;0;0;0;1;0;1;6;6;5;5;8;6;3;6;11;15;6;9;9;8;11;9;7;15;7;7;5;2;6;6;8;5;2;10;3;5;5;5;9;6;3;1;2;5;2;3;2;3;5;4;2;6;5;3;3;2;0;5;3;1;3;3;2;1;2;1;1;0;1;1;1;0;0;1;0;0;0;1;0;1;0;2;0;0;0;0;0;0;0;0;0;0;0;0;0;0;0;0;0;0;0;0;0;0;0;0
280350005000164;5;350;350;116;79;83;36;11;1;5;0;4;0;4;0;11;0;0;0;0;0;0;4;0;0;1;0;0;1;0;0;1;1;0;0;9;11;13;9;6;2;9;7;5;7;8;9;2;5;5;7;10;6;6;3;6;9;13;4;10;14;15;11;6;6;7;6;7;3;2;4;5;9;5;5;3;4;3;1;4;1;1;5;4;1;0;3;2;1;1;0;2;1;2;0;1;2;1;0;0;4;1;3;2;2;0;0;1;1;1;1;0;0;0;0;0;1;0;0;0;0;0;0;0;0;0;0;0;0;0;0;0;0;0;0
280360905000001;1;647;647;151;105;168;99;15;11;2;0;77;3;7;1;7;1;0;0;0;0;0;9;1;0;1;0;1;1;2;1;0;0;1;1;14;9;11;10;13;13;12;17;17;14;14;10;14;18;12;10;15;19;14;21;5;17;17;9;13;16;12;21;17;10;8;5;12;8;13;13;6;9;2;6;11;7;5;13;5;6;5;6;3;4;4;2;6;8;3;5;4;3;5;5;5;4;2;2;3;4;2;1;1;2;0;1;0;0;1;0;0;0;0;0;0;0;0;0;1;1;1;0;0;1;0;0;0;0;0;0;0;0;0;0
280360905000002;1;1095;1093;278;182;267;153;22;28;12;5;97;4;17;0;24;2;2;2;0;0;0;23;2;1;1;5;1;0;3;2;2;4;1;1;23;18;23;15;14;11;5;11;19;16;18;18;23;19;16;22;15;17;23;31;31;24;23;27;18;27;27;26;34;20;15;24;15;15;21;9;19;10;16;21;12;6;17;15;16;19;11;7;14;22;12;10;10;12;14;14;4;6;8;8;5;6;7;3;5;2;4;0;5;0;2;0;4;0;3;2;1;0;2;0;0;0;1;0;2;1;0;0;0;0;0;0;1;0;0;0;0;0;0;0
280360905000003;2;698;698;185;116;136;129;23;17;8;1;52;3;10;1;12;3;2;0;0;0;0;10;0;3;1;0;1;0;2;2;0;0;0;1;12;14;12;14;18;8;11;12;10;15;11;13;19;21;19;16;13;14;15;19;13;20;14;15;17;17;17;17;16;19;7;11;13;12;7;10;15;8;6;9;5;6;2;6;8;4;6;7;4;10;9;6;3;2;4;10;3;6;1;1;4;3;2;2;3;2;1;4;3;1;2;1;2;0;1;1;1;0;1;0;0;0;0;0;0;0;0;1;0;1;0;0;0;0;0;0;0;0;0;0
280360905000004;1;973;973;264;153;217;165;17;11;7;3;96;2;17;1;16;4;0;0;0;0;0;15;2;1;0;0;0;4;0;2;1;1;0;4;11;13;9;21;16;12;19;19;20;17;20;18;17;24;21;27;13;25;21;22;17;17;18;14;14;20;21;29;15;19;23;13;14;14;18;23;13;10;18;13;17;11;10;14;12;6;10;6;7;8;7;5;6;7;9;11;7;7;6;9;7;6;4;6;4;2;5;4;2;5;2;2;2;4;0;2;3;1;2;1;2;1;3;0;1;0;1;1;0;0;0;0;0;1;1;0;0;0;0;0
280360905000005;1;628;627;177;95;138;84;4;15;12;2;61;7;18;0;13;1;0;0;0;0;1;5;0;0;0;3;0;0;0;0;1;0;0;1;5;8;10;2;11;8;8;8;8;8;12;9;12;10;14;6;8;9;6;13;14;10;10;11;16;14;12;9;11;18;11;8;12;6;9;10;6;4;9;9;9;10;11;14;10;10;7;9;9;8;7;9;8;3;8;7;10;5;5;3;4;7;4;5;1;3;1;2;5;0;3;6;2;2;3;1;2;4;3;1;3;2;4;2;2;0;0;1;2;0;0;0;1;1;0;0;0;0;0;0
280360905000006;1;858;858;225;97;143;171;6;19;12;4;86;0;28;0;34;0;30;3;0;0;0;17;1;1;1;2;1;1;2;2;2;0;2;2;8;10;14;14;12;12;11;17;17;21;28;23;15;22;16;14;14;7;18;22;15;23;20;21;26;11;15;25;16;27;12;17;12;22;16;13;17;9;8;20;5;7;6;5;10;5;1;7;5;10;9;7;7;11;5;8;2;3;10;9;4;3;2;2;8;1;2;7;1;2;2;0;2;2;2;2;0;1;0;1;1;1;0;0;2;0;1;0;0;0;0;0;0;0;0;0;0;0;0;0
280360905000007;1;300;300;82;51;66;48;10;6;0;0;21;4;0;0;11;0;1;0;0;0;0;6;1;0;0;1;2;0;1;0;0;0;0;1;1;2;8;5;9;5;5;4;8;6;5;5;8;11;12;6;5;5;5;7;6;4;5;2;4;4;8;3;5;6;10;10;6;8;8;10;3;7;5;4;2;3;0;2;4;1;1;2;1;3;2;1;2;4;0;1;2;2;2;1;1;2;1;1;2;1;1;2;1;0;0;0;1;1;1;0;1;1;0;0;0;0;1;0;0;0;0;0;0;0;0;0;0;0;0;0;0;0;0;0
280360905000008;1;672;672;174;89;147;164;0;10;7;1;55;4;6;1;11;0;3;0;0;0;0;15;0;1;1;2;1;0;1;1;3;0;5;0;12;6;14;14;13;12;16;15;12;16;10;9;13;14;15;24;15;13;11;10;12;13;13;11;14;12;14;14;8;12;15;9;5;6;8;11;12;12;7;8;15;10;3;10;2;8;4;5;11;6;7;8;4;0;5;4;0;6;1;5;1;4;1;3;3;9;5;4;3;3;2;2;5;3;1;0;2;0;1;1;0;2;0;0;2;0;0;0;1;0;1;1;0;2;1;0;0;0;0;0
280360905000009;1;520;520;145;63;76;113;4;17;7;4;60;1;21;1;8;0;0;0;0;0;0;7;0;1;1;2;0;0;1;1;0;0;1;0;3;7;10;12;8;4;12;6;4;11;7;6;12;7;9;7;5;6;10;7;8;15;11;7;15;9;7;8;5;8;13;4;10;7;7;7;9;5;9;6;13;5;8;6;5;9;5;4;9;7;5;3;10;5;3;4;4;4;4;7;8;2;5;4;4;6;1;4;2;1;2;0;2;4;2;2;3;0;1;4;0;4;1;1;0;0;2;0;2;0;1;0;0;0;1;0;0;0;0;1
280360905000010;8;173;173;41;33;61;15;4;4;0;0;10;0;4;0;0;1;0;0;0;0;0;2;0;1;0;0;1;0;0;0;0;0;0;0;3;3;8;0;2;3;3;3;6;6;5;1;4;6;3;3;6;1;6;4;3;2;2;2;5;3;3;3;3;2;3;4;3;3;3;2;1;2;3;1;1;1;3;3;3;0;3;1;2;2;1;3;1;0;1;1;2;0;2;0;2;0;0;1;1;1;2;2;0;0;0;1;0;0;1;0;0;0;0;1;0;0;0;0;0;0;0;0;0;0;0;0;0;0;0;0;0;0;0;0
280360905000011;5;1161;1161;313;205;356;157;10;8;10;4;59;0;18;0;17;1;3;0;0;0;0;24;2;0;1;1;5;0;3;5;4;1;1;1;23;30;22;40;27;25;26;15;28;29;18;28;20;30;37;27;28;30;23;22;28;34;29;17;10;20;21;15;15;26;18;14;15;19;15;17;8;11;15;19;9;12;17;12;8;7;13;8;3;6;2;8;7;14;9;9;7;6;4;6;6;10;13;8;1;0;2;4;2;2;1;3;2;1;7;1;3;1;1;0;0;0;2;1;0;2;0;2;0;1;0;0;0;0;0;0;0;0;0;0
280360905000012;8;434;434;108;78;135;45;8;10;2;0;35;1;5;0;2;5;0;0;0;0;0;5;0;0;0;0;1;0;0;0;1;0;2;1;6;9;7;9;9;1;9;5;4;9;5;5;5;9;7;4;13;9;10;7;11;7;10;7;17;14;9;5;14;8;9;5;5;8;7;5;4;5;3;3;9;5;2;2;3;4;8;7;5;7;3;4;1;9;7;4;3;2;5;0;8;2;4;2;7;2;1;1;3;1;0;0;2;4;2;0;0;0;0;0;0;0;0;0;0;0;0;0;0;0;0;1;0;1;0;0;0;0;0;0
280360905000013;1;322;322;89;55;67;71;3;1;4;0;20;0;2;0;10;0;0;0;0;0;0;4;0;0;1;0;0;0;0;0;1;1;0;1;6;8;9;3;5;6;5;7;5;8;12;4;13;7;5;6;5;4;2;5;6;8;4;7;6;10;8;3;3;4;4;7;6;7;4;4;7;4;2;6;6;2;2;2;4;4;5;8;4;2;3;2;2;1;2;2;1;1;2;2;0;2;2;1;1;2;2;4;0;2;2;2;2;1;2;0;0;0;0;0;0;0;0;0;0;0;0;0;0;1;0;0;0;0;0;0;0;0;0;0
280360905000014;1;894;894;234;170;269;128;9;9;5;4;42;2;3;1;9;0;9;0;0;0;0;13;0;2;0;0;2;0;2;0;2;3;0;2;21;14;17;21;14;17;19;18;17;18;21;14;20;19;26;24;18;19;20;23;22;19;12;18;15;11;14;15;22;20;9;14;19;11;14;8;8;13;20;15;15;15;5;18;17;10;13;8;9;10;5;3;6;4;8;4;3;7;2;4;2;2;1;0;3;4;1;0;1;3;4;0;0;3;3;2;2;0;1;0;0;1;0;0;0;0;0;0;1;0;0;1;0;0;0;0;0;0;1;0
280360905000015;1;1227;1227;346;237;330;146;64;11;3;3;62;1;3;0;17;0;4;0;0;0;0;12;2;0;1;3;0;0;1;1;0;0;1;3;31;36;19;26;28;24;18;17;34;32;26;25;21;24;24;24;25;25;17;20;30;27;24;32;21;27;25;24;24;27;16;24;14;22;27;17;13;18;18;15;12;8;17;16;15;11;7;11;15;11;9;9;9;12;8;7;8;4;6;8;6;5;6;2;5;6;6;1;4;6;4;3;1;0;1;1;0;1;1;0;0;1;2;2;2;3;1;0;0;0;1;0;0;0;0;0;0;0;0;0
280360905000016;8;694;693;183;129;211;58;20;17;8;2;37;0;7;1;8;0;12;0;1;0;0;16;1;2;2;0;1;2;1;2;1;1;2;1;8;8;19;8;17;14;16;11;18;13;19;16;18;18;10;17;17;10;12;15;8;17;17;9;10;12;20;12;15;18;12;15;10;12;7;11;9;8;7;8;4;8;8;5;9;13;3;7;10;4;8;5;2;5;0;7;2;3;7;3;1;3;2;4;0;2;0;4;2;1;2;2;1;1;1;1;1;4;4;0;1;1;2;0;1;1;1;0;0;0;0;0;0;0;0;0;0;0;0;1
280360905000017;8;1358;1358;347;253;385;164;9;46;3;1;106;3;13;1;24;0;3;0;0;0;0;15;2;1;1;2;2;1;1;1;1;1;0;2;19;20;28;23;29;30;22;21;21;22;22;24;22;31;42;33;43;23;32;33;35;22;31;31;33;20;24;28;23;30;16;26;20;22;18;10;22;17;37;25;11;15;19;11;18;14;15;9;14;13;10;9;15;13;7;5;5;6;12;12;5;4;5;8;5;5;2;4;2;3;2;6;1;6;0;4;2;1;1;0;1;1;2;3;0;0;1;0;2;0;1;2;1;0;0;0;0;0;0;0
280360905000018;8;742;742;188;148;232;46;3;36;2;1;71;3;4;0;8;0;0;0;0;0;0;11;1;1;0;0;1;3;0;2;0;2;1;0;13;19;9;15;11;17;11;13;6;11;14;12;14;13;15;15;11;10;15;22;15;11;18;12;28;18;4;16;20;21;14;11;16;6;17;14;9;12;5;8;11;13;4;8;7;6;6;9;8;7;5;5;4;5;5;7;6;4;7;4;5;6;5;10;2;5;0;2;2;1;3;1;0;2;0;1;1;0;2;2;0;2;1;2;0;1;1;0;1;0;0;0;0;0;1;0;0;0;0;0
280360905000019;8;104;104;25;19;45;2;0;0;0;1;4;0;2;0;5;0;1;0;0;0;0;1;0;0;1;0;0;0;0;0;0;0;0;0;4;1;1;4;3;2;2;4;3;2;3;2;1;1;0;0;0;3;1;4;3;3;2;4;2;1;2;3;1;1;2;1;3;2;3;4;1;0;0;0;0;2;0;1;0;2;0;1;2;0;1;2;0;0;2;1;1;1;0;2;1;0;0;1;1;2;0;1;0;0;0;0;0;0;0;0;0;0;0;0;0;0;0;0;0;0;0;0;0;0;0;0;0;0;0;0;0;0;0;0
280360905000020;8;147;147;45;31;30;17;13;1;0;0;4;0;2;0;2;1;1;0;0;0;0;4;1;0;1;0;0;0;0;1;0;0;0;1;4;4;2;6;4;1;3;3;2;2;1;4;3;3;1;3;1;5;4;4;4;2;2;0;6;2;4;2;3;3;2;3;7;1;1;1;3;1;4;4;3;4;1;1;1;0;3;2;0;2;0;1;0;1;3;0;0;0;0;1;2;1;1;0;0;0;0;1;0;0;0;0;0;0;0;0;0;0;0;0;0;0;0;0;0;0;0;0;0;0;0;0;0;0;0;0;0;0;0;0
280360905000021;1;973;973;229;172;280;147;33;14;2;3;74;3;8;0;5;0;3;0;0;0;0;18;1;5;1;1;2;1;0;0;1;0;4;2;23;21;24;24;17;25;26;17;23;25;14;26;13;32;24;24;22;22;18;17;15;24;26;20;18;16;20;23;23;32;16;12;14;12;15;14;16;17;7;15;8;13;11;4;13;8;5;7;10;7;4;3;5;5;7;6;1;8;2;3;6;3;0;1;1;3;3;4;2;1;0;1;1;0;2;0;1;1;1;1;0;0;1;0;0;0;0;0;0;0;0;0;0;0;0;0;0;0;0;0
280360905000022;6;174;174;45;38;72;5;2;1;3;0;4;0;1;0;3;0;0;0;0;0;0;2;0;0;0;1;0;0;0;0;0;0;1;0;1;3;5;4;2;4;3;1;6;2;2;1;5;11;6;3;5;5;2;3;5;5;1;5;3;5;2;1;4;4;3;4;5;2;3;3;3;0;1;1;3;7;0;3;2;3;1;2;1;3;0;3;2;2;0;0;0;2;0;1;0;0;1;0;2;0;0;0;0;0;0;0;0;0;0;0;0;0;0;0;0;0;0;0;0;0;0;0;0;0;0;0;0;0;0;0;0;0;0;0
280360905000023;8;201;201;47;37;77;15;7;5;1;0;7;0;0;0;2;2;1;0;0;0;0;9;0;1;1;1;1;1;0;0;1;3;0;0;2;4;3;0;4;4;7;3;7;7;4;4;8;7;7;9;10;5;6;1;4;4;4;3;3;2;2;2;0;3;2;7;0;2;5;1;6;2;3;3;5;4;3;0;2;5;4;2;0;1;1;0;0;0;1;0;0;1;0;0;0;0;0;0;1;0;0;1;0;0;0;1;0;0;0;0;0;0;0;0;0;0;0;0;0;0;0;0;0;0;0;0;0;0;0;0;0;0;0;0
280360905000024;8;311;311;76;63;104;22;7;7;2;0;26;0;1;0;2;0;1;0;0;0;0;7;0;0;2;1;0;0;0;0;2;1;0;1;6;6;7;7;8;12;12;10;5;4;4;8;10;6;11;7;9;5;9;3;7;8;6;5;0;6;6;8;6;6;2;1;6;3;6;4;1;8;1;4;6;5;2;4;5;2;4;2;3;2;1;1;4;2;1;1;2;1;0;0;3;0;1;0;1;0;1;1;0;1;0;0;0;0;1;0;0;1;0;0;1;0;0;1;0;0;0;1;0;0;0;0;0;0;0;0;0;0;0;0
280360905000025;8;146;146;42;28;47;16;1;2;1;0;4;0;3;0;2;0;0;0;0;0;0;2;0;0;0;0;0;1;0;0;0;0;1;0;6;4;4;6;4;1;6;3;3;3;8;1;2;0;3;4;3;2;4;1;2;3;5;3;1;0;1;3;5;2;2;5;2;1;3;2;2;1;1;5;0;2;1;0;1;2;1;5;0;0;1;0;0;2;0;0;1;0;0;2;0;0;0;2;1;0;1;0;2;2;0;0;0;0;0;0;0;1;0;0;0;0;0;0;0;0;0;0;0;0;0;0;0;0;0;0;0;0;0;0
280360905000026;1;743;743;159;97;189;89;11;38;6;1;40;0;41;2;55;2;11;2;0;0;0;8;1;0;1;0;0;1;1;1;2;0;1;0;15;15;8;8;10;10;6;12;27;26;21;18;10;9;16;13;12;12;10;28;26;16;15;26;20;16;18;14;15;21;11;16;11;16;15;9;10;9;17;17;13;13;2;7;11;7;5;3;7;7;0;3;3;1;8;1;2;2;1;6;2;2;0;1;6;1;2;0;4;1;0;1;0;1;1;0;0;2;1;0;3;0;0;0;0;0;0;0;1;0;0;0;0;0;0;0;0;0;0;0
280360905000027;1;524;524;126;86;158;80;6;11;2;2;43;0;2;0;8;0;0;0;0;0;0;6;1;0;0;1;1;0;0;0;0;2;1;0;7;12;12;13;9;14;8;6;14;16;13;5;10;10;16;11;11;10;9;15;19;12;7;7;13;12;13;7;13;4;7;6;6;9;7;5;4;10;10;7;7;4;8;6;7;5;4;5;7;4;5;1;6;3;1;5;4;1;3;2;1;4;1;3;3;6;0;2;3;0;1;2;1;1;0;0;0;0;0;0;0;0;0;0;0;0;0;0;0;0;0;0;0;0;0;1;0;0;1;1
280360905000028;1;643;643;163;94;135;102;16;15;8;2;58;2;22;0;21;4;1;0;0;0;0;9;2;0;1;1;1;1;0;0;0;0;0;3;10;8;8;12;13;9;9;8;15;9;19;11;10;13;11;16;17;9;13;17;12;10;14;7;19;8;10;17;14;15;10;11;13;12;12;9;8;8;5;9;13;9;6;4;6;11;11;7;5;5;3;6;6;4;2;5;4;3;4;5;3;4;4;2;6;6;4;2;0;1;2;2;3;1;0;0;0;0;3;1;2;1;3;1;1;1;0;0;0;0;1;0;0;0;0;1;0;0;0;0
280360905000029;1;1251;1251;325;192;268;241;4;24;33;3;87;2;37;4;28;0;3;0;0;0;0;22;2;1;1;1;3;1;3;2;3;1;2;2;26;27;23;15;24;26;25;24;25;37;23;21;28;27;28;34;21;28;27;25;20;28;28;23;38;28;29;18;21;19;29;26;12;15;13;16;11;7;16;23;9;14;11;15;16;18;18;15;6;15;13;7;8;10;3;10;8;6;4;12;6;1;8;4;3;6;6;0;4;6;2;1;5;4;2;3;1;2;1;1;2;1;2;3;1;0;1;0;0;0;0;0;0;1;0;0;0;0;0;0
280360905000030;1;1173;1173;326;211;282;170;41;15;11;0;72;0;18;1;20;5;1;0;0;0;0;23;1;1;2;2;1;0;4;1;1;4;1;5;15;28;22;22;21;22;24;23;28;26;22;25;25;30;32;38;15;23;21;24;22;20;21;24;21;23;24;27;19;20;23;14;19;15;23;15;15;13;6;22;15;15;22;15;18;18;10;11;16;8;4;13;9;8;7;0;8;2;3;3;4;5;4;8;5;0;3;3;5;2;5;3;2;3;0;0;6;1;1;2;0;1;1;1;2;2;2;1;0;1;0;0;0;0;0;0;0;0;0;0
280360905000031;1;384;384;103;65;103;49;19;3;0;0;32;5;1;0;3;0;1;0;0;0;0;5;1;0;1;0;0;0;0;0;1;1;0;1;7;5;10;7;16;5;14;10;11;6;14;6;7;4;12;9;13;6;5;9;9;8;2;14;11;8;6;10;6;3;4;11;1;3;7;2;3;6;7;6;6;3;2;7;3;2;2;2;4;1;3;2;1;2;3;3;5;2;1;0;1;1;2;3;1;2;0;0;2;1;0;1;1;3;0;0;0;1;1;1;0;0;0;0;1;0;0;0;0;0;0;0;0;0;0;0;0;0;0;0
280360905000032;1;687;687;199;132;185;78;4;16;6;1;39;0;13;0;11;0;3;0;0;0;0;10;0;1;1;1;2;2;0;1;2;0;0;0;5;11;16;12;16;9;18;9;13;12;20;15;12;11;13;15;9;16;11;10;12;15;13;13;11;12;13;13;22;14;11;27;15;8;11;4;9;9;11;11;9;7;8;6;2;4;7;10;9;6;4;4;6;8;3;6;6;5;3;6;1;1;1;2;4;4;4;3;2;0;2;2;4;3;5;1;0;3;3;2;1;0;0;2;0;0;0;0;0;0;1;0;0;0;0;0;0;0;0;0
280360905000033;1;413;413;98;69;119;83;1;6;2;1;17;0;7;0;4;0;6;0;0;0;0;9;1;2;0;2;0;0;1;1;1;0;0;1;10;11;13;7;15;8;11;9;9;9;19;7;8;8;15;11;8;6;16;4;5;5;8;9;5;8;13;7;5;6;2;4;4;6;8;8;3;2;5;6;8;6;3;3;4;4;10;3;1;4;1;0;4;3;1;1;1;1;3;2;3;0;1;2;1;0;0;1;0;2;1;0;1;0;0;2;0;1;1;0;1;0;1;0;0;0;0;0;0;0;0;0;0;0;0;0;0;0;0;0
280360905000034;1;747;747;188;147;192;105;27;6;1;4;33;2;11;0;22;2;7;0;0;0;0;17;1;1;2;0;3;1;0;1;1;3;3;1;16;9;18;13;10;12;8;11;14;22;24;17;17;15;14;24;21;21;29;20;19;15;15;18;15;15;9;15;15;13;14;11;9;8;10;7;8;8;8;17;11;5;9;5;11;5;4;7;11;8;4;5;1;6;2;1;6;0;1;2;6;4;2;2;6;1;1;0;2;1;2;5;1;0;0;0;2;2;1;2;0;1;0;0;0;0;0;0;0;0;0;1;0;0;0;0;0;0;0;0
280360905000035;1;1261;1259;320;209;317;209;46;18;12;3;76;3;15;0;27;5;1;0;0;0;0;24;1;1;2;3;2;2;1;4;4;2;1;1;21;33;22;29;22;39;29;26;36;30;27;28;41;28;30;31;27;20;21;23;22;25;23;22;22;23;23;15;25;26;22;22;21;15;21;19;19;30;28;21;17;21;10;12;12;14;10;7;11;16;7;10;7;3;0;6;7;4;2;4;5;1;4;2;2;2;3;4;1;3;1;2;2;1;4;1;2;2;1;1;0;2;0;1;1;0;0;0;0;1;0;1;0;0;0;0;0;0;0;0
280360905000036;1;1410;1409;362;256;440;209;0;15;11;1;79;1;11;1;22;1;0;0;0;0;1;20;1;3;1;2;1;2;0;1;3;1;3;2;23;31;26;30;33;25;26;24;31;39;34;27;20;31;31;43;15;38;38;26;28;23;31;29;41;25;35;42;34;34;30;30;15;17;18;12;15;21;18;25;20;18;19;12;11;15;17;17;8;13;7;11;7;5;9;6;5;5;2;10;5;4;1;5;4;6;2;2;3;4;3;6;1;1;2;1;1;3;1;1;0;0;0;1;1;0;0;0;0;0;0;0;0;1;0;0;0;0;0;0
280360905000037;1;524;516;117;87;173;53;8;8;3;4;40;0;17;2;11;0;1;0;0;0;0;7;0;2;1;0;1;1;1;0;1;0;0;0;7;11;9;6;14;5;9;6;12;13;9;7;15;12;11;9;17;12;15;12;13;10;11;15;8;14;10;12;11;18;7;7;12;7;10;3;3;9;10;7;6;2;5;7;5;5;5;4;4;7;2;3;5;5;2;4;5;3;5;3;2;0;1;5;1;1;1;3;0;1;1;0;0;2;1;0;0;0;1;0;0;0;1;0;0;0;0;0;0;0;0;0;0;0;0;0;0;0;0;1
280360905000038;1;675;675;129;96;187;85;20;34;9;2;18;0;39;2;44;1;6;3;0;0;0;16;0;1;1;0;0;2;4;1;0;2;2;3;12;16;13;13;8;2;6;10;7;15;15;10;10;8;10;10;8;7;22;22;22;22;19;21;20;6;19;14;16;20;12;8;8;11;10;10;13;11;15;10;13;15;8;7;9;3;2;6;6;11;5;3;1;5;7;1;2;3;6;5;3;2;2;1;4;1;1;3;3;1;2;1;2;0;0;1;0;1;0;2;0;0;0;0;0;0;0;0;0;0;0;0;0;0;0;0;0;0;0;0
280360905000040;1;1015;1015;262;194;302;138;29;17;2;1;46;0;9;0;15;0;0;0;0;0;0;19;3;1;3;0;4;0;3;1;1;2;1;0;31;12;23;20;19;23;21;26;31;24;28;25;30;25;17;23;21;12;27;16;14;20;17;20;20;14;25;24;26;18;16;17;22;23;14;18;19;12;15;11;15;8;13;12;8;7;5;10;6;0;9;4;7;10;4;4;3;4;4;4;1;3;1;3;2;4;2;3;2;2;1;3;1;2;0;1;0;1;2;0;1;0;0;0;0;1;0;0;1;1;0;1;0;0;0;0;0;0;0;1
280370805000001;1;579;579;195;121;151;70;6;4;5;0;20;1;3;0;2;0;1;0;0;0;0;10;0;1;2;1;1;0;0;2;1;0;1;1;5;9;15;15;13;5;14;6;9;13;9;12;8;7;14;6;11;13;6;6;10;15;7;14;11;8;11;8;11;12;8;5;10;7;7;9;7;3;8;9;9;13;8;7;8;3;10;5;8;1;7;6;3;6;7;4;4;4;2;2;4;4;4;4;3;4;2;1;1;3;3;0;3;4;7;3;3;0;5;3;1;0;2;2;0;1;0;2;2;1;0;0;2;0;0;0;1;0;1;0
280370805000002;1;803;803;258;139;175;101;6;8;42;3;23;1;21;4;13;3;5;0;1;0;0;7;0;0;0;1;2;0;1;1;1;1;0;0;10;9;9;13;13;11;11;18;11;16;14;15;19;18;6;15;15;10;15;11;13;17;8;15;7;14;11;10;9;10;7;12;11;10;12;13;10;10;14;16;14;14;18;18;7;11;6;10;9;11;7;7;10;9;3;6;4;7;10;6;7;6;5;7;2;6;8;4;7;5;3;5;2;5;2;2;3;7;2;4;6;0;4;2;2;2;2;3;2;1;0;1;1;2;1;0;0;0;0;0
280370805000003;1;860;858;297;181;213;87;16;8;4;2;23;0;5;0;17;6;0;0;1;0;0;11;0;0;1;2;1;0;1;1;2;0;1;2;10;15;12;14;12;12;14;12;19;13;20;14;15;18;12;15;8;8;15;14;12;7;16;22;14;23;19;16;12;18;14;12;19;4;12;13;12;11;11;14;10;12;11;7;9;14;11;11;8;9;10;8;8;4;2;6;8;6;4;11;7;7;6;4;5;8;6;4;6;4;1;3;4;6;7;3;5;7;5;4;3;2;8;2;2;2;2;1;0;0;0;1;0;0;0;1;1;0;0;0
280370805000004;8;378;378;101;72;130;33;2;2;8;0;11;0;17;0;2;0;0;0;0;0;0;7;0;0;1;1;1;0;0;0;2;1;0;1;6;7;11;9;8;4;10;7;10;7;11;10;9;9;11;9;8;9;4;9;11;10;7;6;4;6;8;8;8;4;4;1;8;6;3;6;4;2;5;6;4;5;4;5;5;2;2;3;3;1;1;3;8;1;8;3;2;1;5;1;3;3;1;1;3;1;0;0;0;1;1;0;0;0;0;0;0;0;1;0;0;1;1;2;0;0;0;0;0;0;0;0;0;0;0;0;0;0;0;0
280370805000005;8;392;392;116;84;102;31;1;3;17;2;9;0;25;1;1;0;0;0;0;0;0;10;1;0;1;1;0;0;1;1;1;0;2;2;2;4;5;4;3;7;8;8;7;7;11;4;11;11;6;14;12;7;8;7;5;8;3;6;9;6;6;4;11;6;5;3;5;4;7;6;7;4;2;5;5;5;2;4;2;6;6;2;5;6;1;2;2;4;3;2;8;3;5;2;6;4;3;2;6;3;1;0;2;0;1;4;2;2;5;2;0;3;0;0;0;1;1;0;0;1;0;0;0;0;0;0;0;0;0;0;0;0;0;0
280370805000006;8;30;30;9;8;10;1;0;0;1;0;1;0;0;0;0;0;0;0;0;0;0;0;0;0;0;0;0;0;0;0;0;0;0;0;0;2;0;1;0;0;1;0;0;0;0;0;1;1;0;0;1;1;0;0;0;0;0;1;0;2;1;0;0;0;0;3;1;0;1;0;0;0;0;1;0;1;1;0;1;0;0;0;0;0;0;0;0;0;0;0;0;0;1;2;0;0;2;0;2;0;0;0;0;0;0;0;0;0;0;0;0;0;0;1;0;1;0;0;0;0;0;0;0;0;0;0;0;0;0;0;0;0;0;0
280370805000007;8;327;327;100;69;103;30;7;2;1;1;10;0;1;0;2;1;0;0;0;0;0;3;0;0;0;0;0;0;1;0;1;0;0;1;5;4;6;7;7;5;8;5;2;10;10;7;6;2;9;2;7;8;6;2;8;7;5;5;3;9;4;1;9;8;3;2;2;5;6;10;10;4;6;5;5;4;3;5;3;8;2;5;3;3;0;1;2;0;1;3;1;2;2;2;5;2;2;3;2;4;2;0;1;0;2;0;2;1;0;2;2;2;2;0;0;2;2;0;0;0;0;0;0;1;0;0;0;0;0;0;0;0;0;0
280370805000008;8;544;544;153;106;191;35;8;6;2;1;26;0;2;0;7;7;0;0;0;0;0;8;1;0;1;1;0;1;1;0;1;1;0;1;9;5;13;9;10;17;9;2;17;12;10;11;8;9;7;15;13;17;11;11;11;15;11;11;10;7;6;10;8;6;4;7;5;7;9;5;12;7;8;7;3;9;11;3;7;6;1;3;4;6;3;6;6;5;5;7;4;1;2;4;7;5;2;3;2;6;5;0;1;1;0;2;3;1;3;2;2;0;1;0;1;1;3;0;0;1;2;1;0;0;2;0;0;0;0;0;0;0;1;1
280370805000009;8;694;694;180;128;209;90;21;10;7;0;30;1;8;1;8;1;0;0;0;0;0;9;0;0;0;2;0;1;0;2;1;1;1;1;16;15;17;14;9;12;16;8;16;15;21;15;16;15;16;19;14;17;19;20;15;15;8;12;15;7;8;12;7;10;7;16;9;8;8;12;10;11;11;8;10;8;8;6;10;6;6;4;6;4;7;3;1;4;6;8;7;3;6;2;5;2;1;4;5;1;2;2;1;3;2;1;4;1;1;2;2;2;2;2;0;1;1;2;0;0;1;1;0;0;0;0;0;0;0;0;0;0;0;0
280370805000010;8;343;343;105;73;99;27;14;2;4;1;17;0;1;0;0;0;0;0;0;0;0;4;0;0;0;0;0;0;1;0;0;0;2;1;1;2;8;9;4;9;6;5;4;5;7;7;8;8;9;6;5;9;7;3;8;4;4;7;4;5;8;8;7;3;5;10;4;5;6;11;7;7;3;7;4;2;3;3;0;3;2;1;4;2;3;4;5;3;3;4;2;7;3;2;2;3;2;1;3;1;2;3;0;2;0;2;0;3;1;0;0;2;1;1;0;0;1;0;0;0;0;1;0;1;0;0;1;0;1;0;0;0;0;0
280370805000011;8;113;113;35;26;28;8;1;2;0;0;6;0;2;0;2;0;1;0;1;1;0;1;0;0;0;0;0;0;0;0;0;0;0;1;1;0;3;2;4;1;2;1;0;3;5;1;1;2;6;2;2;1;5;2;2;2;3;1;1;4;1;1;0;0;4;3;1;0;4;2;2;1;0;0;4;3;2;0;1;0;1;2;0;0;1;1;0;1;1;1;2;0;4;0;0;0;2;0;0;1;2;1;0;0;0;2;1;0;1;0;0;0;0;0;0;0;0;0;0;0;1;0;0;0;1;0;0;0;0;0;0;0;0;0
280370805000012;1;127;127;40;22;31;20;1;0;2;0;6;0;3;1;1;0;0;0;0;0;0;2;0;0;2;0;0;0;0;0;0;0;0;0;0;1;2;2;0;2;3;0;2;2;1;2;3;1;1;6;1;3;1;4;2;0;3;4;2;4;2;0;1;0;4;0;1;0;1;0;0;2;4;1;4;2;2;0;2;2;4;2;1;2;1;1;5;1;2;3;1;0;0;2;1;1;2;3;0;0;1;0;1;0;3;1;0;1;3;1;0;1;0;0;0;0;1;0;0;0;0;0;0;0;0;0;0;0;0;0;0;0;0;0
280370805000013;8;131;131;35;26;49;3;8;1;0;0;7;0;0;0;2;0;0;0;0;0;0;2;0;1;0;0;0;0;1;0;0;0;0;0;3;1;3;3;1;3;1;4;1;1;4;5;2;1;7;5;4;4;3;2;3;3;4;1;4;2;0;3;1;1;2;2;0;1;2;0;1;0;2;3;0;0;0;1;2;2;1;2;2;1;3;4;1;2;5;0;2;1;1;0;1;1;0;2;0;1;0;0;0;0;0;0;0;0;0;0;0;0;1;0;0;0;0;0;0;0;0;0;0;0;0;0;0;0;0;0;0;0;0;0
280370805000014;1;694;694;209;152;192;64;28;8;0;0;33;1;0;0;6;0;0;0;1;0;0;7;0;0;2;0;0;1;0;0;2;1;1;0;8;11;12;15;12;15;12;14;12;11;12;16;14;12;13;16;13;16;13;10;10;11;7;11;13;12;10;4;12;14;15;10;6;9;14;15;11;9;8;13;13;13;3;8;10;12;11;4;4;12;6;2;8;6;5;5;8;6;9;8;5;6;2;5;3;6;5;2;2;3;2;2;3;0;0;1;1;2;0;3;2;3;1;0;2;0;0;0;0;0;0;0;0;1;0;0;0;0;0;1
280370805000015;5;102;102;33;15;25;23;1;2;0;0;3;0;0;0;0;0;0;0;0;0;0;0;0;0;0;0;0;0;0;0;0;0;0;0;2;0;2;3;1;1;0;3;2;1;4;5;3;1;1;2;2;0;0;0;1;0;3;1;2;1;2;1;3;3;3;2;0;3;3;3;0;3;1;2;1;0;1;1;0;0;1;1;1;0;0;0;1;3;0;2;1;1;0;0;1;1;1;4;0;0;2;0;0;2;0;0;0;0;1;0;0;0;1;0;0;1;0;1;0;0;2;0;0;1;0;0;0;0;0;0;0;0;0;0
280370805000016;5;284;284;78;52;100;30;2;3;0;0;15;0;2;0;2;0;0;0;0;0;0;5;0;1;0;1;1;0;0;1;1;0;0;0;3;6;2;5;6;2;7;3;4;6;5;10;6;5;5;11;3;7;6;9;5;4;4;7;6;2;6;3;6;4;8;3;1;5;2;5;3;1;2;3;3;2;3;5;3;4;1;4;5;2;5;5;1;3;3;0;4;3;2;0;4;3;2;0;2;0;1;0;1;3;0;3;4;2;0;0;0;1;0;1;0;1;0;0;0;0;0;0;0;0;0;0;1;0;0;1;0;0;0;0
280380705000001;1;717;716;195;132;190;79;24;11;7;2;47;0;13;0;16;0;0;1;0;0;0;18;2;2;2;3;0;1;0;2;2;0;1;3;12;19;9;11;16;15;17;11;13;24;16;13;14;20;17;12;10;17;15;12;9;15;18;11;11;9;11;9;12;12;8;11;10;11;10;8;7;12;9;17;10;15;7;8;7;8;5;4;4;6;6;9;2;2;4;5;7;3;6;3;4;4;5;3;1;4;2;2;5;6;4;0;1;2;4;2;4;3;2;4;0;0;0;1;0;0;1;0;1;0;0;0;0;0;0;0;0;0;0;0
280380705000002;1;883;883;264;174;223;123;7;8;6;1;44;0;16;0;13;0;4;0;0;0;0;19;0;1;2;2;3;1;2;1;0;4;1;2;21;22;20;15;16;14;14;13;13;14;18;16;10;13;19;19;19;11;10;12;24;18;18;22;17;13;19;19;12;16;14;18;14;4;16;12;20;8;10;11;11;10;15;19;8;8;16;12;8;4;6;5;6;4;4;6;5;8;3;7;2;7;7;4;5;6;4;5;4;8;2;4;3;5;1;3;4;0;4;2;0;1;1;0;1;0;0;1;0;1;0;0;0;0;0;0;0;0;0;0
280380705000003;8;191;186;45;35;59;17;5;3;0;3;21;0;0;0;2;0;1;0;0;0;0;0;0;0;0;0;0;0;0;0;0;0;0;0;2;4;2;4;2;4;6;6;4;3;8;5;3;6;5;6;2;5;1;3;6;0;2;2;2;1;0;3;1;3;4;3;4;4;2;2;4;3;4;4;1;4;2;3;3;1;1;0;2;0;3;0;2;1;1;2;2;0;4;1;0;2;4;0;1;1;0;1;0;1;1;4;1;0;1;2;1;1;0;1;0;0;0;0;0;0;0;0;0;0;0;0;0;0;0;0;0;0;0;1
280380705000004;5;856;856;201;139;217;184;22;13;1;0;52;0;17;0;7;0;3;0;0;0;0;18;4;2;1;2;2;0;1;2;2;0;1;1;18;20;14;24;17;19;12;20;22;24;19;28;28;18;19;25;12;15;12;14;16;21;16;23;15;13;15;19;10;20;12;11;8;9;10;14;11;12;14;12;13;13;9;7;9;5;7;8;8;8;5;6;7;9;8;4;8;3;3;5;1;1;2;0;2;5;2;1;2;2;0;0;1;0;0;2;0;3;2;1;0;0;0;2;2;0;0;1;0;0;0;0;0;0;0;0;0;0;0;0
280380705000005;5;457;453;128;78;128;54;13;4;1;1;24;3;1;0;17;0;2;0;0;0;3;11;0;1;1;1;0;1;0;4;0;1;1;1;10;7;6;11;5;8;11;10;4;6;14;5;10;13;10;13;9;8;7;8;10;9;9;7;7;8;6;9;12;12;7;7;12;5;11;4;4;2;6;6;2;3;7;8;8;2;5;5;4;5;4;3;6;6;2;1;2;3;2;2;2;2;6;2;1;4;2;1;2;2;2;0;0;3;0;0;1;1;3;0;0;0;2;0;0;0;0;0;0;0;1;0;1;0;0;0;0;0;0;0
280380705000006;8;352;351;100;69;140;25;0;3;3;0;2;0;8;1;1;0;0;0;0;0;0;7;0;1;0;0;1;1;1;2;1;0;0;0;5;6;2;6;2;10;3;3;6;10;9;9;9;7;1;5;8;8;6;6;6;4;7;3;6;2;2;5;6;9;2;8;4;8;7;5;9;10;5;8;4;8;4;3;1;5;6;8;2;2;2;3;1;4;1;3;5;1;2;0;2;4;1;5;2;1;2;2;1;1;1;1;1;2;3;1;3;3;1;1;0;0;1;2;0;0;0;0;0;0;0;1;1;0;0;0;0;0;0;0
280390605000001;1;714;714;211;156;224;72;12;5;1;1;18;0;9;0;4;0;1;0;0;0;0;5;0;1;0;0;0;0;2;1;0;1;0;0;10;13;8;13;12;10;16;15;13;19;7;17;22;16;16;20;18;14;12;6;15;13;8;7;8;13;13;16;11;15;12;14;11;16;20;7;12;8;10;10;7;14;12;11;8;9;6;5;4;10;11;5;5;2;4;5;4;2;3;6;3;4;8;3;7;3;2;3;3;5;3;4;1;1;0;0;2;5;1;1;0;0;0;0;0;0;0;1;0;0;0;0;0;0;0;0;0;0;0;0
280390605000002;1;859;859;268;195;251;76;9;14;4;3;29;0;3;0;1;5;1;0;0;0;0;14;2;0;1;1;1;1;1;1;1;1;3;1;13;11;10;8;12;8;8;12;18;8;7;12;24;11;22;20;16;13;16;12;25;12;17;21;15;19;14;16;12;14;12;13;13;12;16;17;7;12;9;7;14;16;18;9;9;14;11;12;15;5;13;14;14;9;7;11;7;6;6;4;1;9;5;6;4;2;3;10;5;4;2;4;1;3;3;3;4;6;3;3;0;1;1;0;1;0;1;1;0;1;0;0;0;0;0;0;0;0;0;0
280390605000003;1;469;469;155;91;92;71;4;9;4;1;38;0;1;0;2;1;0;0;0;0;0;6;0;1;1;0;0;1;1;0;1;1;0;0;4;8;5;5;8;9;4;7;2;6;9;9;6;6;9;9;6;7;0;7;7;12;14;10;6;9;6;8;9;5;8;8;5;6;2;9;8;7;10;9;5;7;9;6;2;8;6;7;5;5;5;6;3;8;6;3;5;1;5;3;3;2;4;4;5;6;3;1;0;5;2;7;2;4;4;4;4;1;0;2;0;0;2;1;0;1;0;2;2;1;0;0;0;0;0;0;1;0;0;1
280390605000004;1;745;745;227;142;185;109;10;9;5;1;40;0;3;0;4;7;3;0;0;0;0;12;1;0;3;1;1;1;0;1;1;0;1;2;11;14;9;17;14;10;13;16;5;11;16;16;23;12;20;18;11;10;8;14;10;24;20;19;14;16;12;9;10;16;6;18;8;7;12;9;5;12;12;13;11;8;13;12;8;10;8;2;10;11;3;7;7;3;5;2;7;8;5;7;9;8;0;4;5;2;2;4;3;3;3;1;4;2;1;0;0;0;3;1;2;2;2;1;0;1;1;1;0;0;0;0;0;0;0;0;0;1;0;0
280390605000005;1;711;711;215;133;173;94;6;13;4;3;59;0;5;0;5;1;0;0;0;0;0;15;2;0;1;1;1;0;3;0;0;5;2;0;9;11;18;11;12;9;12;8;10;21;13;16;9;16;13;14;13;11;14;16;19;10;12;17;13;9;16;12;9;13;13;14;14;9;11;13;4;6;11;15;10;9;6;11;6;12;10;8;5;4;4;5;3;7;9;1;6;4;4;1;3;5;3;8;5;5;6;6;0;5;2;2;3;4;1;3;2;2;1;2;0;3;1;0;0;1;0;0;1;0;0;0;0;0;0;0;1;0;0;0
280390605000006;1;771;771;229;169;219;76;10;8;3;4;32;2;7;0;8;2;2;0;0;0;0;17;2;1;0;2;2;2;1;3;1;1;0;2;16;14;13;9;14;20;10;16;18;15;12;15;20;11;17;7;9;11;14;9;25;11;13;19;15;12;15;14;16;16;10;7;18;14;12;18;10;10;8;15;6;13;10;8;4;7;5;7;6;10;16;6;6;5;8;5;2;4;2;2;4;6;6;4;4;4;3;2;2;3;5;5;4;1;0;4;1;0;2;4;3;0;1;2;0;0;1;1;2;0;0;0;0;0;0;0;0;0;0;0
280390605000007;5;186;186;56;41;62;9;7;1;0;0;4;3;2;0;1;0;0;0;0;0;0;4;0;1;0;0;0;1;0;0;0;1;1;0;2;4;2;2;1;7;2;3;2;2;6;6;1;3;9;3;4;3;7;1;2;2;3;1;5;4;2;4;8;3;4;1;3;2;5;3;2;4;4;5;2;3;2;3;2;1;2;2;1;2;0;2;1;1;2;0;2;1;0;4;1;0;0;1;1;0;2;1;0;1;2;0;0;0;0;0;1;2;0;0;0;0;0;0;0;0;0;0;0;0;0;0;0;0;0;0;0;0;0;0
280390605000008;5;269;269;83;52;86;28;2;2;0;0;14;0;1;0;0;0;1;0;0;0;0;3;0;0;0;2;0;0;0;0;0;0;1;0;3;6;4;6;3;6;6;2;6;5;6;9;9;6;8;6;10;4;7;6;5;3;3;3;2;2;2;1;6;3;5;2;4;5;3;4;3;6;5;7;1;4;7;3;1;2;3;2;2;0;4;3;2;7;2;4;1;7;3;2;1;1;0;0;1;1;0;1;2;0;0;0;2;0;0;0;0;1;1;0;2;0;0;0;0;0;0;0;0;0;1;0;0;0;0;0;0;0;0;0
280390605000009;5;551;551;161;107;162;75;7;4;3;1;23;0;2;2;1;2;1;0;0;0;0;10;0;2;1;0;2;0;1;1;0;1;1;1;5;12;14;12;12;7;8;7;9;14;15;14;12;17;16;7;12;5;15;6;7;14;10;8;5;12;8;14;5;12;9;8;9;7;9;13;4;13;6;12;5;3;3;8;5;5;6;3;1;6;4;7;5;3;2;2;7;3;4;3;3;2;3;2;6;2;3;1;1;2;4;1;1;0;2;1;1;2;2;2;0;3;1;1;0;0;0;2;1;1;0;0;0;1;0;0;0;0;0;1
280390605000010;5;611;611;193;144;189;40;5;10;7;1;15;0;4;0;3;0;0;0;0;0;0;11;0;3;2;1;2;1;0;0;0;0;2;0;6;13;4;13;12;7;11;8;8;9;10;15;10;11;12;25;17;10;11;10;11;7;8;9;12;5;16;12;8;12;6;18;6;10;11;1;15;7;7;11;6;7;9;4;7;6;7;8;8;7;6;1;8;6;6;2;5;6;4;4;3;3;8;4;7;8;4;4;1;6;1;1;0;2;1;0;1;1;1;1;0;2;0;0;0;2;2;2;1;1;0;2;0;0;0;0;0;0;0;0
280390605000011;8;475;474;140;110;151;48;9;3;0;3;11;0;0;0;0;0;0;0;0;0;0;5;0;0;0;0;1;0;0;2;0;0;2;0;5;11;3;10;10;4;8;7;14;10;12;7;11;10;13;15;5;12;3;14;11;6;4;8;13;4;7;6;6;8;3;7;10;6;8;3;8;6;7;13;3;10;5;7;7;7;5;4;8;5;3;2;2;2;3;7;5;3;2;1;1;3;4;2;6;4;3;1;0;1;4;2;3;3;2;1;3;2;1;2;0;2;0;0;1;0;0;0;0;0;0;0;0;0;0;0;0;0;0;0
280390605000012;8;676;674;207;130;189;75;19;11;3;1;24;0;4;1;1;8;3;0;0;0;0;16;1;1;0;0;3;1;3;1;2;2;1;1;9;13;15;5;11;13;13;17;21;13;14;14;12;16;18;12;15;6;9;16;13;15;8;9;16;6;9;12;7;17;5;9;9;10;14;11;11;13;12;11;9;12;6;3;3;4;9;9;13;8;2;3;7;5;6;4;3;6;7;8;6;2;4;6;4;2;7;5;2;1;1;1;0;0;0;1;2;0;0;0;0;1;2;3;1;0;0;0;0;0;0;1;0;0;1;0;0;0;0;1
280390605000013;5;272;272;77;36;83;38;7;3;0;0;25;0;1;0;0;0;2;0;0;0;0;4;0;0;0;0;0;0;1;0;1;0;0;2;4;5;4;2;6;5;8;2;6;8;5;3;5;4;6;7;4;7;4;2;3;6;10;5;9;5;9;7;4;9;2;1;5;1;5;7;5;3;1;3;3;3;2;3;2;1;2;2;3;4;2;5;3;1;2;4;2;1;1;3;1;1;0;4;2;1;1;2;0;2;0;0;1;0;1;0;1;2;0;0;0;0;0;1;0;0;0;1;0;0;0;0;0;1;0;0;0;0;0;0
280390605000014;5;903;903;243;179;276;114;19;14;2;3;38;0;6;1;6;0;1;0;1;0;0;16;0;0;1;2;1;3;1;1;2;1;2;2;14;19;17;21;17;15;16;15;22;20;15;27;18;15;33;27;24;17;19;20;13;11;14;17;19;19;15;21;13;10;9;17;10;8;15;15;11;15;18;9;10;11;10;9;11;12;13;6;8;9;7;8;6;5;7;6;6;5;3;4;3;4;3;2;5;4;1;1;4;2;1;1;1;4;4;1;2;2;0;4;2;1;0;0;4;1;0;0;2;0;0;0;0;0;0;0;1;0;0;1
280390605000015;8;814;814;222;163;294;88;1;12;1;0;28;0;2;0;2;0;1;0;0;0;0;15;4;2;1;0;1;1;0;1;2;1;2;0;13;16;11;19;20;11;8;13;20;19;24;21;23;23;23;28;15;22;19;15;15;16;12;9;13;12;20;13;16;8;9;4;9;10;9;15;8;11;15;6;11;9;7;12;10;9;11;14;6;5;4;15;4;4;3;4;3;6;6;4;2;6;6;2;6;3;3;3;5;3;2;4;1;3;0;1;0;2;1;0;1;0;1;0;1;1;0;0;1;0;0;0;0;0;0;0;0;0;0;1
280390605000016;5;455;455;137;84;118;73;2;2;3;3;24;0;4;0;2;0;3;0;0;0;0;4;0;0;0;0;0;0;0;0;1;1;1;1;6;5;10;6;9;2;5;8;6;20;15;8;13;10;8;9;10;11;12;7;7;5;7;4;6;7;7;4;7;2;4;7;8;9;8;5;8;2;10;10;6;5;6;3;3;3;7;1;3;7;7;4;3;6;5;5;3;3;4;6;2;1;3;1;2;5;2;1;0;6;1;1;3;1;0;1;4;4;0;1;2;3;1;3;0;2;0;1;0;1;1;0;1;0;0;0;0;0;0;0
280390605000017;5;466;459;139;95;127;63;3;5;1;2;25;0;1;0;5;0;0;0;0;0;0;4;0;0;0;1;0;0;0;0;2;0;1;0;3;6;8;4;9;9;13;8;6;11;8;12;6;7;6;9;6;7;9;10;10;11;5;6;5;11;12;2;9;5;14;5;9;10;7;7;5;7;4;10;4;3;11;6;1;3;4;5;4;5;4;3;5;4;7;3;4;7;5;7;7;3;3;2;5;3;2;4;3;2;4;2;2;1;3;1;0;0;1;0;0;1;2;1;0;1;0;1;0;0;0;0;0;0;0;0;0;0;0;2
280390605000018;8;594;594;165;109;183;56;13;11;1;1;37;0;8;0;5;0;4;0;1;0;0;15;2;2;0;0;2;1;1;1;1;1;3;1;14;13;11;9;15;8;7;14;16;14;9;13;8;12;7;11;8;8;16;9;9;12;11;8;12;13;13;9;10;14;12;13;5;16;9;9;9;11;15;10;5;5;3;5;4;1;3;9;4;3;3;5;10;4;6;4;5;2;3;6;1;5;6;1;2;2;1;4;3;1;0;3;0;1;2;0;2;2;4;1;2;0;0;0;1;1;0;0;1;0;0;1;0;0;0;0;0;0;0;0
280390605000019;8;144;144;35;21;45;17;8;4;0;0;11;0;1;0;1;1;0;0;0;0;0;3;0;0;0;2;0;0;0;0;0;0;0;1;5;4;4;3;3;1;3;3;6;1;2;3;3;4;1;1;2;3;0;3;1;4;6;2;2;0;5;1;4;2;2;5;3;4;0;1;0;1;1;1;3;5;2;1;0;0;2;1;0;3;1;2;3;3;1;0;2;0;2;0;0;2;2;0;0;1;1;0;0;0;0;0;0;0;0;1;0;0;2;0;0;0;0;0;0;0;0;0;0;1;0;0;0;0;0;0;0;0;0;0
280390605000020;1;765;765;222;147;206;111;16;6;3;1;34;0;13;0;5;1;0;0;0;0;0;12;0;2;1;0;1;3;0;2;0;0;1;2;14;17;16;14;20;13;19;20;13;19;14;20;21;19;15;12;16;10;17;13;15;17;12;11;20;15;11;16;17;12;19;9;11;17;9;4;14;7;7;12;6;8;8;10;11;5;7;6;7;6;8;7;7;4;7;3;5;5;4;7;0;6;6;0;4;2;3;1;3;2;2;2;2;0;2;1;1;2;0;0;1;2;0;1;0;1;1;0;0;0;0;0;0;0;0;0;0;0;0;0
280390605000021;1;592;589;176;133;162;71;10;6;2;2;22;1;0;0;7;0;0;0;0;0;0;14;1;2;3;1;0;0;2;1;1;0;1;2;8;10;12;11;7;18;12;11;12;6;14;12;14;15;9;19;8;13;9;7;14;12;5;7;9;5;10;15;11;10;12;8;14;8;5;6;5;11;10;5;3;9;6;9;15;7;5;4;4;6;4;4;5;8;6;3;4;7;2;4;2;1;3;5;1;5;5;5;2;2;2;3;0;2;1;1;1;1;2;1;1;1;3;1;0;0;0;0;0;1;0;0;0;1;0;0;0;0;1;0
280400305000001;1;921;921;258;126;149;115;8;12;58;6;54;1;72;4;56;1;0;0;1;0;0;20;2;0;2;1;2;1;1;2;1;1;4;3;8;15;16;17;21;11;8;14;14;10;16;17;14;23;14;18;19;13;16;16;15;14;16;22;17;26;16;17;16;15;13;16;18;15;14;18;13;11;14;9;9;12;13;13;10;17;13;13;7;9;8;6;3;8;8;10;6;7;2;9;7;7;7;3;5;5;8;6;4;5;6;4;5;1;1;2;3;3;3;5;2;1;2;1;0;1;2;1;0;1;1;0;0;1;0;0;0;0;0;0
280400305000002;1;584;584;168;101;137;78;7;10;1;0;49;1;9;0;22;1;0;0;0;0;0;10;2;2;1;1;1;0;0;0;1;0;1;1;9;9;11;5;10;6;11;12;6;10;8;10;8;11;13;12;9;15;14;4;8;18;5;8;11;8;15;14;18;11;11;14;9;5;5;19;6;9;11;7;9;10;2;7;3;8;8;5;7;4;5;1;4;3;5;2;5;9;8;6;3;2;3;7;1;5;3;6;2;2;3;3;1;0;1;2;1;3;3;0;1;0;0;1;0;2;0;1;1;1;0;0;0;0;0;0;0;0;0;0
280400305000003;1;569;569;162;120;168;65;12;9;0;0;25;0;4;0;4;0;0;0;0;0;0;3;0;0;1;0;1;0;0;0;0;0;1;0;10;12;8;16;5;18;12;5;11;9;15;11;7;11;20;17;9;7;19;10;17;4;4;11;8;9;8;11;14;16;14;16;11;7;11;5;5;9;5;12;8;8;9;8;8;7;5;6;9;4;7;9;3;3;3;4;2;7;3;1;2;3;0;1;1;3;0;0;1;1;1;2;3;1;2;1;0;1;0;0;0;0;0;0;0;0;0;0;0;0;0;0;0;0;0;0;0;0;0;0
280400305000004;1;817;817;210;150;243;85;13;17;8;1;57;3;11;0;17;0;2;0;0;0;0;10;0;1;5;0;1;0;2;1;0;0;0;0;17;7;22;18;15;6;14;11;19;14;13;11;16;16;17;24;22;15;15;5;13;19;18;16;20;19;20;22;17;13;10;17;8;14;18;12;11;11;14;17;12;11;5;16;16;12;8;9;6;8;13;7;3;8;1;7;5;6;6;0;8;3;2;1;2;0;2;0;0;4;4;2;4;0;1;1;2;1;1;0;2;0;1;0;0;0;0;0;0;0;0;0;1;0;0;0;0;0;0;0
280400305000005;1;1348;1348;367;259;363;140;19;16;15;15;79;13;27;2;31;0;2;0;0;0;0;10;2;0;3;0;1;0;0;1;0;1;1;1;17;18;18;16;17;21;16;21;23;30;32;16;23;23;28;34;25;21;19;29;34;15;19;29;29;22;30;28;38;21;32;28;25;25;24;28;20;19;22;30;18;21;15;21;18;13;18;11;12;22;15;2;7;13;8;5;10;5;12;10;8;7;3;10;15;9;5;9;4;9;5;3;2;2;0;2;4;2;1;2;0;3;3;1;0;1;1;2;1;0;2;0;0;0;0;0;0;0;1;0
280400305000006;1;744;744;184;131;209;104;21;10;0;3;52;3;9;0;18;0;0;0;0;0;0;15;3;2;0;0;2;1;0;3;2;2;0;0;18;23;15;15;25;15;20;23;20;20;25;21;12;17;18;21;16;10;15;8;19;11;11;10;15;14;17;20;11;8;10;17;15;19;6;11;14;9;7;6;8;3;7;2;8;9;4;7;6;5;5;7;6;5;6;4;2;0;3;1;0;1;2;2;3;1;2;0;1;4;1;0;0;0;1;0;0;3;0;2;0;0;0;0;0;0;0;0;0;0;1;0;0;0;0;0;0;0;0;0
280400305000007;1;914;914;248;144;183;134;19;21;9;3;93;3;15;0;33;3;6;0;0;0;0;22;3;4;1;5;1;2;2;1;1;1;1;0;11;12;10;18;15;8;17;18;17;20;13;17;13;19;25;19;15;17;18;15;15;17;14;18;22;20;16;12;11;21;24;22;16;16;14;13;12;15;12;16;7;9;7;12;12;11;10;8;7;8;11;7;7;8;12;8;6;5;2;10;5;4;6;5;5;9;4;3;5;7;2;3;0;5;5;1;0;1;1;1;1;2;0;0;1;0;0;1;2;0;0;1;0;0;0;2;0;0;0;0
280400305000008;1;914;914;242;166;228;133;22;13;7;1;82;0;11;0;5;4;0;0;0;0;0;14;1;3;2;3;1;0;0;0;0;1;0;3;17;31;23;16;25;25;17;13;19;12;35;16;17;20;19;19;20;15;16;10;20;20;19;16;25;18;16;23;20;19;17;11;10;10;8;11;14;13;13;11;11;12;14;7;9;9;6;10;10;8;5;4;5;3;3;2;7;2;2;10;4;4;5;8;3;5;2;3;0;4;1;1;2;1;0;2;1;1;1;4;2;2;0;1;1;1;0;1;1;0;0;0;0;0;0;0;0;0;1;0
280400305000009;1;290;284;79;45;69;39;2;5;11;0;20;0;11;1;5;3;0;0;0;0;0;4;1;0;0;1;1;0;0;1;0;0;0;0;6;4;4;8;5;6;3;6;4;4;7;5;5;11;4;7;7;2;4;4;4;1;7;6;4;4;9;2;5;9;3;4;5;4;5;5;3;10;1;6;4;4;2;4;2;3;2;5;3;4;3;3;3;2;2;2;0;2;1;3;0;3;3;1;5;2;1;0;1;2;1;1;1;0;2;2;0;0;2;1;0;0;0;0;0;0;0;1;0;0;0;0;0;0;0;0;0;0;0;0
280400305000010;1;736;736;210;133;173;102;15;13;4;1;56;1;11;0;17;0;0;0;0;0;0;11;2;2;0;2;1;1;0;0;0;0;1;2;10;18;16;8;10;11;6;13;18;17;13;10;17;13;14;10;20;13;13;21;15;13;14;18;7;13;8;12;13;15;14;10;18;11;13;11;12;14;7;13;8;11;10;11;7;6;6;8;6;4;8;9;4;10;4;8;1;3;6;2;3;7;3;1;3;0;6;5;3;4;3;5;0;3;1;3;2;3;1;0;0;0;1;2;2;3;1;0;3;1;0;1;1;0;0;0;0;0;0;0
280400305000011;2;583;580;165;90;112;126;8;7;2;0;49;2;5;0;15;0;1;0;1;0;0;13;1;3;2;1;0;2;1;1;0;0;1;1;13;12;13;14;14;6;8;13;11;17;16;10;14;8;10;15;17;8;8;14;17;14;8;11;14;11;4;14;9;12;9;10;10;8;6;3;8;10;10;7;7;8;8;8;1;3;6;3;5;4;4;2;3;3;2;4;7;7;5;4;4;6;1;3;2;2;3;2;0;3;2;0;1;2;1;0;4;1;0;0;0;0;1;1;0;1;0;0;0;0;0;0;0;0;0;0;0;0;0;0
280400305000012;1;770;770;227;129;195;109;7;9;4;1;54;2;10;0;23;0;0;0;0;0;0;15;2;1;0;0;2;3;2;1;0;1;1;2;9;12;12;13;14;5;14;12;9;11;16;9;12;16;13;15;6;11;13;15;18;20;15;15;17;18;12;13;14;16;17;16;13;6;12;14;9;10;11;9;11;15;8;6;13;7;5;11;13;8;4;3;6;2;8;6;5;8;9;10;3;7;2;3;4;5;5;5;6;5;3;2;2;3;3;4;4;2;3;2;1;3;1;0;3;1;0;1;0;0;0;0;0;0;2;0;0;0;0;0
280400305000013;8;143;143;39;29;44;10;8;1;0;0;6;0;1;0;3;2;0;0;0;0;0;5;0;0;1;1;0;0;0;0;1;1;1;0;3;8;3;1;3;3;0;2;4;1;4;7;2;2;4;0;3;4;1;2;2;2;2;2;4;4;2;3;4;5;9;4;1;1;6;2;1;2;1;2;3;2;0;1;1;0;0;1;0;2;1;0;0;0;1;0;0;0;0;2;1;2;1;0;1;0;0;0;0;0;1;0;0;1;0;0;0;0;0;0;0;0;1;0;0;0;0;0;0;0;0;0;0;0;0;0;0;0;0;0
280400305000014;5;556;546;150;95;139;81;21;7;9;0;27;0;11;0;15;1;0;0;0;0;0;18;3;1;4;4;0;2;1;1;0;0;1;1;13;13;12;14;16;14;5;14;13;15;9;6;12;9;17;11;10;10;14;14;10;17;15;9;11;9;12;8;10;10;3;7;7;5;13;7;9;6;3;6;4;3;5;8;5;6;4;4;5;5;1;1;8;4;3;8;2;3;2;3;1;6;2;0;5;2;5;0;3;2;1;4;0;0;0;0;0;0;0;1;1;1;0;0;0;0;0;0;1;0;0;0;0;1;0;0;0;0;0;0
280400305000015;5;776;774;219;137;216;120;27;1;2;1;26;0;7;0;18;0;2;0;0;0;0;14;0;2;0;2;2;0;2;0;1;1;3;1;25;27;25;18;16;21;19;15;22;21;18;12;27;19;19;11;14;14;14;14;14;19;17;9;17;8;13;16;12;9;14;16;11;8;9;9;8;7;4;10;6;14;4;11;7;8;5;6;9;9;3;4;4;4;5;6;3;3;4;6;4;3;2;4;2;5;0;4;0;1;1;1;1;2;0;1;3;0;1;0;0;1;0;0;1;0;1;0;0;1;0;1;0;0;0;0;0;0;0;0
280400305000016;8;475;475;130;73;116;88;11;3;4;2;30;0;5;0;8;5;0;0;0;0;0;15;1;1;2;1;1;0;0;2;1;1;3;2;11;13;10;10;18;10;9;10;8;21;5;7;18;13;8;6;12;9;6;8;10;11;11;13;8;6;12;6;4;11;4;9;6;5;6;8;7;3;8;8;5;4;3;1;5;9;4;4;1;3;5;6;4;5;4;2;3;2;3;1;1;3;1;1;1;1;1;0;1;1;1;0;2;0;2;1;0;0;0;0;0;0;1;0;0;0;0;0;0;0;0;0;0;0;0;0;0;0;0;0
280400305000017;5;596;596;142;91;181;110;2;7;5;0;33;3;9;0;12;1;0;0;0;0;0;14;2;2;2;1;0;0;0;3;1;0;1;2;12;9;15;15;9;18;10;14;21;17;16;20;13;15;21;17;8;12;15;9;12;13;17;9;4;14;9;9;7;8;7;6;11;6;9;6;9;11;8;6;9;5;5;6;6;4;3;5;3;7;4;3;1;4;4;1;3;2;4;3;0;1;2;3;2;2;3;0;1;1;3;2;0;0;1;1;0;2;1;2;0;2;0;3;0;0;0;0;0;1;0;0;0;0;0;0;0;0;0;0
280400305000018;8;222;222;67;41;61;20;11;1;0;1;12;0;0;0;8;0;0;0;0;0;0;5;2;0;2;1;0;0;0;0;0;0;0;0;7;3;4;1;3;9;1;3;4;4;8;4;6;9;9;4;8;6;5;6;5;9;3;6;3;3;3;3;3;1;2;4;4;2;4;1;2;2;3;3;3;2;4;3;2;3;4;1;0;1;3;1;1;0;1;0;1;0;0;2;1;1;1;0;0;2;1;1;1;0;0;1;0;1;0;0;1;1;1;1;1;0;0;0;0;0;0;0;0;0;0;0;0;0;0;0;0;0;0;0
280400305000019;5;222;221;68;44;62;18;3;1;0;0;12;2;3;0;4;5;0;0;0;0;0;3;0;0;0;0;1;1;0;1;0;0;0;0;2;7;6;6;5;6;3;7;5;3;3;3;7;4;6;4;1;3;2;4;3;3;8;1;2;6;3;7;8;4;5;3;4;6;3;2;6;0;0;2;2;3;2;4;1;0;2;3;1;0;1;1;4;3;5;1;2;2;1;2;1;1;0;1;2;0;0;2;1;1;1;0;1;0;0;0;0;1;1;0;0;0;0;1;0;0;0;0;0;0;0;0;0;0;0;0;0;1;1;0
280400305000020;4;510;510;129;88;145;61;17;6;2;0;39;1;12;0;3;7;0;0;0;0;0;13;4;1;0;1;0;0;2;0;0;3;0;2;14;16;9;16;16;19;17;10;14;16;4;12;12;10;15;7;6;8;13;11;6;11;13;8;11;9;13;10;8;5;11;9;3;9;5;4;2;6;5;6;6;1;2;4;7;6;5;5;5;5;6;5;0;6;3;1;4;3;1;2;2;1;1;0;2;2;1;1;1;1;1;0;0;2;0;0;1;0;1;0;0;1;1;1;0;0;0;0;1;0;0;0;0;0;0;0;0;0;0;0
280400305000021;8;504;504;126;97;144;69;20;7;5;1;25;0;4;0;5;0;1;0;0;0;0;15;1;1;2;2;2;1;0;2;3;0;0;1;16;12;14;19;10;12;7;14;10;12;13;7;10;7;16;13;14;9;11;9;9;9;13;11;9;8;8;7;11;11;7;7;7;6;8;11;6;10;6;5;7;3;5;5;6;3;7;4;1;4;2;4;7;2;2;1;2;2;2;1;2;1;0;0;2;3;0;1;0;2;1;0;0;1;0;0;1;0;0;0;0;0;1;0;0;0;0;0;0;0;0;0;0;0;0;0;0;0;0;0
280400305000022;5;298;298;83;54;92;29;7;3;0;0;25;0;2;0;2;1;0;0;0;0;0;9;0;1;1;0;0;1;1;1;1;1;2;0;1;10;4;8;5;5;5;5;8;10;7;6;4;7;4;8;3;4;4;4;8;3;3;2;5;5;8;5;6;7;7;6;7;8;6;4;8;6;6;4;3;2;0;3;0;5;0;3;0;3;0;1;2;2;0;3;3;4;2;3;5;5;1;2;0;1;2;3;0;1;1;0;0;1;0;0;0;0;1;0;0;0;1;0;0;0;0;0;0;0;0;0;0;0;0;0;0;0;0;0
280400305000023;1;802;802;220;148;188;91;45;13;3;2;53;0;15;0;10;10;0;4;0;0;0;17;0;3;1;4;1;1;1;0;2;1;0;3;17;13;9;12;15;11;8;10;15;10;16;14;15;20;16;22;18;15;14;18;15;14;22;24;15;18;19;12;19;19;15;7;11;15;12;15;20;6;12;10;17;11;12;8;2;12;4;7;7;9;4;5;5;7;5;9;5;2;4;5;4;5;4;1;5;4;4;1;3;1;4;0;2;2;0;1;1;1;1;1;0;2;3;1;2;1;2;0;0;0;0;0;0;0;0;0;0;0;0;1
280400305000024;1;660;660;179;127;193;81;7;11;3;1;39;0;6;0;13;0;0;0;0;0;0;8;0;0;0;1;2;1;0;3;0;0;0;1;18;17;5;11;9;8;7;10;12;8;12;17;17;23;12;11;10;11;16;4;12;16;12;9;12;8;13;13;10;15;10;13;20;8;12;10;12;12;12;13;12;9;17;9;10;5;10;5;5;8;4;7;2;2;10;1;6;0;9;6;2;1;0;4;1;4;1;3;1;2;2;1;1;2;2;0;0;1;0;0;1;0;0;1;2;0;2;0;0;0;0;0;0;0;0;0;0;1;0;0
280400305000025;2;825;825;224;147;200;119;8;17;13;6;53;0;19;0;18;1;0;0;0;0;0;13;1;1;0;2;1;2;1;1;2;0;1;1;16;18;17;15;10;17;13;16;15;14;17;15;11;12;16;17;20;21;18;15;27;29;19;18;22;22;16;13;12;14;11;11;9;11;6;15;8;10;11;11;7;14;7;8;10;14;10;9;13;7;4;5;7;6;6;3;4;6;2;10;2;4;2;4;6;2;6;2;2;3;3;2;1;1;1;1;1;0;0;2;1;0;2;2;0;0;0;0;0;0;0;0;0;0;0;1;0;0;0;1
280400305000026;1;564;556;151;105;147;52;19;5;13;2;39;0;10;1;20;0;0;0;0;0;0;5;0;0;0;1;1;1;0;0;1;1;0;0;12;13;7;9;10;9;12;16;7;6;20;11;15;10;21;7;15;16;2;22;7;7;14;13;6;6;12;8;17;6;6;8;7;11;5;6;11;13;3;6;6;4;4;5;5;8;6;10;8;4;3;6;3;8;6;5;2;4;4;1;2;3;6;7;5;1;0;2;0;3;1;0;2;3;1;1;4;1;0;1;0;1;0;0;1;0;0;0;0;0;0;0;0;0;0;0;0;0;0;0
280410205000001;1;770;761;244;182;224;59;7;6;2;3;19;1;11;0;8;2;0;0;0;0;2;10;2;2;1;0;0;1;0;1;1;1;0;1;10;8;15;5;14;10;11;8;15;11;6;7;10;16;9;19;11;11;19;7;14;14;12;17;14;8;17;21;11;8;18;12;10;16;12;16;15;6;11;12;10;10;13;7;10;7;11;6;8;8;10;11;8;5;4;8;9;7;7;5;5;6;6;5;5;7;6;1;6;5;3;1;3;7;5;2;6;5;0;3;2;3;4;2;2;0;2;3;0;0;1;2;0;0;1;0;0;1;0;0
280410205000002;1;625;625;201;152;185;51;8;3;1;0;16;0;3;0;1;4;0;0;0;0;0;13;1;0;1;1;1;0;1;0;1;1;0;6;3;15;12;6;12;10;10;9;12;11;10;18;9;8;9;10;13;13;12;12;8;14;10;11;18;8;12;6;11;11;16;7;13;10;15;10;10;9;7;13;4;9;9;8;6;7;4;11;3;9;4;4;3;3;6;1;4;2;4;4;3;2;5;6;4;2;3;7;3;1;4;4;0;5;1;2;2;2;3;2;2;2;3;1;0;0;1;0;2;1;0;0;0;0;0;0;0;0;0;1
280410205000003;1;729;729;222;151;213;94;3;5;1;2;24;0;5;0;9;0;0;0;0;0;0;5;2;1;0;0;0;1;0;0;0;1;0;0;13;12;9;12;8;16;12;8;10;16;13;15;17;7;20;14;11;17;13;15;9;16;12;12;12;5;11;13;10;13;12;16;15;11;13;12;13;8;16;12;7;10;10;12;7;11;9;5;10;8;5;13;3;5;10;8;9;5;4;3;6;2;3;1;2;4;2;4;1;3;1;2;3;2;1;2;2;4;4;1;4;3;2;2;3;0;1;2;1;1;0;1;1;0;0;0;0;0;0;0
280410205000004;1;576;576;191;132;170;43;9;1;4;0;19;0;4;0;3;0;0;0;0;0;0;9;0;1;0;1;2;0;0;1;0;1;2;1;4;4;9;10;4;4;6;7;9;12;6;8;12;14;9;13;8;9;9;12;11;17;11;9;6;10;7;7;12;9;8;8;12;12;11;7;9;13;6;8;8;13;10;6;5;12;3;7;9;7;9;10;5;3;6;5;4;7;6;4;6;5;3;4;3;3;4;3;1;1;3;1;4;4;2;1;2;3;0;1;2;1;0;1;2;1;1;0;0;2;0;0;0;1;1;0;0;0;0;0
280410205000005;1;683;679;231;153;156;75;11;6;6;1;25;0;5;0;14;0;0;0;0;0;0;12;1;0;1;1;1;1;3;0;0;2;2;0;10;6;11;9;7;4;8;0;11;13;15;7;9;10;6;10;12;12;9;8;13;16;11;10;8;5;10;13;17;14;10;9;8;7;14;7;11;12;14;12;9;9;7;7;9;3;5;5;7;11;4;4;8;7;7;9;8;3;10;15;9;8;5;9;5;7;9;8;3;10;7;4;2;5;5;3;5;4;0;3;1;3;2;2;1;0;0;0;1;1;0;1;0;0;2;0;0;0;0;1
280410205000006;1;632;628;198;135;178;69;12;4;4;0;12;0;8;0;3;0;8;0;1;0;0;13;0;1;3;1;2;1;0;3;1;0;0;1;10;6;10;6;7;17;8;5;6;8;16;6;11;12;10;13;11;11;11;19;11;16;16;8;12;10;15;14;13;12;14;9;7;7;12;4;15;6;15;9;5;3;7;10;7;8;6;3;7;2;8;4;10;10;6;5;9;5;6;6;3;6;4;2;5;4;3;3;5;2;3;1;1;5;1;1;0;2;0;0;1;5;3;1;2;0;1;0;0;0;0;0;0;0;0;0;0;0;0;0
280410205000007;8;216;216;59;40;75;33;0;1;1;0;7;0;0;0;0;0;0;0;0;0;0;5;0;0;0;0;1;0;0;2;1;1;0;0;1;6;5;6;7;2;1;3;3;7;6;4;3;8;3;5;1;1;4;3;4;3;5;5;7;2;2;6;3;5;2;6;2;3;4;4;2;2;4;0;3;5;1;1;1;3;4;2;1;3;0;1;2;1;2;3;0;4;2;1;2;1;0;3;0;2;0;1;3;2;0;1;0;1;2;0;0;1;0;0;0;0;0;1;0;0;0;1;0;0;0;0;0;0;0;0;0;0;0;0
280410205000008;8;134;131;45;25;38;17;2;0;1;0;3;0;2;1;0;0;0;0;0;0;0;3;0;0;0;0;0;1;1;1;0;0;0;0;3;0;2;2;2;3;0;5;2;3;1;1;0;5;3;0;2;1;2;4;1;1;2;2;2;0;1;3;3;2;1;7;3;5;1;0;4;5;3;2;0;2;2;2;1;0;2;1;2;1;0;0;1;2;3;1;1;0;2;1;2;0;1;1;2;0;0;1;0;3;0;0;1;0;1;1;0;0;0;1;0;0;1;0;0;0;0;1;0;0;1;0;0;0;0;1;0;0;0;0
280410205000009;8;328;328;104;68;110;25;2;1;2;1;7;0;2;0;6;0;0;0;0;0;0;6;0;1;1;0;3;0;1;0;0;0;0;0;5;4;10;2;3;1;6;4;5;7;8;4;4;5;5;7;7;8;3;7;7;4;8;3;6;3;7;2;8;11;3;6;5;2;1;7;4;1;2;6;1;3;3;5;6;5;6;2;5;5;6;3;4;3;2;5;4;4;3;2;3;2;5;2;3;3;0;2;1;2;0;2;3;2;1;1;0;2;1;2;1;2;0;0;1;0;2;0;0;0;0;0;1;0;0;0;0;0;0;0
280410205000010;8;300;300;92;63;104;19;0;1;3;1;15;0;1;0;1;0;0;0;0;0;0;8;0;1;0;2;0;0;3;0;1;0;0;1;2;6;6;4;2;5;2;3;8;4;6;10;5;5;9;9;8;3;4;2;5;10;8;4;4;6;6;10;5;4;4;1;4;10;6;5;2;1;1;5;8;2;7;2;3;5;7;7;3;5;1;3;3;1;0;2;1;2;1;0;1;0;2;3;1;1;0;1;0;1;3;2;0;0;0;0;2;1;1;0;2;2;0;1;0;1;0;0;0;0;0;0;0;0;0;0;0;0;0;0
280410205000011;8;716;716;197;130;255;91;3;7;3;0;25;0;2;0;3;0;0;0;0;0;0;14;3;0;2;1;3;1;0;1;0;2;0;1;16;15;6;7;16;9;9;14;12;16;14;21;25;16;22;14;21;16;7;16;19;13;20;11;17;10;10;11;16;10;9;10;15;13;11;17;10;8;12;14;7;5;5;5;7;6;4;8;5;4;2;8;4;2;9;5;5;3;4;10;1;2;3;3;4;3;5;1;2;4;0;0;0;0;1;2;0;3;2;1;1;1;1;3;0;1;0;1;1;0;0;0;0;0;0;0;0;0;0;0
280410205000012;8;202;193;60;34;62;25;6;2;1;0;7;0;1;0;1;3;0;0;0;0;0;4;0;0;1;0;2;0;0;0;0;1;0;0;4;2;6;10;8;4;5;5;3;5;6;2;2;6;4;5;3;2;3;4;4;2;5;2;4;4;1;3;1;2;3;3;3;4;1;2;2;2;0;0;4;1;0;2;1;2;1;3;1;1;3;1;4;2;4;4;2;1;0;0;2;2;1;2;2;0;0;1;1;1;0;1;0;0;1;1;1;0;2;1;0;2;0;0;1;0;0;1;0;0;0;0;0;0;0;1;0;0;0;0
280410205000013;5;815;799;260;165;222;107;9;9;3;0;36;0;1;0;2;1;0;0;0;0;0;6;0;0;1;1;0;1;1;0;0;1;1;0;6;8;10;18;8;10;14;15;12;18;19;16;26;26;16;22;18;16;19;6;24;12;10;20;6;18;12;11;7;20;11;11;11;13;15;14;14;10;11;17;6;10;8;8;11;12;9;9;12;9;6;12;4;14;2;5;4;2;5;3;3;5;3;7;4;5;5;4;3;2;3;4;3;5;6;3;2;3;2;1;4;3;1;3;0;1;3;0;0;0;0;0;0;0;0;0;0;0;0;0
280410205000014;8;602;602;197;133;178;51;6;6;2;1;22;1;1;1;2;0;1;0;0;0;0;12;0;1;1;1;0;1;2;0;2;0;2;2;3;8;9;6;11;2;6;13;12;14;15;14;12;12;16;12;16;16;18;8;13;9;8;10;9;14;8;8;5;7;3;5;10;13;6;9;13;7;5;9;14;6;8;5;5;10;5;1;4;5;5;4;2;2;6;3;11;6;5;11;4;3;8;7;3;3;2;7;0;4;2;2;5;8;1;2;0;3;1;1;1;1;3;1;0;2;1;2;0;0;0;1;0;0;0;0;0;0;0;0
280410205000015;8;210;210;60;49;76;10;3;1;2;0;6;0;1;0;1;1;0;0;0;0;0;4;0;0;0;1;2;0;0;0;0;1;0;0;2;2;6;2;2;2;1;2;1;4;5;5;2;5;5;3;3;6;6;1;3;7;2;4;2;2;3;6;2;2;4;3;3;6;3;3;3;2;1;2;1;1;3;2;2;2;1;2;5;1;2;3;1;1;0;3;4;0;1;1;1;5;2;3;3;2;2;2;1;3;0;0;2;3;2;0;2;1;0;1;1;1;0;0;2;0;0;0;0;1;0;0;1;0;0;0;0;1;0;0
280410205000016;8;336;336;104;70;96;36;1;4;1;1;11;1;6;0;5;0;0;0;0;0;0;4;1;0;0;0;3;0;0;0;0;0;0;0;2;4;5;1;9;3;2;4;5;1;2;4;9;8;8;6;6;8;3;11;5;4;10;6;7;3;9;4;5;6;5;8;6;5;5;3;6;3;2;3;8;2;4;1;4;9;3;2;0;4;3;6;0;3;3;5;3;1;6;4;1;5;2;6;5;4;3;0;3;1;4;1;0;1;3;0;0;1;2;2;1;1;1;2;1;0;2;0;0;1;0;0;0;1;1;0;0;0;0;0
280410205000017;8;240;240;73;54;94;9;0;3;0;0;2;0;5;0;0;0;0;0;0;0;0;7;0;0;1;0;0;2;1;1;1;0;0;1;7;8;3;2;5;5;2;4;3;3;3;3;1;7;3;6;9;3;7;2;5;6;5;5;6;2;7;3;3;1;4;5;0;2;3;1;3;2;4;3;3;1;0;9;3;0;2;3;3;9;3;2;1;3;0;0;0;1;0;2;1;1;2;2;1;1;2;0;1;1;3;3;2;0;2;3;0;1;0;1;1;0;0;1;0;0;0;1;1;1;0;0;0;0;0;0;0;0;0;0
280410205000018;8;302;302;91;60;91;32;7;3;2;0;5;3;5;1;0;1;1;0;0;0;0;3;0;1;1;0;0;0;0;0;0;1;0;0;7;4;6;6;4;1;7;6;6;5;1;9;4;3;10;8;6;8;5;5;1;6;2;7;3;5;4;4;6;3;6;8;4;6;4;3;4;5;3;7;1;2;4;2;2;4;1;2;3;4;0;3;1;3;3;2;2;5;4;3;6;4;5;1;2;1;3;2;1;8;1;0;0;3;0;0;1;2;1;0;0;2;1;0;0;0;0;0;0;0;0;0;1;1;0;0;0;0;0;0
280410205000019;8;431;431;137;102;130;32;0;6;3;0;16;0;0;0;5;0;0;0;0;0;0;6;2;0;0;0;0;0;1;1;1;0;0;1;5;6;7;3;3;4;11;4;3;4;9;8;9;10;11;8;9;5;9;8;4;10;7;7;6;5;9;5;7;6;6;7;9;9;3;5;9;5;3;3;6;6;4;6;4;2;6;8;4;6;3;7;2;3;5;5;2;7;4;2;2;4;3;5;2;3;6;4;3;5;4;1;1;2;3;2;2;5;0;1;1;1;0;0;1;2;3;0;3;1;0;1;1;0;0;0;0;0;0;0
280410205000020;8;165;165;54;34;52;17;2;0;0;1;4;0;0;0;1;0;0;0;0;0;0;2;0;0;0;0;0;2;0;0;0;0;0;0;2;2;0;6;0;2;1;6;1;5;4;5;0;6;3;1;3;3;2;2;3;5;1;0;2;5;3;2;2;3;2;2;6;3;1;0;5;2;1;3;4;3;2;0;3;2;3;1;2;1;1;3;1;2;1;0;0;1;1;0;1;1;3;1;2;6;0;1;2;0;1;1;0;3;0;1;1;0;0;2;0;0;0;0;1;0;0;0;0;0;0;0;0;0;0;0;0;0;0;0
280410205000021;5;462;462;167;93;126;56;5;1;2;0;9;0;3;0;0;0;0;0;0;0;0;5;0;0;2;1;0;0;0;0;0;1;0;1;5;9;4;7;7;11;11;8;0;14;12;8;10;8;5;3;16;5;4;6;5;14;7;6;4;14;9;8;10;7;10;6;5;4;4;8;6;9;7;7;7;4;2;4;9;5;3;4;3;6;2;3;6;3;3;3;7;4;6;3;4;4;6;4;3;6;2;5;3;3;2;3;2;4;1;2;3;0;2;2;1;0;1;1;0;0;0;0;0;2;0;0;0;0;1;0;0;0;0;0
280410205000022;5;587;587;195;139;165;58;7;1;2;0;15;0;3;0;0;2;0;0;0;0;0;12;2;0;1;1;1;0;2;1;2;0;2;0;14;7;5;10;10;14;12;5;6;12;10;9;12;9;5;9;11;4;13;11;14;10;13;12;11;12;11;12;10;13;5;13;8;9;2;9;5;10;8;6;5;1;9;6;6;4;6;4;8;4;5;3;3;4;9;8;6;1;3;5;8;3;6;8;10;4;7;3;4;4;3;1;3;1;2;1;2;2;1;2;4;2;3;2;2;0;1;0;2;1;0;0;0;1;1;0;0;0;0;0
280410205000023;8;69;69;22;15;22;5;1;1;0;0;3;0;0;0;0;0;0;0;0;0;0;2;0;0;0;0;0;0;0;0;1;0;0;1;1;1;0;1;1;3;0;1;1;1;1;2;2;1;3;0;0;0;3;1;2;3;1;0;1;2;2;1;0;0;1;0;0;2;2;0;0;3;1;0;0;1;1;1;1;1;1;1;0;1;0;0;2;0;2;1;0;0;0;2;2;1;0;0;1;0;1;0;0;0;0;1;0;0;0;0;0;0;0;0;0;0;1;0;0;0;0;0;0;0;0;0;1;0;0;0;0;0;0;0
280410205000024;8;174;174;52;39;64;11;1;0;1;0;2;0;2;0;2;0;0;0;0;0;0;2;0;0;1;0;0;0;0;0;0;1;0;0;0;2;2;5;2;4;2;2;4;2;6;2;6;5;3;3;3;4;2;6;4;0;2;5;5;5;5;2;2;3;1;5;0;1;0;1;1;4;3;4;3;2;3;3;3;2;2;1;3;2;1;0;0;1;2;2;1;2;2;0;2;5;1;2;0;0;1;0;0;1;1;1;0;2;0;0;1;1;0;0;0;0;1;0;0;0;0;0;0;0;0;0;0;0;0;0;0;0;0;0
280410205000025;8;112;112;38;27;41;5;0;1;0;0;0;0;0;0;0;0;0;0;0;0;0;0;0;0;0;0;0;0;0;0;0;0;0;0;3;2;1;5;2;0;2;0;1;1;2;1;5;2;2;4;3;3;0;2;0;4;3;3;0;6;1;5;2;2;1;1;3;0;2;1;2;2;2;3;0;0;1;5;1;0;2;1;1;0;0;2;0;0;0;1;1;0;0;1;0;0;1;0;0;0;0;1;1;2;0;0;1;2;0;0;0;0;1;0;1;0;0;0;0;1;0;1;0;0;0;0;0;0;0;0;0;0;0;0
280410205000026;1;585;585;189;122;154;94;5;4;5;2;6;2;1;0;1;0;0;0;0;0;0;6;0;0;1;1;0;0;0;1;1;1;1;0;8;5;9;10;10;10;8;8;9;9;13;14;10;15;16;11;8;9;18;8;4;10;12;9;11;11;10;10;11;16;12;9;11;11;14;11;10;10;9;6;6;7;5;12;9;6;2;4;3;4;6;5;6;5;4;1;6;1;7;5;2;4;1;5;3;3;7;1;1;0;1;2;0;0;3;1;1;3;1;1;3;0;2;4;2;0;1;2;1;1;1;1;0;0;0;1;0;1;0;0
280420105000001;1;743;743;208;124;183;107;17;8;5;2;55;0;9;0;12;11;2;0;0;0;0;12;0;3;2;1;0;1;1;0;1;2;0;1;7;10;21;9;20;8;13;8;17;17;14;20;15;20;18;12;20;17;22;19;18;18;15;11;8;12;8;11;8;14;12;14;10;5;12;8;18;11;7;12;12;9;10;6;8;7;4;9;7;8;3;4;4;2;4;6;5;3;3;5;4;7;3;6;7;3;3;7;3;5;2;1;3;3;2;2;5;1;1;0;1;0;1;2;1;0;0;0;0;0;0;0;0;0;0;0;0;0;0;0
280420105000002;1;949;949;248;163;299;132;26;7;1;2;42;0;8;0;12;9;0;0;0;0;0;21;4;1;0;0;0;3;3;2;0;3;2;3;33;25;28;24;24;17;34;24;20;31;22;25;28;26;19;22;18;16;20;13;15;16;18;19;19;12;15;22;15;14;13;12;7;12;15;15;12;10;10;19;8;11;10;11;4;10;8;5;7;5;5;3;4;8;4;2;5;3;2;4;3;3;1;6;4;2;3;3;1;3;0;3;3;2;4;1;1;0;0;2;1;0;2;1;0;0;1;0;0;0;0;0;0;0;0;0;0;0;0;0
280420105000003;1;1141;1137;312;213;333;168;23;5;7;1;57;0;9;1;6;6;0;0;0;0;0;22;4;0;1;2;0;5;0;1;5;2;1;1;11;20;18;24;23;29;23;29;28;26;32;30;24;41;33;18;28;29;15;18;25;19;26;19;21;14;16;17;14;21;12;16;23;18;20;17;15;14;9;10;15;13;17;12;13;12;13;11;5;8;10;11;6;5;15;10;4;7;4;9;4;5;6;2;4;3;3;2;2;3;4;4;1;4;2;2;1;3;3;2;3;0;0;3;2;0;1;2;1;1;0;0;0;0;0;0;1;0;0;0
280420105000004;1;704;704;200;137;208;56;15;10;2;1;40;2;7;0;6;18;1;0;1;0;0;6;0;2;0;0;1;1;0;0;2;0;0;0;10;17;6;14;17;9;8;12;14;13;14;16;17;14;10;15;16;14;13;15;19;17;13;14;7;12;10;17;9;12;10;16;9;3;11;2;10;7;14;11;9;11;8;12;10;5;5;9;5;6;0;4;5;6;6;4;8;7;5;13;5;2;7;7;5;2;1;3;4;5;1;3;0;0;5;1;3;2;2;2;1;1;1;2;2;1;0;2;0;1;0;1;0;0;0;0;0;1;0;0
280420105000005;1;583;583;163;107;165;83;4;6;3;0;31;1;5;0;12;0;0;0;1;2;0;5;2;0;0;1;0;0;0;0;0;1;0;1;13;8;11;8;11;11;12;10;16;11;8;13;10;11;10;15;11;16;10;18;17;9;14;9;11;6;15;8;8;12;14;6;6;5;4;5;9;7;3;14;7;14;8;4;7;4;4;9;4;5;4;3;6;3;0;6;3;2;4;5;2;3;5;2;3;7;3;3;5;4;3;2;2;4;2;1;2;2;0;1;1;0;1;3;0;0;0;0;0;0;0;0;0;0;0;0;0;0;0;0
280420105000006;1;1176;1174;308;218;348;143;43;9;4;2;76;6;4;0;9;4;0;0;0;0;0;24;1;4;2;3;2;2;1;1;2;2;2;2;23;26;31;29;35;26;22;24;39;33;27;35;25;26;24;26;26;22;19;21;21;25;22;20;24;17;17;21;22;17;14;28;23;15;12;17;18;16;17;13;6;5;12;11;15;8;8;6;7;9;6;8;6;9;7;5;11;7;12;7;3;4;3;5;4;4;4;2;5;3;4;2;1;2;1;2;1;1;2;1;1;0;1;3;2;2;1;0;1;0;1;0;0;0;2;1;0;0;0;0
280420105000007;1;1075;1066;304;244;360;74;0;13;5;3;53;2;5;0;9;0;1;0;2;0;0;12;0;2;1;1;0;2;0;0;3;0;3;0;19;9;15;20;26;11;22;15;18;20;19;17;30;22;20;20;19;19;17;16;19;25;18;16;14;17;21;18;17;23;21;10;16;25;15;20;19;17;16;17;20;20;19;15;17;10;12;10;11;7;9;10;15;4;12;11;5;5;6;10;10;8;4;7;3;2;7;7;6;8;3;3;2;2;4;2;5;0;1;3;1;1;2;2;1;0;1;0;0;0;0;0;1;0;0;0;0;0;0;1
280420105000008;1;736;736;202;143;214;74;7;11;1;6;44;1;7;1;19;4;2;0;0;0;0;12;0;2;0;3;0;2;2;0;1;0;0;2;6;15;12;15;11;8;14;13;13;19;13;10;14;8;9;19;24;22;16;17;25;22;11;21;18;14;9;8;4;9;9;11;4;7;9;14;10;7;15;7;9;17;12;20;9;10;8;9;7;12;6;3;3;3;2;5;2;2;2;8;3;5;1;3;7;1;2;1;2;4;0;1;0;3;6;1;2;2;2;2;0;2;3;3;2;0;1;1;0;0;0;0;1;1;1;0;0;0;0;0
280420105000009;8;452;442;126;109;175;18;4;1;1;1;12;0;0;0;1;3;1;0;0;0;0;13;1;0;0;4;1;1;3;0;0;0;2;1;5;7;10;10;7;13;11;6;6;9;7;5;7;7;11;8;11;12;11;10;14;7;12;5;9;8;8;8;7;12;5;9;6;11;7;5;8;5;6;7;2;9;3;2;6;3;3;5;2;4;0;7;5;2;2;3;1;5;3;4;3;1;2;2;6;4;2;3;2;4;2;3;0;0;0;0;0;0;0;0;0;0;1;0;0;0;0;0;1;0;0;0;0;0;0;0;0;0;0;0
280420105000010;8;369;361;97;73;140;18;2;7;1;0;21;0;0;0;4;6;0;0;0;0;0;3;0;0;1;1;0;0;0;0;0;1;0;0;6;11;11;7;7;7;6;10;8;7;5;10;5;8;10;9;7;3;12;5;3;13;5;5;6;5;0;7;10;7;6;4;7;5;5;7;8;1;9;9;5;3;3;3;6;4;4;5;1;4;1;2;0;3;4;1;2;3;2;1;2;1;3;0;2;1;4;2;3;1;1;1;3;0;2;1;2;0;0;0;0;2;0;1;0;0;0;1;0;0;0;0;0;0;0;0;0;0;0;0
280420105000011;8;492;490;125;99;183;36;6;7;0;0;30;1;1;0;0;4;0;0;0;0;0;10;0;0;2;1;1;1;0;0;2;0;2;1;11;9;18;11;12;9;10;9;15;11;7;16;11;10;10;12;5;13;8;8;14;11;13;5;9;8;11;7;5;12;9;7;11;2;4;8;4;4;8;2;4;6;6;2;4;4;1;1;5;4;5;1;6;5;4;0;3;5;2;2;3;3;3;4;2;4;1;0;2;2;3;2;0;1;2;2;1;2;0;1;0;1;0;0;1;2;0;0;0;1;0;0;0;0;0;0;0;0;0;0
280420105000012;5;271;271;70;16;22;101;8;1;0;3;9;0;0;0;1;3;36;0;1;0;0;6;0;0;1;0;1;1;0;0;1;0;1;1;4;3;7;6;9;3;3;10;6;3;7;4;7;7;3;11;10;5;2;6;8;6;7;6;8;2;5;3;3;3;2;5;4;0;2;4;9;2;3;4;3;5;4;2;4;6;2;1;1;3;1;2;1;2;2;1;1;1;3;0;1;1;2;0;1;3;0;1;1;2;0;0;1;1;0;0;0;0;0;0;1;1;1;0;0;1;0;0;0;0;0;0;0;0;0;0;0;0;0;0
280420105000013;8;162;162;44;33;63;13;0;1;0;2;5;0;0;0;0;0;1;0;0;0;0;1;0;0;0;0;0;0;0;1;0;0;0;0;2;0;0;4;3;3;1;5;0;3;5;1;3;3;9;5;3;1;4;2;3;4;4;3;4;1;5;1;1;6;1;2;2;0;6;2;3;4;4;4;2;0;0;1;1;0;3;0;1;3;2;1;0;1;4;4;0;3;3;1;1;1;1;0;0;2;0;1;0;1;1;1;0;2;1;1;0;0;0;1;0;0;0;0;0;0;0;0;0;0;0;0;0;0;0;0;0;0;0;0
280420105000014;8;581;581;153;119;234;30;7;4;1;1;21;0;5;0;4;2;0;0;0;0;0;12;2;0;1;0;2;2;0;1;0;0;1;3;6;13;13;18;17;10;15;9;16;11;12;9;16;18;16;12;6;18;11;5;7;8;9;13;6;9;7;12;3;7;9;11;7;8;10;9;7;10;13;7;6;13;8;13;6;6;8;2;5;7;3;1;5;4;5;2;4;3;2;5;4;1;1;4;2;0;3;1;1;3;2;0;0;2;1;2;4;0;2;1;0;0;0;0;0;0;1;1;0;1;0;0;1;0;0;0;0;0;0;0
280420105000015;8;1086;1086;295;249;405;62;12;9;2;0;29;2;11;0;5;1;2;0;1;1;0;27;5;4;1;1;1;1;2;3;2;2;4;1;29;21;18;19;18;18;21;17;20;24;27;23;30;30;29;17;21;28;19;17;33;24;15;22;27;24;15;12;9;10;14;17;16;10;15;15;15;12;16;17;15;12;15;13;14;11;16;11;13;8;4;7;12;15;4;11;9;4;4;7;8;7;2;5;6;4;5;5;6;4;3;1;3;1;2;2;0;0;1;1;2;1;0;1;0;0;0;0;0;0;0;0;0;0;0;0;0;0;0;0
280420105000016;5;172;172;48;9;20;59;0;1;1;0;6;0;0;0;0;0;28;0;0;0;0;3;0;0;1;1;0;0;0;0;1;0;0;0;5;7;4;5;6;1;2;3;4;5;3;6;6;5;6;3;4;2;5;3;2;5;4;4;2;4;1;5;2;5;2;4;2;2;3;1;0;3;4;0;2;2;3;4;1;3;1;2;0;0;0;0;1;2;1;0;0;2;0;0;0;0;0;0;1;0;0;1;1;1;0;1;0;0;0;0;0;0;0;0;0;0;0;0;0;0;0;0;0;0;0;0;0;0;0;0;0;0;0;0
280420105000017;8;206;202;48;39;87;8;0;1;0;0;15;0;2;0;3;0;3;0;0;0;0;3;1;0;0;0;0;0;0;0;1;1;0;0;2;4;2;3;4;2;1;4;6;4;8;6;6;6;6;7;6;6;4;1;3;4;4;1;4;5;2;2;4;2;2;4;4;2;3;2;1;5;1;0;3;2;2;4;2;1;1;1;2;2;0;0;1;3;4;2;0;6;2;3;0;2;2;2;2;1;1;0;0;1;0;1;1;1;1;0;2;1;0;0;0;0;0;0;0;0;0;1;0;0;0;0;0;0;0;0;0;0;0;0
280420105000018;8;906;904;213;173;382;68;11;2;3;0;45;3;2;0;3;1;0;0;0;0;0;16;5;1;3;0;0;1;1;1;0;1;3;0;21;23;19;26;22;18;20;23;22;17;31;26;23;21;24;28;24;13;23;18;19;11;23;12;16;11;15;9;20;14;14;9;12;11;17;17;11;13;7;8;9;13;9;2;8;6;2;4;5;3;2;5;7;5;8;11;7;5;5;6;4;6;5;2;3;3;1;3;2;5;2;2;0;3;3;0;0;0;2;0;0;0;2;1;4;0;0;0;1;0;0;0;0;0;1;0;0;0;0;2
280420105000019;8;355;355;82;64;154;22;6;2;1;1;20;0;1;0;2;0;0;0;0;0;0;7;0;1;2;0;1;0;0;0;1;0;0;2;8;9;12;9;14;7;7;6;14;11;11;15;12;10;5;13;9;6;2;7;5;10;7;5;6;4;4;6;8;6;5;8;2;5;4;6;6;4;4;2;3;1;6;1;3;1;3;2;2;1;0;5;4;0;0;1;1;2;2;4;4;2;0;1;0;2;0;0;0;0;0;0;0;0;1;0;0;1;0;0;0;0;0;0;0;0;0;0;0;0;0;0;0;0;0;0;0;1;0;0
280420105000020;8;444;440;111;88;184;23;3;7;2;0;14;0;6;0;0;6;0;0;0;0;0;6;0;2;1;0;1;0;1;0;1;0;0;0;8;8;7;10;4;11;14;12;14;13;7;12;17;11;8;11;11;10;8;8;6;12;5;9;7;8;10;6;6;9;6;5;8;6;7;6;7;7;7;4;8;3;9;6;3;4;6;6;3;0;2;3;1;4;0;3;5;1;4;3;1;1;1;0;1;2;2;0;3;0;0;1;0;1;1;1;1;1;0;0;0;0;0;0;1;0;0;0;0;0;0;0;0;0;1;0;0;0;0;0
280420105000021;1;936;936;260;201;311;79;8;10;0;0;48;0;8;0;10;0;1;0;0;0;0;21;1;0;3;1;2;0;3;2;3;1;4;1;14;14;16;17;21;24;19;15;23;17;28;16;20;23;18;20;19;16;20;15;23;22;17;25;23;20;15;20;18;25;15;12;19;11;18;11;12;14;9;14;6;9;7;13;6;8;8;13;5;9;4;10;6;4;3;9;2;5;6;6;2;7;2;5;4;1;1;1;6;3;1;4;0;2;3;1;1;2;0;1;1;3;0;1;2;2;0;0;0;0;0;0;1;0;0;1;0;0;0;0
280420105000022;5;88;81;25;18;29;7;0;2;1;0;5;0;1;0;0;0;0;0;0;0;0;5;1;0;1;1;0;1;0;1;0;0;0;0;0;4;2;3;3;0;0;0;5;4;0;1;0;1;0;1;3;2;3;0;3;3;1;5;3;0;2;2;3;1;0;1;1;2;1;1;3;1;0;0;0;1;2;2;0;1;0;0;1;2;0;1;1;0;1;1;1;1;0;0;1;1;0;0;1;0;0;0;0;0;0;0;0;0;0;0;0;0;0;0;0;0;0;0;0;0;0;0;0;0;0;0;0;0;0;0;0;0;0;0
280430005000001;1;1063;1063;294;180;259;172;30;9;13;1;49;1;17;0;29;5;4;0;0;0;0;15;0;3;1;1;1;0;3;0;0;3;2;1;14;13;21;26;17;22;15;29;18;19;17;29;20;23;21;27;20;28;20;28;25;21;17;21;23;17;17;16;23;23;9;15;19;16;15;18;19;18;15;15;16;15;12;12;5;14;10;14;10;11;6;10;5;8;2;5;8;1;4;8;8;2;9;3;4;5;4;4;1;7;0;3;3;4;2;4;3;2;2;4;0;1;4;0;0;0;0;0;1;0;0;0;0;1;0;2;0;0;0;0
280430005000002;1;848;846;273;169;211;103;9;8;4;1;42;0;8;1;9;2;7;0;1;0;0;13;0;1;2;1;1;1;1;2;1;0;0;3;11;10;6;12;11;7;14;18;13;13;18;13;19;15;11;16;12;15;9;13;20;20;17;13;17;14;19;15;13;21;10;11;17;15;13;15;16;13;11;14;9;17;4;12;8;8;17;13;11;13;16;11;7;7;7;9;3;8;10;10;6;6;8;3;5;2;6;2;3;2;1;5;1;3;0;4;4;1;1;2;1;1;2;2;2;0;0;0;2;0;0;0;0;0;0;0;0;0;0;0
280430005000003;1;1031;1030;302;188;247;145;16;22;5;5;56;0;12;0;29;4;0;0;0;0;0;8;0;1;2;0;1;1;1;0;0;0;2;0;15;15;15;13;13;20;21;20;24;19;18;13;24;20;27;26;19;24;14;20;19;16;14;21;18;13;25;24;18;26;10;25;13;11;18;18;12;16;16;19;7;9;9;8;16;17;14;9;13;5;7;9;7;7;13;4;10;7;14;6;1;8;4;1;6;2;7;9;3;6;7;5;5;4;3;6;1;4;0;6;0;4;0;3;0;1;1;1;2;0;0;0;0;0;0;0;0;0;0;0
280430005000004;1;346;346;101;71;88;38;11;3;2;1;19;0;8;0;0;3;1;0;0;0;0;8;1;0;0;0;0;0;2;2;0;1;1;1;9;5;7;8;8;7;7;7;9;5;10;7;13;8;10;6;5;4;7;8;8;7;6;6;6;5;5;7;3;6;5;7;5;6;9;5;3;3;4;4;1;3;4;1;5;5;1;3;2;4;3;3;4;3;1;4;3;2;3;1;1;3;1;0;0;1;1;2;3;1;2;0;0;1;1;1;0;0;1;1;0;0;0;1;1;0;0;0;0;0;0;0;0;0;0;0;0;0;0;0
280430005000005;8;166;166;55;39;44;4;3;3;3;1;13;0;0;0;1;0;0;0;0;0;0;2;0;1;0;0;0;0;0;0;1;0;0;0;1;4;1;2;1;1;0;2;3;0;1;2;5;3;3;4;4;4;3;4;5;4;5;3;3;3;2;5;0;0;1;2;2;1;2;1;5;2;1;3;0;2;2;1;1;2;2;2;4;1;1;3;1;1;4;3;2;1;1;3;3;3;2;2;1;1;3;4;0;0;1;0;1;1;1;0;0;1;1;1;0;0;1;0;0;0;1;0;0;0;0;0;0;1;0;0;0;0;0;0
280430005000006;5;595;595;166;99;183;70;11;6;0;1;50;0;2;1;6;0;0;0;0;0;0;14;0;2;1;1;3;0;0;0;1;2;3;1;9;10;10;11;13;9;6;12;12;12;16;7;9;21;15;15;15;17;13;12;14;12;11;17;5;13;8;9;8;5;9;5;11;13;6;6;8;5;9;11;6;6;8;8;3;7;3;7;5;3;3;4;4;4;2;5;3;7;3;3;2;8;2;2;1;2;4;4;2;1;1;3;1;3;3;4;3;1;2;1;2;0;1;0;1;1;0;3;0;0;0;0;0;0;0;0;0;0;0;0
280430005000007;5;351;351;109;70;98;33;9;0;1;1;26;0;3;0;1;0;0;0;0;0;0;9;1;0;1;0;0;1;1;2;2;0;1;0;3;5;6;4;5;8;2;7;11;8;10;10;11;11;12;12;8;8;6;4;5;6;8;6;10;5;7;6;4;7;2;6;12;0;8;1;6;3;5;7;2;2;5;3;3;2;3;4;1;4;2;1;3;4;2;2;0;0;2;5;0;1;0;1;7;0;2;0;0;0;0;1;1;2;1;2;2;0;1;0;2;0;0;0;0;0;1;0;0;0;0;0;1;0;0;0;0;1;0;1
280430005000008;8;561;561;153;102;171;61;10;5;0;0;39;2;7;0;11;0;0;0;0;0;0;8;2;1;1;1;0;0;0;0;1;1;1;0;8;10;12;11;12;18;11;11;6;11;13;10;9;13;20;15;8;12;8;8;15;12;13;8;11;7;16;11;5;10;7;7;3;9;13;8;12;10;4;9;4;5;6;7;3;1;2;3;3;6;3;2;3;6;2;3;5;5;5;6;3;3;6;3;4;5;3;2;3;6;0;3;2;5;1;2;2;0;1;0;0;0;0;1;0;0;0;1;0;0;0;0;0;0;1;0;0;0;0;0
280430005000009;5;113;113;36;23;31;12;0;3;0;0;5;0;0;0;3;0;0;0;0;0;0;0;0;0;0;0;0;0;0;0;0;0;0;0;1;0;2;3;1;1;3;2;2;0;4;4;0;4;0;3;1;2;0;2;4;1;0;4;3;3;0;0;3;4;1;1;3;4;4;3;1;3;0;2;3;1;5;2;2;2;1;0;1;0;0;0;1;2;1;0;0;1;2;0;0;3;1;0;1;0;0;0;1;1;0;1;0;0;0;0;0;1;0;1;0;0;0;0;0;0;0;0;0;0;0;0;0;0;0;0;0;0;0;0
280430005000010;5;739;739;201;141;235;81;7;7;4;3;37;0;10;0;13;0;0;0;0;0;0;13;0;1;0;0;2;1;1;2;2;1;2;1;12;10;5;10;12;11;16;13;16;18;12;15;23;10;16;20;23;15;14;15;13;9;13;15;17;4;10;12;10;14;19;10;7;6;9;9;10;15;12;7;8;9;8;7;6;7;6;7;6;8;9;7;8;9;6;6;5;6;6;8;4;5;1;4;5;1;3;5;3;6;3;4;2;3;4;3;3;2;2;2;1;0;1;2;0;0;2;1;1;1;1;0;0;0;1;0;0;0;0;1
280430005000011;5;378;378;89;63;144;43;5;3;3;0;11;0;7;0;6;2;2;0;0;0;0;3;0;0;0;1;0;0;0;0;0;2;0;0;9;7;6;9;9;6;5;11;3;9;9;12;12;7;13;10;7;4;5;7;5;9;8;5;11;7;7;8;13;11;4;8;7;3;4;2;7;1;2;4;3;3;4;6;2;3;3;4;2;4;2;4;3;2;5;5;2;1;3;2;1;2;4;1;2;0;1;4;0;2;1;0;1;0;1;1;0;1;0;1;1;0;0;1;1;0;0;0;0;0;0;0;0;0;0;0;0;0;0;0
280430005000012;5;561;561;143;99;200;48;14;4;2;0;27;0;7;1;14;1;1;0;0;0;0;9;2;0;2;2;0;0;1;0;0;0;0;2;8;14;6;12;7;12;8;9;15;13;9;11;14;12;18;9;15;21;8;12;15;8;11;12;11;11;10;11;9;9;11;9;6;2;8;4;8;6;3;2;7;10;5;6;9;4;7;8;5;4;7;6;4;9;3;3;3;2;2;6;3;5;2;1;4;3;5;2;1;2;2;3;2;1;1;1;1;0;0;0;1;2;0;0;0;0;0;0;0;0;1;0;0;0;0;0;0;0;0;0
280430005000013;5;481;481;130;85;161;59;6;5;3;0;23;0;3;0;5;1;0;0;0;0;0;5;0;0;1;0;2;0;0;0;0;1;0;1;6;9;12;5;7;14;1;5;13;12;11;11;10;12;8;7;10;9;10;9;6;8;14;13;10;10;14;10;4;10;7;9;10;8;10;7;5;5;2;4;5;2;10;2;4;1;3;7;5;5;3;4;2;6;1;7;1;6;4;5;0;5;3;4;4;1;4;5;1;0;3;4;3;1;0;1;0;2;0;0;1;0;0;0;2;1;0;0;0;0;0;0;0;0;0;0;0;0;1;0
280430005000014;8;111;111;29;19;34;18;0;4;0;0;4;0;1;0;1;1;0;0;0;0;0;1;0;0;0;0;0;0;0;0;0;1;0;0;2;2;1;4;2;4;1;3;2;1;1;3;0;3;1;6;1;4;2;4;2;2;3;6;1;4;3;1;3;2;1;0;3;0;2;1;1;1;0;1;0;0;1;0;1;1;4;1;2;1;1;0;0;2;0;5;1;1;0;2;0;0;2;0;0;0;0;0;0;1;0;0;0;0;0;0;0;0;0;0;0;0;0;0;0;0;0;0;0;0;0;0;0;0;0;0;0;0;0;0
280440905000001;1;705;705;233;127;133;78;7;15;8;1;59;2;15;1;16;2;3;0;5;0;0;6;1;0;0;2;1;0;1;0;0;1;0;0;7;3;6;6;8;5;10;12;9;9;6;12;11;10;7;13;11;13;10;13;7;14;9;11;13;17;7;13;11;14;11;10;3;9;5;12;7;2;12;5;8;7;10;9;9;13;8;11;12;10;11;7;7;14;9;11;11;8;8;11;7;9;5;7;2;6;4;4;4;8;7;8;6;7;3;3;6;3;5;1;4;3;5;2;1;0;0;2;1;2;3;1;0;1;0;1;0;0;0;1
280440905000002;1;955;951;288;176;234;103;12;13;5;0;82;2;14;0;20;0;2;0;0;0;2;12;3;0;2;0;1;0;0;1;2;3;0;0;10;10;14;13;16;18;13;15;9;15;20;11;17;15;18;14;15;23;22;17;16;17;15;19;14;23;22;18;21;15;13;12;18;15;15;11;11;13;18;14;16;7;7;13;10;8;16;5;11;15;13;9;7;12;9;15;8;9;8;9;6;8;5;3;5;3;7;7;4;9;2;5;1;4;4;2;2;4;3;5;3;2;4;1;2;2;2;2;2;0;0;0;0;1;0;0;0;0;0;1
280440905000003;1;1245;1245;371;238;289;132;13;19;29;6;72;2;35;2;35;0;2;0;0;0;0;19;2;1;1;0;1;3;1;1;4;2;1;2;20;16;24;21;20;22;16;26;17;21;21;25;15;23;26;18;22;27;23;20;34;20;26;19;25;20;26;14;23;29;20;14;30;17;19;10;20;18;14;22;9;16;18;20;17;15;14;14;11;14;11;16;12;6;10;16;8;12;7;6;4;10;8;9;7;3;7;4;6;13;1;3;5;4;4;5;5;5;2;5;0;3;3;3;1;3;1;2;0;3;0;1;0;0;0;0;0;0;0;1
280440905000004;1;766;766;230;133;159;81;3;12;22;2;59;3;16;5;36;3;0;2;0;0;0;10;1;0;0;0;2;1;0;3;1;0;1;1;10;7;8;6;11;12;13;9;9;10;10;16;6;14;13;9;9;10;10;15;9;13;7;23;7;16;14;16;24;6;12;12;8;12;13;13;8;9;8;14;15;16;14;13;17;11;10;12;5;9;3;6;12;3;3;7;4;10;7;6;2;2;8;2;6;7;7;4;5;12;5;5;2;4;7;6;5;1;1;3;4;4;2;3;5;2;2;0;0;1;2;2;1;0;0;0;0;0;0;0
280440905000005;1;758;758;222;152;205;96;11;11;4;3;29;0;9;0;13;1;1;0;1;0;0;9;1;0;1;1;2;1;1;0;0;0;0;2;14;14;13;14;12;12;12;18;10;17;20;10;16;15;18;18;11;14;19;13;9;23;16;15;14;13;13;8;9;21;13;14;11;15;16;10;15;7;6;7;16;16;10;9;10;16;6;9;7;9;4;4;7;4;4;5;4;5;4;3;2;2;5;5;8;1;0;3;3;2;3;2;2;1;1;1;2;2;2;0;0;1;1;1;0;1;0;0;0;0;0;0;1;0;0;0;0;0;0;0
280440905000006;1;977;977;263;180;263;98;12;19;5;2;86;1;18;0;28;1;1;0;0;0;0;5;0;1;1;0;0;1;0;1;0;0;1;0;13;12;12;19;13;10;14;17;19;11;17;18;25;22;17;16;18;19;17;22;19;17;20;17;25;17;21;9;23;9;12;19;15;18;16;16;14;10;8;9;11;13;21;13;12;9;13;9;8;11;11;12;7;12;8;8;9;9;5;13;3;11;3;8;8;4;13;4;3;7;2;2;6;1;3;4;3;5;3;4;2;1;1;2;2;1;1;3;1;1;0;0;0;0;0;0;0;1;0;0
280440905000007;1;1145;1145;316;225;317;98;12;22;12;3;91;2;16;0;18;10;0;0;3;0;0;10;2;0;0;0;2;0;0;1;2;1;2;0;14;11;23;21;20;16;16;11;21;32;28;9;18;15;26;27;21;18;22;26;20;18;20;29;16;22;25;14;16;25;11;16;17;20;18;18;17;7;12;22;19;15;9;19;17;19;14;12;9;16;19;16;16;12;19;8;6;9;5;7;10;7;9;7;8;7;5;4;3;6;3;1;5;7;4;4;5;2;1;3;1;2;1;1;2;1;1;1;0;0;0;0;0;0;0;0;0;0;0;0
280440905000008;1;645;644;177;119;162;54;5;2;30;1;22;0;28;5;37;3;0;0;0;0;0;16;0;1;1;1;1;1;0;4;2;4;1;0;8;8;5;10;12;8;14;6;9;15;10;7;11;10;20;10;27;15;7;10;8;9;14;14;7;8;15;14;11;10;11;14;13;10;8;9;4;9;16;14;11;7;14;3;7;11;10;6;6;9;6;7;7;2;6;5;5;0;4;3;2;2;3;2;2;1;4;3;2;7;2;2;4;2;2;3;1;5;2;0;1;0;1;2;0;0;1;0;2;0;0;1;0;1;0;0;0;0;0;0
280440905000009;1;765;765;212;150;227;86;14;14;4;1;43;1;8;0;5;0;0;0;0;0;0;16;0;0;0;0;4;1;1;2;4;1;2;1;13;20;14;9;16;19;24;17;14;30;20;29;14;28;15;17;15;16;11;9;6;13;11;11;14;12;13;15;16;14;13;9;14;11;14;15;11;13;7;11;17;16;9;10;10;6;4;4;4;7;5;4;4;5;3;3;2;0;4;5;3;2;2;4;3;1;3;1;3;1;0;2;1;1;1;2;1;1;0;0;1;0;1;0;0;0;0;0;0;0;0;0;0;0;0;0;0;0;0;0
280440905000010;1;862;840;249;189;282;52;12;10;4;4;39;0;9;0;7;2;0;0;0;0;3;15;0;1;0;3;2;1;1;3;0;3;0;1;18;9;16;17;19;9;15;9;17;20;18;15;17;20;21;17;15;12;12;15;13;21;17;9;19;16;20;21;20;15;12;21;16;14;26;19;15;9;12;17;9;19;9;7;5;6;5;8;11;3;5;9;2;4;5;3;5;6;5;2;5;4;4;3;4;4;3;5;0;3;3;1;3;5;1;5;3;3;3;0;1;2;0;0;1;3;1;1;1;0;1;1;1;1;0;0;0;0;0;0
280440905000011;8;815;815;232;165;288;49;1;4;22;3;26;1;14;0;6;4;0;0;0;0;0;19;1;1;0;1;2;2;1;5;1;1;3;1;25;23;24;18;19;19;15;15;19;17;19;23;12;14;16;19;11;22;19;17;12;16;18;21;18;10;13;13;9;9;13;12;11;10;8;7;11;12;10;6;9;12;10;1;9;9;6;5;8;6;4;3;8;5;5;5;8;8;4;10;1;7;6;5;5;2;8;2;2;3;2;0;4;1;1;1;2;0;0;0;0;2;1;0;0;0;0;0;0;0;0;0;0;0;0;0;0;1;0;0
280440905000012;5;736;736;172;124;230;83;8;15;1;2;80;1;5;0;13;0;1;0;1;0;0;12;1;0;1;1;0;1;4;0;0;3;0;1;8;12;19;19;18;15;14;19;18;15;14;21;14;14;17;21;22;17;11;14;20;14;8;9;10;12;15;9;13;16;9;11;8;7;5;9;9;5;9;11;11;6;8;3;7;6;7;6;8;11;5;5;6;2;8;6;4;5;8;3;6;6;2;3;5;2;3;2;2;3;2;1;2;6;3;3;3;1;3;2;1;0;4;0;0;0;0;0;1;0;0;1;0;0;0;0;1;0;0;0
280440905000013;5;871;859;230;158;251;133;23;4;3;1;50;3;4;1;9;1;0;0;0;0;0;20;2;0;0;3;1;3;4;2;3;1;1;0;17;15;15;13;14;17;15;21;15;28;22;24;26;32;35;26;16;23;15;22;18;18;18;13;22;9;15;10;9;11;9;13;10;13;9;11;7;8;11;3;10;11;6;7;7;13;6;8;7;11;3;6;5;6;5;2;6;8;5;5;3;2;2;7;5;4;3;5;5;2;0;3;2;0;3;2;3;0;1;2;1;2;2;0;1;1;0;0;2;0;0;0;0;0;0;0;0;0;0;3
280440905000014;5;291;291;73;50;106;44;1;2;0;1;10;0;2;0;2;0;0;0;0;0;0;9;1;3;0;0;1;0;0;0;0;1;1;2;3;5;4;6;3;11;8;13;3;12;6;13;4;9;10;9;7;9;7;6;8;4;3;7;4;7;2;3;5;2;3;3;5;2;0;2;7;1;2;3;3;2;4;0;3;3;2;4;1;0;1;4;4;2;1;0;0;0;2;2;0;1;1;0;3;1;0;1;2;3;0;1;2;0;3;0;1;0;1;1;0;1;1;0;0;0;0;0;0;0;0;0;0;0;0;0;0;0;0;0
280440905000015;5;252;252;66;47;87;28;0;4;0;0;19;0;1;0;0;0;0;0;0;0;0;2;0;0;0;0;1;0;1;0;0;0;0;0;2;4;3;4;6;2;4;6;2;6;8;6;9;8;9;10;5;5;3;7;4;5;5;7;3;4;2;4;3;6;3;9;2;2;3;2;3;5;3;3;2;3;2;3;1;4;1;0;2;1;1;0;2;2;0;5;3;2;3;2;2;3;1;0;1;1;0;1;3;4;0;2;0;0;1;1;0;0;0;0;0;0;0;0;1;0;0;1;0;0;1;1;0;0;0;0;0;0;0;0
280440905000016;5;379;374;96;75;151;34;3;1;0;0;15;0;1;0;3;0;0;0;0;0;0;9;2;0;1;0;1;0;2;0;1;1;0;1;10;9;10;5;12;9;8;6;11;9;14;10;7;6;10;10;8;15;10;6;3;5;5;11;6;9;6;8;6;8;2;5;7;4;4;2;2;4;7;1;1;3;0;4;5;2;2;5;6;5;3;1;4;1;7;1;0;0;2;2;1;4;5;1;1;1;0;2;3;2;0;0;0;0;0;0;1;1;0;2;0;1;0;0;0;0;0;0;0;1;0;0;0;0;0;0;0;0;0;0
280440905000017;5;464;464;103;71;158;75;8;1;4;0;25;0;7;0;10;2;0;0;0;0;0;14;0;1;4;1;0;0;5;0;1;0;0;2;11;6;15;13;11;12;17;13;16;6;16;17;11;13;19;8;11;13;7;8;9;15;5;11;15;5;10;7;3;8;4;5;6;3;5;6;4;4;1;3;2;5;2;4;5;2;2;5;2;6;0;5;2;4;2;2;1;2;5;0;2;1;1;1;0;0;1;2;1;2;2;2;0;1;0;0;0;1;0;0;0;1;1;1;0;0;0;0;0;0;0;0;0;0;0;0;0;0;0;0
280440905000018;8;513;511;125;95;201;29;11;6;0;1;35;0;5;0;4;0;1;0;0;0;0;16;1;4;3;1;2;1;1;0;1;2;0;0;11;13;12;11;14;8;9;14;12;20;12;15;23;12;15;14;8;10;10;15;7;9;13;7;6;3;5;9;8;11;3;6;8;5;2;5;5;8;3;7;6;3;5;3;3;4;6;2;9;6;1;3;2;5;4;2;0;5;7;6;3;3;2;0;1;3;5;3;0;2;2;0;0;0;1;0;0;0;0;0;0;0;0;0;0;0;0;1;0;0;0;0;0;0;0;0;0;0;0;1
280440905000019;5;347;347;82;59;136;43;3;6;2;0;11;0;4;0;1;0;0;0;0;0;0;6;0;1;0;1;0;0;0;1;0;1;1;1;9;12;7;11;6;7;5;10;7;12;11;9;16;10;14;10;10;11;5;5;7;7;7;1;7;9;4;9;4;4;1;7;8;1;2;2;3;2;4;4;4;6;3;0;4;3;5;3;2;1;2;1;1;0;2;3;2;2;0;2;1;2;3;1;0;0;0;0;2;0;0;0;1;0;1;0;1;1;0;0;1;0;0;1;0;0;0;0;0;0;0;0;0;0;0;0;0;0;0;0
280440905000020;8;779;768;215;147;250;72;6;9;5;0;58;0;5;1;10;1;0;0;0;0;0;16;6;0;1;2;1;1;0;1;1;1;1;1;14;16;11;20;16;14;5;14;22;15;18;12;23;12;25;20;21;23;25;10;18;16;17;14;14;10;11;10;6;10;12;4;12;14;11;7;10;6;7;4;4;13;8;10;9;8;6;3;7;7;3;7;4;6;9;6;6;8;5;5;3;7;4;4;6;3;2;7;4;3;1;6;2;3;4;1;0;4;3;2;0;0;2;2;0;1;1;1;1;1;0;1;0;0;0;0;0;0;1;0
280440905000021;5;652;633;179;122;213;50;4;14;2;1;47;0;7;3;6;4;0;0;0;0;0;15;0;2;2;2;2;1;0;1;1;3;0;1;8;9;12;15;16;14;15;13;9;19;19;9;16;14;16;11;12;12;6;12;10;13;17;13;8;11;8;7;6;8;17;10;10;11;10;12;7;9;10;6;5;6;5;3;2;5;10;5;3;13;5;6;2;5;4;4;5;5;5;10;7;5;3;1;4;1;4;3;1;2;4;4;7;2;5;1;2;1;0;3;1;2;0;1;2;1;0;0;0;1;0;0;0;1;0;0;0;0;0;0
280440905000022;5;410;410;108;79;118;50;0;6;5;1;24;0;12;1;4;1;1;0;0;0;0;9;1;2;0;2;0;2;0;0;0;1;1;0;4;4;6;6;7;6;6;10;7;6;10;5;2;10;8;9;11;10;12;6;9;9;12;7;8;4;9;6;11;4;4;8;6;8;5;7;5;2;6;6;5;8;7;2;5;8;2;7;6;4;2;6;4;5;3;5;2;4;4;4;1;1;3;1;2;1;2;0;1;0;1;0;2;0;3;1;1;0;0;1;1;0;0;1;1;0;2;1;0;0;0;0;0;0;0;0;0;0;0;0
280440905000023;5;678;678;198;139;218;61;7;4;3;0;33;0;6;0;9;0;0;0;0;0;0;9;0;1;1;0;1;0;1;0;1;3;0;1;9;7;14;4;13;5;17;11;14;14;8;16;25;16;18;9;12;9;10;7;10;13;14;7;10;12;10;8;20;7;13;15;12;9;13;9;9;8;5;13;8;11;5;6;2;3;6;5;7;8;3;3;6;8;5;5;4;2;10;4;1;6;7;3;5;9;2;10;3;10;2;5;5;3;4;2;4;2;2;5;3;0;3;1;1;1;2;0;0;0;0;1;1;0;0;0;0;0;0;0
280440905000024;5;365;365;106;70;111;41;1;6;1;1;15;2;4;2;4;1;0;0;0;0;0;4;1;1;0;0;0;0;0;0;0;1;1;0;8;6;8;6;7;9;8;7;4;5;4;5;7;7;6;5;7;10;7;9;3;4;6;7;5;8;6;2;7;5;4;4;5;8;11;7;8;2;11;5;4;3;3;4;3;3;3;3;2;3;2;2;4;1;0;1;4;1;3;3;4;3;2;8;2;3;1;1;2;2;1;1;2;4;2;1;2;2;0;4;1;2;1;0;1;1;0;0;0;1;1;0;1;0;0;0;0;0;0;0
280440905000025;8;104;104;34;20;24;14;0;1;1;0;6;0;0;0;2;0;0;0;2;0;0;3;0;1;0;1;0;0;0;0;1;0;0;0;3;3;1;3;1;2;1;3;2;5;0;2;0;3;1;0;2;5;2;2;2;2;4;2;2;4;0;2;2;1;2;2;0;3;1;0;1;1;1;0;0;2;0;4;2;1;0;2;0;1;1;0;1;0;2;0;2;0;1;2;0;0;1;2;0;1;1;0;0;2;0;0;0;0;0;0;0;0;0;0;0;0;0;0;0;0;0;0;0;0;0;0;0;0;0;0;0;0;0;0
280440905000026;5;333;333;87;68;126;19;3;3;0;1;22;0;2;0;2;0;0;0;0;0;0;2;0;0;0;1;0;0;1;0;0;0;0;0;14;8;8;5;4;5;1;6;7;12;9;12;8;11;8;3;7;10;9;7;7;9;3;8;10;3;6;2;5;2;3;3;6;3;3;5;5;4;2;2;1;3;5;6;2;3;2;3;1;9;6;2;3;1;3;1;8;2;2;3;6;5;4;2;1;0;1;0;0;0;0;0;0;0;0;0;0;0;0;1;0;0;0;0;0;0;0;0;0;0;0;0;0;0;0;0;0;0;0;0
280440905000027;1;913;913;249;187;265;125;29;8;2;1;32;0;3;1;11;0;0;0;0;0;0;12;0;1;2;1;2;3;1;1;0;1;0;0;21;20;15;19;20;25;13;15;20;28;16;20;26;17;28;22;28;14;18;21;9;17;20;29;14;8;12;20;13;19;6;10;13;11;14;13;14;20;16;16;12;11;7;13;14;11;7;5;12;13;8;6;7;2;6;7;5;3;2;4;1;3;4;1;6;2;5;5;3;4;1;0;3;1;0;1;0;2;1;2;0;0;0;0;0;0;0;0;0;1;0;0;0;0;0;0;0;0;0;0
280440905000028;1;781;781;200;134;197;105;9;14;8;0;67;5;11;2;14;15;0;0;0;0;0;9;1;1;0;0;2;0;0;0;2;1;1;1;17;8;15;14;16;12;16;16;9;12;23;15;23;15;21;17;14;16;10;11;22;18;15;9;22;14;10;18;11;18;17;9;10;10;16;12;7;11;11;7;8;6;9;6;8;13;6;5;11;2;9;6;5;6;3;7;3;1;4;8;3;3;3;2;7;5;6;5;0;4;2;1;3;2;4;3;3;2;2;4;1;3;2;1;1;0;2;1;0;2;0;0;0;1;0;0;0;0;0;1
280445805000001;1;812;807;268;199;241;54;11;6;5;1;13;1;5;0;5;1;1;0;1;0;0;9;2;2;1;0;1;0;0;1;0;1;1;0;5;5;11;17;6;10;7;15;12;17;12;13;13;5;11;15;12;27;13;18;13;11;16;16;17;16;12;13;8;17;20;16;13;13;19;14;10;16;11;12;14;11;8;7;9;9;17;6;11;10;8;13;7;11;6;4;7;5;6;5;6;10;5;4;5;3;2;4;6;6;9;3;1;4;6;2;3;1;3;3;0;4;3;1;1;1;2;1;0;1;0;1;0;1;0;0;0;0;0;0
280445805000002;1;960;960;296;214;291;83;20;4;4;2;27;0;10;0;5;2;2;0;0;0;0;20;2;2;2;5;2;1;0;1;1;0;3;1;15;18;19;19;20;19;15;22;17;16;16;19;22;20;14;14;17;24;20;18;10;20;19;17;13;19;16;21;16;25;14;17;13;15;20;18;13;14;13;9;13;14;6;11;9;16;13;16;10;11;6;6;5;7;10;4;6;6;12;2;6;6;4;2;1;6;7;6;3;5;2;1;1;3;1;1;3;0;1;1;1;2;0;1;1;0;0;0;2;0;0;0;0;0;1;1;0;0;1;1
280445805000003;1;742;742;225;164;223;59;1;13;4;1;35;0;5;0;12;0;0;0;0;0;0;15;3;2;0;1;0;2;0;3;1;1;2;0;14;9;10;6;7;4;17;15;5;12;11;13;15;14;12;15;18;18;20;5;12;12;6;7;12;7;4;11;13;4;12;10;8;13;15;8;18;17;9;16;14;10;10;13;9;9;10;11;10;5;7;10;4;9;8;12;8;4;6;11;4;6;6;11;10;3;7;5;3;5;3;4;1;3;0;1;2;1;0;2;3;1;2;2;2;0;1;2;0;1;0;0;0;0;0;0;2;0;0;0
280445805000004;5;597;597;207;134;173;55;2;3;0;2;16;1;1;0;2;1;0;0;0;0;0;9;0;0;2;0;0;1;0;1;1;1;2;1;13;6;9;7;14;6;7;4;6;11;12;14;10;14;9;7;7;16;12;11;11;13;15;9;5;7;4;5;5;7;7;7;12;6;15;8;9;11;7;13;10;2;12;11;10;6;8;3;3;8;1;5;5;3;8;6;5;7;8;6;4;7;5;6;5;5;1;4;3;3;2;5;4;3;5;3;6;3;0;4;2;0;3;0;0;0;2;1;1;1;0;1;0;0;1;0;0;0;0;0
280445805000005;8;140;140;43;33;52;9;1;0;0;0;1;0;0;0;1;0;0;0;0;0;0;4;1;0;0;0;0;1;0;0;0;0;0;2;1;1;1;2;1;4;5;6;2;3;0;7;5;5;4;3;6;3;1;2;1;2;3;0;1;2;1;1;1;1;3;2;2;1;1;3;4;3;2;2;1;2;4;0;6;1;1;3;1;0;0;3;0;0;0;1;1;0;0;0;2;1;0;2;0;2;1;0;0;0;0;0;2;1;0;0;1;0;0;1;0;0;0;0;0;0;0;0;0;0;0;0;0;1;0;0;0;0;0;0
280445805000006;8;322;322;95;76;114;29;0;1;1;0;3;0;1;1;1;0;0;0;0;0;0;6;1;1;0;2;1;0;0;1;0;0;0;0;7;7;5;3;4;2;5;4;3;9;6;2;6;10;9;5;11;6;9;7;5;5;5;5;6;6;10;3;5;3;2;1;4;4;5;6;6;4;6;7;5;8;4;2;4;6;2;0;2;5;0;0;1;3;3;2;3;0;2;5;4;3;2;2;2;1;1;1;5;3;2;2;3;2;0;1;1;0;0;0;0;0;1;0;1;1;1;0;0;0;1;1;0;0;0;0;0;0;0;0
280445805000007;8;375;369;100;84;134;38;2;4;0;0;7;0;1;2;3;0;0;0;0;0;0;3;0;1;0;0;1;1;0;0;0;0;0;0;5;9;3;7;14;1;6;7;8;4;12;5;11;4;9;7;8;5;12;5;6;9;13;5;7;8;5;5;4;5;5;3;6;6;7;7;9;2;5;4;6;9;4;3;7;2;4;1;1;1;3;4;4;1;1;4;0;5;1;5;2;3;0;5;4;1;2;1;0;4;1;4;1;0;1;1;4;0;0;2;2;0;1;0;2;0;0;0;0;1;0;0;0;0;0;1;0;0;0;0
280445805000008;8;285;285;80;67;119;9;2;0;0;1;4;0;2;0;1;0;0;0;0;0;0;2;0;0;0;1;0;0;0;0;0;0;0;1;1;5;5;3;11;6;6;7;6;6;7;7;8;4;5;9;6;3;5;5;4;1;3;7;9;5;2;9;6;7;7;5;5;5;3;7;3;4;1;3;2;6;4;5;3;0;4;2;2;3;3;1;2;3;1;1;2;1;2;0;4;1;0;3;1;2;0;5;0;0;1;0;0;1;0;1;0;1;0;1;0;2;0;0;0;0;0;0;1;0;0;0;0;0;0;0;0;0;0;1
280445805000009;8;297;297;92;75;108;16;0;1;0;0;4;0;0;0;1;0;0;0;0;0;0;5;0;1;0;0;2;0;0;0;0;1;1;0;4;2;6;11;4;1;5;6;4;6;2;7;1;4;5;3;5;3;8;3;11;7;7;10;4;7;3;13;6;10;7;8;8;3;5;2;1;3;1;6;2;2;0;1;2;3;3;3;1;4;2;0;5;2;1;3;4;2;5;4;3;4;1;2;2;0;2;1;2;0;2;1;2;0;3;1;3;0;1;0;0;0;0;0;0;0;0;0;0;0;0;0;0;0;0;0;0;1;0;0
280445805000010;8;627;627;169;143;255;33;1;5;0;0;17;1;2;0;1;0;0;0;0;0;0;5;0;1;1;2;1;0;0;0;0;0;0;0;9;10;8;8;12;10;17;8;11;8;16;16;12;11;16;14;14;11;15;12;9;9;18;15;14;14;13;17;11;14;7;11;15;6;10;7;4;10;4;9;10;3;7;3;5;8;8;3;6;6;4;3;9;6;5;5;7;7;5;5;4;4;5;4;5;6;3;0;4;0;1;0;1;0;2;0;0;0;3;0;1;1;0;3;2;1;0;0;1;0;0;0;0;1;0;0;0;0;0;0
280445805000011;8;155;155;46;42;55;1;0;1;1;0;4;0;0;1;1;3;0;0;0;0;0;5;0;3;0;0;1;1;0;0;0;0;0;0;3;0;1;1;3;2;3;3;3;3;3;2;2;1;7;2;6;3;1;2;3;5;3;5;3;3;1;2;4;5;2;1;2;2;3;1;2;1;1;4;3;1;1;1;2;0;0;1;1;2;1;2;2;1;4;3;3;1;0;0;3;0;2;1;1;0;0;1;0;1;1;0;0;2;0;1;0;0;0;0;0;3;0;0;0;0;0;0;0;0;0;0;0;1;0;0;0;0;0;0
280445805000012;8;332;332;86;69;143;17;2;2;3;0;3;0;6;0;1;0;0;0;0;0;0;3;0;0;1;0;0;1;1;0;0;0;0;0;2;5;1;12;9;3;7;5;9;7;8;9;12;9;12;4;8;6;7;6;7;4;6;4;3;3;5;8;10;1;3;6;5;4;6;7;4;2;4;8;3;2;2;5;3;4;0;1;5;4;3;1;3;3;2;5;2;1;2;9;4;2;1;4;3;1;0;1;4;0;1;2;0;1;0;0;1;1;0;0;0;0;0;0;0;1;0;0;0;0;1;0;0;0;0;0;0;0;0;0
280445805000013;8;368;367;104;70;128;36;6;3;3;0;7;0;3;1;5;0;1;0;1;0;0;3;0;1;0;0;0;0;1;1;0;0;0;0;8;6;8;4;6;7;7;7;5;13;7;7;10;16;11;4;14;7;12;5;10;4;3;9;6;6;5;5;5;4;3;5;4;1;1;8;7;4;6;8;7;7;3;5;3;4;2;3;5;5;2;2;2;1;1;4;1;4;4;4;1;0;2;1;2;1;0;3;1;2;3;1;2;1;1;0;2;0;1;0;0;0;0;0;0;0;2;0;0;0;0;1;0;0;1;0;0;0;0;0
280445805000014;8;251;251;80;55;80;22;4;2;0;0;5;0;0;0;3;0;0;0;0;0;0;3;0;0;0;0;0;0;1;0;0;0;1;1;3;1;2;3;1;3;2;2;4;3;5;5;4;5;3;6;0;1;8;6;9;7;3;5;3;4;0;5;3;4;9;6;2;9;2;1;3;4;2;7;2;6;1;4;4;5;4;4;2;2;3;2;3;0;6;2;2;4;1;5;4;2;2;3;2;0;2;2;0;3;1;0;2;1;1;2;1;0;0;0;0;0;0;1;1;0;0;0;0;0;0;0;0;1;0;0;0;0;0;0
280445805000015;8;331;331;91;64;132;16;2;5;3;1;10;0;6;0;1;0;0;0;0;0;0;4;0;1;0;1;2;0;0;0;0;0;0;0;5;5;2;4;5;6;6;5;4;4;4;12;3;12;3;8;8;5;5;5;7;5;6;6;5;4;4;3;6;7;3;4;4;4;8;9;2;4;3;2;6;4;6;1;2;2;4;5;5;5;5;2;3;2;5;2;2;4;3;1;2;1;5;1;5;2;2;4;3;2;3;1;4;0;1;1;2;1;0;1;3;2;1;1;0;0;0;0;0;1;2;0;0;0;0;0;0;0;0;0
280445805000016;8;434;430;127;90;131;41;9;5;4;3;18;0;2;0;4;0;0;0;0;0;0;7;1;0;0;0;1;0;2;1;0;1;0;1;10;7;3;4;8;8;8;4;12;9;14;13;14;5;11;7;11;10;9;12;7;10;5;3;6;4;3;5;10;7;6;12;8;4;6;7;9;3;6;5;5;4;2;3;4;6;4;3;3;4;2;7;2;3;7;3;2;6;3;7;6;3;5;3;2;1;2;0;1;0;2;0;2;1;2;1;1;0;1;2;1;1;1;1;2;0;0;0;0;0;0;0;0;0;0;1;0;0;0;0
280445805000017;8;130;130;37;26;55;6;1;1;0;0;4;0;0;0;0;0;0;0;0;0;0;1;0;0;0;0;0;1;0;0;0;0;0;0;2;1;2;5;2;4;0;1;1;1;3;2;1;3;4;6;1;2;3;2;3;2;3;3;2;0;3;0;1;2;1;2;0;3;4;1;3;2;1;1;1;2;2;3;4;2;1;2;3;0;1;0;1;1;1;2;1;1;1;1;1;2;2;1;1;1;0;0;3;1;0;0;0;0;1;0;1;0;0;0;0;0;0;0;0;0;1;0;0;0;0;0;1;0;0;0;0;0;0;0
280445805000018;1;539;539;186;138;143;31;4;0;13;0;5;0;12;2;2;2;1;0;0;0;0;7;2;0;1;0;0;1;0;1;0;1;0;1;11;14;8;11;8;4;10;18;15;7;6;10;7;6;12;9;13;10;9;9;10;5;20;10;13;16;8;9;13;15;12;12;7;12;10;15;11;8;10;6;9;4;6;4;4;7;3;7;7;3;0;0;3;1;6;3;6;5;6;5;3;3;4;2;1;3;0;1;2;2;0;0;0;0;0;1;0;0;0;0;0;0;1;0;0;0;0;0;0;1;0;0;0;0;0;0;0;0;0;0
280445805000019;1;402;402;139;86;107;33;1;1;5;1;8;0;18;0;1;1;1;0;0;0;0;3;1;0;0;1;0;0;0;1;0;0;0;0;7;6;6;3;4;7;4;7;15;6;5;7;12;11;9;13;5;11;5;7;6;9;3;6;7;6;7;8;5;7;3;7;1;9;9;9;7;3;3;5;5;6;7;4;5;5;9;7;7;1;3;5;4;3;2;3;2;5;3;1;1;2;1;2;0;2;3;1;0;5;4;4;1;3;0;2;1;2;0;0;1;0;1;0;1;0;0;0;1;1;0;0;0;2;0;0;1;0;0;0
280445805000020;5;233;233;73;58;76;14;1;1;1;1;6;0;0;0;1;1;0;0;0;0;0;4;0;0;0;1;0;0;1;0;0;1;0;1;2;3;1;4;3;3;7;5;2;8;3;6;5;9;5;4;3;4;4;2;1;2;5;1;3;5;4;6;2;2;7;12;3;5;7;5;5;5;3;0;0;6;2;0;5;1;2;1;1;3;2;2;3;1;2;2;2;2;5;2;5;2;2;1;2;2;0;0;0;1;0;0;0;0;1;0;2;0;0;0;0;0;0;0;0;0;0;1;0;0;0;0;0;0;0;0;0;0;0;0
280445805000021;5;75;75;22;19;31;1;1;0;0;0;1;0;0;0;0;0;0;0;0;0;0;0;0;0;0;0;0;0;0;0;0;0;0;0;1;2;1;2;1;0;0;1;0;2;2;0;0;2;1;1;1;1;0;1;4;1;3;1;1;2;0;0;1;3;0;0;2;2;3;0;4;0;1;2;0;1;1;1;0;0;0;2;0;0;1;0;1;0;0;2;2;0;1;1;0;3;1;0;2;0;0;1;0;1;1;1;1;0;0;0;0;0;0;1;0;0;0;0;0;0;0;0;1;0;0;0;0;0;0;0;0;0;0;0
280445805000022;5;101;101;31;28;36;1;0;0;1;0;4;0;0;0;0;0;0;0;0;0;0;2;0;0;0;0;0;0;0;1;0;0;1;0;1;1;1;0;2;3;1;0;2;6;2;1;0;2;3;2;3;3;1;2;1;2;0;4;2;3;0;2;1;2;0;1;1;0;3;3;0;6;3;0;0;1;2;2;1;0;3;0;0;1;0;2;3;2;1;0;0;1;0;1;1;2;2;0;0;0;0;2;0;0;0;0;0;0;1;0;0;0;0;1;0;0;0;0;0;0;0;0;0;0;0;0;0;0;0;0;0;0;0;0
280450805000001;1;432;432;135;74;93;54;10;11;6;1;26;0;6;0;9;4;2;0;1;0;0;5;0;0;0;0;0;0;1;2;1;0;1;0;2;3;5;5;8;6;8;4;9;6;7;8;5;9;9;6;6;10;11;9;3;4;9;9;7;4;3;10;11;4;3;6;5;5;4;12;13;5;7;7;7;4;6;6;9;8;1;3;3;2;3;3;4;6;6;3;4;4;3;6;0;2;5;3;6;7;1;2;4;4;4;2;3;2;2;1;3;2;1;1;1;1;1;3;2;0;1;1;0;1;0;0;1;1;0;0;0;0;0;1
280450805000002;1;491;485;153;88;107;62;7;10;7;0;29;1;5;1;5;12;4;0;0;0;0;3;1;0;0;0;0;0;0;0;1;0;0;1;7;5;14;10;4;4;6;6;6;14;6;7;7;9;7;12;9;7;10;9;9;8;6;9;9;12;8;7;9;8;9;7;4;7;7;6;5;7;9;8;3;5;5;10;3;7;5;4;2;7;6;7;4;7;6;5;6;3;1;0;4;7;3;4;4;8;5;1;4;7;2;3;4;2;0;3;0;0;2;0;0;0;1;4;0;5;0;1;0;2;0;0;0;0;1;0;1;0;1;0
280450805000003;1;864;863;274;164;220;98;1;8;12;6;40;2;16;0;15;0;7;0;1;0;0;9;1;0;1;0;1;1;1;0;1;1;0;2;15;8;16;11;11;12;16;12;10;10;10;16;15;17;16;19;16;9;11;13;18;16;18;10;14;17;13;15;23;17;13;21;15;11;16;10;7;15;9;15;10;14;6;14;10;13;12;11;9;9;14;8;4;7;8;5;8;3;4;7;7;8;7;6;4;10;2;3;5;5;7;5;7;3;4;0;2;2;5;2;3;1;7;4;4;2;4;0;0;0;0;1;1;0;2;0;0;0;0;0
280450805000004;1;1061;1061;318;194;264;137;12;26;7;2;59;7;9;0;10;4;6;0;6;0;0;12;0;0;2;3;0;1;1;1;3;0;0;1;5;15;15;11;19;9;15;11;25;18;10;14;21;29;20;25;14;23;18;14;29;30;29;21;15;21;17;13;21;22;10;16;14;21;21;15;17;9;11;13;18;19;20;17;19;15;16;14;15;10;11;4;10;14;6;8;14;5;4;8;4;12;9;9;12;6;9;1;6;4;4;2;3;3;2;1;1;5;2;2;2;1;1;1;1;0;0;0;1;0;0;1;1;0;0;0;0;0;0;0
280450805000005;1;643;643;182;128;175;88;5;12;1;3;28;1;6;2;9;0;3;0;0;0;0;4;0;0;0;1;0;0;1;2;0;0;0;0;10;7;10;6;6;10;13;13;13;10;6;13;10;12;16;12;12;21;14;11;21;16;15;11;11;9;9;16;13;9;7;17;8;9;12;12;7;9;4;12;7;13;12;7;13;7;11;9;4;7;2;4;5;5;6;3;8;4;5;6;4;2;4;0;1;3;2;1;3;4;3;1;2;1;3;3;1;0;1;2;1;3;1;1;0;0;0;0;0;0;0;0;0;0;1;0;0;1;0;0
280450805000006;1;902;902;274;190;245;97;3;9;5;1;40;1;11;3;17;4;2;0;0;0;0;12;2;1;1;0;1;3;1;0;1;1;0;1;8;14;9;17;21;9;12;11;13;22;13;11;15;16;18;17;17;14;16;14;25;17;28;25;19;21;20;14;21;14;12;19;16;13;11;16;9;15;8;11;10;14;3;11;12;12;11;20;13;7;3;9;15;5;6;7;4;6;11;16;5;7;5;5;3;6;5;1;1;2;1;3;1;2;2;2;2;3;1;0;0;0;2;6;3;1;0;0;1;2;1;0;0;0;0;1;0;0;0;0
280450805000007;1;804;793;232;160;219;87;6;20;3;2;41;1;10;0;7;0;7;0;0;0;9;6;0;0;0;1;0;1;0;0;1;1;1;1;15;15;12;10;9;8;15;14;10;15;9;12;9;20;11;15;27;11;20;24;22;23;14;25;7;10;17;11;12;10;10;18;15;14;13;10;15;10;9;15;10;7;12;15;9;10;13;6;5;7;2;8;7;10;4;7;4;8;6;9;7;7;5;5;2;4;2;4;2;5;4;5;1;5;2;3;0;0;3;1;0;1;0;1;1;1;1;3;0;1;1;0;0;1;0;0;0;0;0;0
280450805000008;1;985;985;285;197;242;150;4;12;1;5;46;1;12;0;14;1;15;0;0;0;0;12;0;2;1;2;0;0;0;1;0;3;2;1;14;21;28;21;20;15;15;21;13;24;21;17;23;20;17;12;25;22;18;19;25;24;25;21;24;17;18;15;21;18;12;10;21;14;16;17;15;14;14;18;16;19;14;11;11;3;5;12;8;4;5;2;5;7;11;6;6;3;3;2;3;4;9;4;9;1;4;5;0;3;5;2;1;3;5;2;3;4;1;0;1;0;1;1;0;0;1;1;0;0;0;1;0;1;0;0;0;0;0;0
280450805000009;1;536;536;160;106;131;77;16;7;4;0;21;0;3;0;8;0;2;0;1;0;0;14;1;2;0;2;0;1;0;1;0;4;0;3;16;8;5;3;11;10;9;9;9;17;9;10;13;10;15;10;11;8;6;12;13;17;13;10;14;8;15;9;13;13;7;10;8;6;7;11;6;8;3;7;4;8;8;5;5;6;2;6;2;4;5;1;5;4;4;7;6;2;2;3;1;4;1;4;5;0;0;3;2;3;0;0;1;2;0;1;0;2;0;0;0;0;0;1;2;0;1;0;0;0;0;1;0;0;0;0;0;0;0;0
280450805000010;1;367;367;109;65;69;81;4;1;1;0;24;0;7;0;6;0;0;0;0;0;0;5;0;0;0;1;1;0;0;0;0;1;0;2;6;6;7;6;5;8;10;5;6;11;4;9;6;8;6;10;6;7;4;12;12;9;7;14;11;4;4;11;8;9;5;4;8;2;8;4;7;6;2;4;7;2;3;7;2;4;2;1;4;2;1;3;2;3;1;7;3;4;1;2;1;2;1;0;3;0;2;0;1;1;0;2;0;0;1;1;0;0;2;1;0;0;1;0;0;0;0;0;0;1;0;0;0;0;0;0;0;0;0;0
280450805000011;1;215;0;0;0;0;0;0;0;0;0;0;0;0;0;0;0;0;0;0;0;215;0;0;0;0;0;0;0;0;0;0;0;0;0;0;0;0;0;0;0;0;0;0;0;0;0;0;0;0;0;0;0;1;6;7;6;8;9;16;18;18;9;5;15;13;11;5;12;4;8;7;3;3;7;0;0;1;5;1;2;1;0;1;4;4;0;0;0;0;0;0;0;0;1;0;0;0;1;0;0;0;0;2;0;0;0;0;0;0;0;0;0;0;0;0;1;0;0;0;0;0;0;0;0;0;0;0;0;0;0;0;0;0;0
280450805000012;1;952;952;256;189;246;114;30;18;5;1;48;5;9;0;7;0;24;0;0;0;0;7;1;1;1;0;0;1;1;0;0;1;1;0;11;17;15;16;22;18;19;17;24;17;19;25;20;23;18;19;29;25;21;21;18;15;19;21;18;20;19;20;24;17;22;15;13;14;10;20;16;7;8;18;14;12;11;12;12;6;14;8;4;12;8;5;4;8;4;4;4;5;6;5;4;4;5;5;4;2;1;3;4;5;2;2;3;0;3;1;1;1;0;3;1;0;0;0;1;0;0;1;0;0;0;0;0;0;0;0;0;0;0;1
280450805000013;1;836;836;231;153;232;88;4;21;16;1;50;0;13;1;9;14;2;0;1;0;0;14;2;0;3;0;1;1;1;3;0;0;1;2;8;9;10;7;11;10;15;9;12;16;11;11;19;18;27;18;19;23;14;28;18;20;16;17;12;12;13;18;14;14;13;12;9;10;12;12;16;10;11;20;9;7;5;10;12;11;14;5;11;7;4;6;9;7;9;6;10;7;8;9;3;5;5;6;7;8;5;4;3;5;2;0;1;3;3;1;3;2;3;3;1;2;1;1;1;0;0;0;1;0;1;2;0;0;0;0;0;0;0;0
280450805000014;1;616;616;196;128;154;65;10;10;3;3;26;1;3;1;12;0;4;0;0;0;0;8;0;0;1;2;0;1;0;1;0;1;0;2;4;7;3;11;5;11;13;9;14;11;8;11;11;8;10;6;10;12;16;12;11;13;16;9;9;12;12;14;9;8;12;10;11;10;15;8;10;13;8;10;10;8;7;11;6;12;9;8;8;8;2;1;2;6;2;7;5;2;7;7;5;5;4;4;5;2;6;1;2;1;4;3;2;4;2;1;1;1;2;0;1;3;4;0;0;0;0;4;0;0;0;1;0;0;0;0;0;0;0;0
280450805000015;1;730;730;211;139;185;77;7;19;6;1;50;0;18;0;12;2;2;0;1;0;0;7;2;0;0;1;0;2;1;1;0;0;0;0;12;12;6;4;14;14;7;13;11;11;10;12;13;14;14;15;11;12;17;17;21;10;17;15;17;11;14;13;19;13;14;7;9;11;9;14;10;5;11;15;7;11;8;8;7;8;7;10;3;7;9;12;12;6;13;11;10;5;13;7;3;1;2;0;1;3;6;3;3;4;1;2;2;3;2;1;3;0;1;3;2;3;0;1;0;1;0;1;0;0;2;0;0;0;0;0;0;0;1;0
280450805000016;1;1300;1300;390;291;371;143;17;9;5;2;47;1;4;0;9;8;2;1;0;0;0;17;0;1;1;1;1;3;3;0;1;0;4;2;21;24;27;24;15;23;22;25;25;30;26;20;27;16;27;24;25;21;18;26;16;28;29;34;32;26;40;36;36;25;28;19;20;14;18;17;20;23;24;17;20;17;25;18;16;20;14;9;13;3;7;7;13;9;6;8;3;4;7;8;7;4;11;5;7;3;3;1;2;4;2;8;4;3;1;4;1;4;2;1;3;1;1;0;3;1;0;0;1;0;0;0;1;0;0;0;0;0;0;0
280450805000017;1;1115;1113;307;205;279;164;30;21;5;1;52;3;22;0;23;0;0;0;1;0;0;20;3;1;1;2;3;0;2;0;1;3;3;1;23;19;27;25;28;17;23;21;30;24;17;20;35;30;25;25;21;32;24;28;20;28;33;16;24;11;12;18;20;15;16;19;18;17;21;16;20;11;19;10;11;16;8;7;14;10;9;7;10;14;9;13;9;6;4;8;4;3;8;6;5;5;4;3;4;3;3;4;2;1;3;2;2;3;4;0;2;4;0;0;0;0;1;0;1;2;0;1;0;0;0;2;0;0;0;0;0;0;0;0
280450805000018;1;138;138;43;30;36;13;0;2;0;0;12;0;1;0;0;0;0;0;1;0;0;1;0;0;0;0;1;0;0;0;0;0;0;0;0;3;1;1;5;2;1;3;3;3;1;4;4;6;2;1;2;3;4;1;1;1;2;2;1;1;1;2;2;4;0;5;3;3;2;1;1;1;2;0;1;4;3;3;1;1;3;3;0;0;2;1;1;2;1;2;2;1;1;2;0;0;2;1;2;0;0;2;0;0;3;3;1;0;1;0;1;0;0;1;0;1;0;0;0;0;0;0;0;0;0;0;0;0;0;0;0;0;0;0
280450805000019;1;711;707;199;134;185;82;11;12;5;3;48;0;12;0;16;0;0;0;0;0;0;8;2;0;1;2;0;1;1;0;0;0;1;0;10;13;4;13;14;11;12;11;13;10;13;16;15;20;9;17;14;11;15;11;20;16;10;11;17;9;13;10;16;10;9;8;13;7;16;12;13;8;15;7;16;16;7;11;6;8;7;3;8;6;6;7;8;7;5;4;6;6;3;3;4;6;1;5;3;4;4;1;6;2;3;3;1;4;0;1;2;1;0;2;0;3;3;0;1;0;0;2;0;2;1;0;0;0;2;0;0;1;0;0
280450805000020;1;826;826;199;138;232;102;39;17;7;1;63;1;3;0;7;0;17;0;0;0;0;6;0;0;2;0;1;0;1;1;0;1;0;0;12;20;21;14;27;10;22;22;33;23;26;28;31;26;28;15;10;24;14;14;10;17;8;8;9;9;9;12;12;11;20;5;14;17;8;17;8;6;6;12;9;12;6;8;5;5;7;6;11;5;5;4;9;5;6;5;5;5;4;5;3;7;0;4;2;3;3;6;0;2;3;2;3;0;1;2;2;0;1;3;1;0;1;2;1;1;1;0;0;0;0;0;1;0;0;0;0;0;0;0
280450805000021;8;492;492;157;112;146;31;1;5;11;3;6;0;14;0;5;0;1;0;0;0;0;8;0;1;1;1;1;1;2;0;0;0;1;0;7;10;9;2;8;9;3;8;4;5;14;7;7;7;11;7;12;13;6;7;15;12;6;8;13;9;12;9;7;10;8;13;6;3;8;2;3;6;4;7;5;4;5;3;4;5;15;5;12;4;7;4;9;5;4;5;7;5;5;6;4;3;6;2;2;6;2;0;2;6;0;0;2;2;0;0;2;0;2;0;0;0;1;1;1;0;1;1;1;1;0;0;0;0;0;0;0;0;0;0
280450805000022;8;307;307;87;73;99;21;4;5;0;0;15;0;2;0;1;0;0;0;0;0;0;3;0;0;0;0;0;1;0;0;0;2;0;0;7;3;7;5;3;5;8;5;4;4;6;4;8;8;5;3;5;5;5;2;6;2;6;9;5;1;6;2;7;11;9;4;5;7;4;6;2;3;5;6;5;2;3;3;6;2;1;4;4;1;2;5;2;4;4;3;1;2;7;2;1;5;4;1;2;0;4;3;3;1;2;0;1;1;1;2;0;0;0;1;0;0;0;0;0;0;0;0;0;0;0;0;1;0;0;0;0;0;0;0
280450805000023;8;753;753;218;172;239;44;13;6;2;2;38;0;4;0;9;0;6;0;0;0;0;13;1;2;0;3;2;0;0;1;1;1;2;0;11;16;12;18;13;15;10;21;12;17;13;18;24;15;20;21;13;18;12;14;17;15;17;14;19;13;17;8;14;9;7;8;10;17;7;7;8;9;13;10;7;9;9;13;11;9;11;4;5;7;7;7;11;9;7;2;4;1;3;4;2;3;4;4;1;3;6;1;2;1;2;1;2;1;1;0;2;0;1;1;2;4;0;1;0;0;0;0;2;0;0;0;0;0;1;0;0;0;0;0
280450805000024;8;513;508;148;121;212;14;1;3;1;0;5;0;5;0;2;0;0;0;1;0;0;7;1;2;0;2;2;0;0;0;0;0;0;0;7;10;10;5;10;1;8;9;10;14;4;6;15;9;15;10;16;12;11;4;14;12;11;8;8;4;6;13;9;6;7;7;8;7;5;4;7;2;4;11;9;4;7;6;3;5;7;9;3;5;5;7;6;9;8;3;4;4;4;2;3;6;3;6;6;2;2;1;5;2;3;1;0;2;0;1;0;4;0;2;0;1;1;2;0;1;0;0;0;1;0;0;0;0;0;1;1;0;0;0
280450805000025;5;368;368;122;96;119;8;1;2;4;1;7;0;4;0;4;0;0;0;0;0;0;8;0;0;1;0;1;1;0;1;0;0;1;3;5;9;3;6;4;7;6;8;7;8;8;5;4;5;3;7;6;7;3;3;5;9;3;8;6;4;5;6;9;11;3;7;4;2;5;7;7;2;5;9;4;6;6;5;2;4;4;4;3;5;2;3;4;6;2;4;5;2;4;7;3;4;4;3;2;6;2;2;1;1;1;0;1;2;0;1;1;3;1;1;1;2;0;1;1;0;1;0;0;1;0;0;1;0;0;0;0;0;0;0
280450805000026;8;447;447;127;100;162;36;5;1;0;0;9;0;1;1;5;0;0;0;0;0;0;6;0;0;0;1;0;0;0;0;2;2;0;1;13;7;11;7;12;9;10;9;7;10;11;9;11;10;11;6;7;4;9;8;8;13;5;9;6;5;12;7;12;5;12;3;9;4;4;4;4;6;5;10;9;13;0;9;4;5;1;2;7;6;5;4;3;2;2;1;2;4;0;1;1;3;4;7;2;3;1;0;3;0;2;0;3;3;1;0;0;1;0;0;1;0;1;0;0;1;0;0;0;0;0;0;0;0;0;0;0;0;0;0
280450805000027;8;885;885;251;208;353;37;2;8;1;0;17;0;3;0;3;0;2;0;0;0;0;5;0;0;1;0;1;0;2;1;0;0;0;0;18;6;12;3;14;13;8;17;14;33;24;30;24;34;23;21;25;16;19;12;18;13;20;14;11;6;15;15;16;19;10;11;17;13;10;10;15;11;10;14;13;9;14;19;10;5;14;13;8;8;6;9;4;8;4;12;6;11;4;4;7;2;4;2;5;4;5;2;1;5;1;1;3;0;1;3;2;3;0;4;3;1;0;2;1;1;0;0;0;0;0;1;0;0;0;0;0;1;0;0
280450805000028;5;461;461;148;115;140;27;5;4;2;0;18;0;2;0;0;0;0;0;0;0;0;4;0;1;0;0;0;1;0;1;0;0;0;1;5;6;5;8;4;9;9;4;9;10;6;8;14;11;20;6;8;6;11;5;13;12;11;7;8;6;6;7;8;2;15;8;5;6;10;12;8;7;11;7;5;5;7;6;0;7;4;4;4;7;1;2;0;0;3;1;2;1;3;5;2;3;4;6;5;3;3;6;2;3;1;2;3;3;0;0;1;1;1;1;0;0;0;1;0;3;1;1;0;0;0;0;0;1;0;0;0;0;0;0
280450805000029;8;489;489;144;115;181;25;0;9;1;1;10;0;0;0;2;0;1;0;0;0;0;5;1;1;1;0;0;1;1;0;0;0;0;0;7;6;6;7;2;5;8;10;12;10;12;15;10;10;17;17;10;9;7;7;4;9;5;7;6;5;6;11;7;10;9;9;9;7;11;9;4;12;9;6;8;9;5;4;3;2;12;2;1;4;2;7;3;1;5;5;2;3;3;7;1;6;1;7;4;1;4;3;4;5;1;1;0;1;1;0;0;0;1;0;2;1;2;3;0;0;1;2;1;1;0;0;0;0;0;0;0;0;0;0
280450805000030;8;855;851;248;189;302;60;19;4;6;0;20;0;3;0;4;0;0;0;0;0;0;12;0;1;1;2;1;1;0;2;1;0;2;1;17;15;19;16;20;26;19;21;19;17;20;21;29;19;19;17;21;17;14;16;17;20;14;11;16;13;7;15;13;9;13;11;12;17;10;9;13;5;19;15;9;17;11;8;15;9;10;5;4;6;3;11;4;3;7;10;5;7;3;9;4;4;3;6;2;3;4;2;2;0;1;3;0;0;2;0;2;1;1;3;0;1;0;0;0;0;0;1;1;0;0;0;0;0;0;0;0;0;0;0
280450805000031;8;664;664;176;143;267;44;6;4;1;0;16;0;1;0;6;0;0;0;0;0;0;11;0;1;0;1;0;3;0;0;1;2;2;1;3;15;20;16;6;7;13;15;11;16;17;17;17;19;20;21;14;16;16;20;6;18;17;7;14;9;9;5;8;8;6;9;11;9;7;11;7;7;13;10;6;15;4;4;7;9;5;5;8;5;6;5;3;3;3;5;4;7;3;5;5;7;3;2;4;2;3;1;2;1;1;1;5;1;1;1;1;1;0;0;2;0;0;1;0;1;1;0;1;0;2;1;0;0;0;0;0;0;0;0
280450805000032;5;401;401;89;65;181;42;0;3;1;0;6;0;10;0;4;0;0;0;0;0;0;3;0;0;0;0;1;1;0;1;0;0;0;0;8;5;7;7;10;13;9;13;10;13;15;13;8;17;11;14;7;6;11;17;7;7;9;4;4;9;3;0;0;4;4;4;8;5;3;6;5;5;3;6;8;5;10;6;2;0;4;2;0;5;2;1;2;2;1;2;1;1;5;2;0;2;4;1;2;1;3;0;1;2;1;1;1;0;0;0;0;2;1;2;1;0;0;0;0;1;0;0;0;1;0;0;0;0;0;0;0;0;0;0
280450805000033;8;577;577;156;128;212;26;5;8;5;1;21;0;5;0;8;1;1;0;0;0;0;9;1;0;0;1;3;1;0;1;1;0;0;1;7;13;9;11;18;12;10;18;7;11;12;19;11;8;13;12;9;9;10;13;9;14;14;14;11;8;7;7;8;7;5;9;8;10;8;7;7;7;10;10;9;11;7;11;1;6;6;4;3;6;6;4;4;5;3;8;1;2;4;3;2;2;1;5;2;4;7;3;2;2;1;3;3;7;3;0;0;2;1;0;0;0;0;0;1;1;0;0;0;0;0;0;0;0;0;0;0;0;0;0
280450805000034;8;634;629;169;137;219;62;3;7;0;0;31;0;2;1;1;2;0;0;0;0;0;12;1;1;0;1;2;0;1;2;1;0;2;1;8;12;9;11;16;9;9;13;7;21;11;13;13;20;17;16;10;12;8;17;13;10;9;13;11;4;12;8;5;8;9;7;10;4;8;6;16;8;5;17;6;13;8;13;7;7;8;1;6;12;6;2;6;2;5;3;5;4;3;3;3;2;9;2;4;4;4;2;1;4;2;4;2;3;1;1;3;5;1;3;3;1;0;1;0;0;0;1;0;0;0;0;0;0;0;0;0;0;0;1
280450805000035;8;651;628;184;136;225;54;2;8;2;4;33;1;1;0;1;0;0;0;0;0;0;9;0;2;0;2;1;1;1;0;0;1;1;0;16;10;12;9;11;11;12;12;15;13;9;10;10;26;15;12;10;16;12;10;10;23;17;8;11;11;5;11;12;6;11;6;7;13;8;10;10;10;5;5;5;7;5;10;7;8;4;8;8;2;7;11;5;8;3;2;5;8;9;6;5;2;2;7;4;3;6;7;0;4;1;2;2;1;0;2;3;1;1;1;1;0;0;0;1;1;3;0;0;2;0;0;2;0;0;0;0;0;0;0
280450805000036;8;563;563;154;119;183;36;14;14;2;1;28;0;6;1;3;1;1;0;0;0;0;8;0;1;1;0;1;1;1;0;1;0;1;1;12;13;9;11;9;14;14;11;12;10;11;13;14;15;7;15;11;11;11;10;11;12;11;9;10;6;11;9;4;7;10;5;4;5;7;7;9;7;6;6;5;7;3;2;9;8;6;6;5;8;1;3;8;3;8;5;4;6;3;5;5;5;6;3;0;2;3;4;3;8;1;2;3;3;2;2;0;2;0;0;2;1;2;0;1;1;0;0;0;0;0;0;0;0;0;0;0;0;0;0
280450805000037;8;679;679;187;136;242;53;11;2;3;4;29;0;2;0;8;2;0;0;0;0;0;9;2;2;0;0;1;0;1;0;3;0;0;0;9;18;13;12;13;7;14;15;13;24;19;15;14;20;19;12;13;16;8;14;12;10;13;6;8;11;6;11;12;10;6;8;11;8;8;7;9;11;10;10;8;8;6;7;10;12;13;10;8;8;4;10;4;5;2;10;3;4;4;5;1;4;5;5;3;3;6;1;1;4;1;2;0;2;3;1;1;2;1;2;0;0;0;1;1;0;0;1;1;0;0;0;1;0;0;1;0;0;0;0
280450805000038;8;375;366;109;69;121;37;9;3;1;1;19;0;4;0;1;0;1;0;0;0;0;6;1;1;1;0;0;0;0;0;0;0;3;0;8;6;11;7;5;7;6;6;6;5;3;9;9;5;16;9;8;9;9;2;5;7;10;9;10;5;4;6;6;9;4;6;2;4;3;6;4;2;6;4;4;6;5;1;7;4;4;2;2;3;4;7;3;5;3;3;2;3;0;6;2;3;4;4;1;3;1;1;2;1;1;1;0;0;0;2;2;0;1;1;0;2;1;2;0;1;0;0;0;0;0;0;0;0;1;0;0;0;0;0
280450805000039;8;299;299;81;67;108;24;6;2;1;0;6;0;1;0;2;0;1;0;0;0;0;7;0;0;0;0;0;0;2;2;2;0;1;0;3;5;8;6;4;8;6;8;3;4;6;6;4;4;7;8;3;7;4;9;4;4;5;6;6;4;0;3;4;3;7;5;4;7;5;6;6;5;6;2;3;7;3;3;5;1;5;1;3;3;3;0;1;6;4;3;2;0;3;2;1;4;1;0;3;3;1;0;0;1;1;2;1;1;1;0;1;1;0;0;1;0;2;1;1;0;0;2;0;0;0;0;0;0;0;0;0;0;0;0
280450805000040;1;159;158;49;36;44;13;4;3;0;0;4;2;2;0;2;0;0;0;0;0;0;1;0;0;0;0;0;0;0;1;0;0;0;0;4;3;4;1;2;4;3;6;2;0;2;2;1;3;1;3;3;2;2;5;4;3;4;3;3;2;3;3;2;3;3;2;8;9;4;3;0;2;3;4;1;0;0;3;3;0;0;1;2;1;0;1;0;1;0;2;1;0;0;2;1;1;0;4;1;0;0;0;1;1;1;0;0;1;0;0;1;1;0;2;0;0;1;1;1;0;0;0;0;0;0;0;0;0;0;0;1;0;0;0
280450805000041;1;356;353;106;74;96;37;4;1;3;0;21;0;4;0;9;1;0;0;0;0;0;2;1;0;0;0;0;1;0;0;0;0;0;0;3;8;5;6;5;4;5;2;5;6;7;8;3;6;10;11;7;3;5;7;4;8;9;5;7;6;8;5;6;4;6;7;3;3;7;5;5;3;4;5;8;5;3;6;6;5;8;7;5;6;3;4;4;2;1;2;4;4;1;1;5;2;1;4;1;1;1;3;2;3;1;1;2;2;1;2;0;2;1;0;0;1;2;2;0;0;0;1;1;0;0;0;1;0;0;0;0;0;0;0
280450805000042;1;321;319;91;73;99;21;2;3;1;2;14;0;4;0;10;0;1;0;0;0;0;4;0;1;0;0;0;2;0;0;0;0;0;1;3;5;2;4;6;5;7;6;1;4;4;7;5;4;8;4;5;3;4;5;6;12;9;7;3;2;5;7;7;9;2;5;7;4;2;7;6;2;6;10;3;4;4;3;4;5;5;4;5;2;2;2;4;1;5;5;10;4;3;2;1;3;1;2;1;1;4;0;1;2;1;2;1;1;2;0;1;2;0;0;0;1;0;0;0;1;0;0;0;1;1;0;0;0;0;0;0;0;0;0
280450805000043;1;207;207;60;40;56;27;2;0;1;0;17;0;1;0;2;0;1;0;0;0;0;2;0;0;0;1;0;0;0;1;0;0;0;0;5;3;3;2;3;4;3;2;1;5;3;2;4;7;7;4;4;5;6;0;1;2;7;3;2;5;5;5;4;5;7;3;3;4;3;2;2;1;2;2;2;1;2;5;3;3;3;1;1;3;1;1;3;3;1;4;4;1;2;2;0;2;1;1;1;2;0;2;0;3;1;1;1;0;1;0;1;0;0;0;0;0;0;0;0;0;1;0;0;0;0;0;0;0;0;0;0;0;0;0
280450805000044;1;52;52;13;12;21;0;3;1;0;0;1;0;1;0;0;0;0;0;0;0;0;0;0;0;0;0;0;0;0;0;0;0;0;0;1;2;1;4;1;1;2;1;1;4;3;1;1;0;0;0;0;0;0;1;1;1;1;3;0;1;3;2;0;2;0;2;3;1;1;0;2;0;2;0;0;0;0;0;0;1;0;1;0;0;0;0;0;0;0;0;0;0;0;0;1;0;0;0;0;0;0;0;0;0;0;0;0;0;0;0;0;0;0;0;0;0;0;0;0;0;0;0;0;0;0;0;0;0;0;0;0;0;0;0
280450805000045;1;704;704;203;144;190;75;8;9;3;3;32;1;15;0;15;1;2;0;3;0;0;11;0;2;0;2;2;0;1;0;2;0;2;0;11;14;18;8;15;15;11;8;14;17;17;17;12;11;16;16;16;8;11;15;19;14;12;12;14;13;13;10;25;15;12;13;12;11;23;8;5;10;9;13;11;6;7;7;9;5;5;9;5;6;4;3;6;3;5;3;3;5;3;2;5;7;7;1;3;1;3;2;2;2;0;2;2;1;2;5;1;2;2;1;0;0;0;0;0;1;1;0;0;0;0;0;0;0;0;0;0;0;0;0
280450805000046;1;173;173;52;40;43;20;1;1;1;1;9;0;2;0;3;0;0;0;0;0;0;3;0;0;0;0;0;1;1;0;0;0;1;0;1;5;1;3;5;5;2;3;2;2;0;3;5;2;1;1;0;7;5;2;4;2;7;5;1;2;3;0;1;1;4;2;2;2;4;4;4;2;3;4;7;2;3;2;2;0;1;0;4;3;3;2;2;1;0;1;1;4;1;1;1;0;2;4;3;0;1;0;1;0;0;1;0;1;0;1;1;0;1;1;0;0;0;0;0;0;0;0;0;0;0;0;0;0;0;0;0;0;0;0
280450805000047;1;703;703;219;156;176;99;11;4;6;0;13;0;10;0;9;0;0;0;0;0;0;19;1;1;4;1;2;0;1;3;4;0;1;1;16;13;17;16;20;14;11;13;15;25;18;18;12;10;18;11;8;13;18;11;17;19;23;21;22;23;27;24;20;14;11;19;13;6;7;10;14;7;7;10;5;8;4;6;1;4;6;6;4;3;2;0;3;1;1;0;0;1;2;3;1;0;1;0;3;1;0;0;2;1;0;0;0;0;1;0;1;0;0;0;0;0;2;0;0;0;0;0;0;0;0;0;0;0;0;0;0;0;0;0
280450805000048;1;148;148;48;35;43;6;4;0;1;0;10;1;0;0;0;0;0;0;0;0;0;2;0;0;0;0;0;0;1;0;1;0;0;0;2;2;1;1;3;4;2;3;3;2;4;4;4;3;4;1;2;0;6;3;5;5;2;2;2;2;5;3;3;4;0;3;1;4;5;1;1;3;2;3;0;3;1;1;1;1;3;1;0;0;1;1;0;0;1;0;1;0;0;0;2;2;2;0;2;2;0;3;0;1;1;1;0;1;0;0;0;1;1;0;0;0;0;0;0;1;0;0;0;0;1;0;0;0;0;0;0;0;0;0
280450805000049;1;28;28;9;7;5;4;1;0;0;0;0;0;1;0;1;0;0;0;0;0;0;0;0;0;0;0;0;0;0;0;0;0;0;0;0;0;1;1;0;1;1;0;1;0;2;0;1;1;0;0;2;0;0;1;0;1;0;1;1;0;0;1;0;0;0;0;1;1;1;1;0;1;2;0;0;0;0;0;0;1;0;1;0;0;0;0;0;1;0;0;0;0;0;0;1;0;0;0;0;0;1;0;0;0;0;0;0;0;0;0;0;0;0;0;0;0;0;0;0;0;0;0;0;0;0;0;0;0;0;0;0;0;0;0
280450805000050;1;48;48;11;9;15;2;3;2;0;0;6;0;0;0;0;0;0;0;0;0;0;1;0;0;0;1;0;0;0;0;0;0;0;0;2;0;2;0;1;3;2;0;1;1;1;0;2;0;0;0;2;1;2;1;0;1;1;2;1;0;0;0;1;1;1;0;1;0;1;1;2;0;0;0;1;1;0;1;1;0;0;2;1;0;0;0;1;0;1;1;0;1;0;0;0;0;0;0;0;0;0;1;0;0;0;0;0;0;1;0;0;0;0;0;0;0;0;0;0;0;0;0;0;0;0;0;0;0;0;0;0;0;0;0
280450805000051;1;1117;1117;273;174;317;196;33;14;3;1;72;2;7;1;8;0;16;0;0;0;0;26;6;1;3;2;0;1;4;0;1;4;1;3;21;30;40;28;26;23;30;28;35;30;42;34;29;24;32;21;24;16;13;21;19;30;31;14;27;15;25;16;19;25;17;15;8;15;9;12;14;8;10;14;8;11;13;6;6;13;6;10;4;7;5;5;3;6;6;6;6;5;5;12;6;7;2;1;6;4;5;1;2;4;1;3;1;2;2;0;2;3;1;1;0;1;0;0;0;0;0;1;0;1;0;0;0;0;0;0;1;0;0;0
280450805000052;1;71;71;19;14;18;12;6;0;0;0;1;0;0;0;1;0;0;0;0;0;0;2;0;0;1;0;0;0;0;0;0;1;0;0;2;0;1;1;3;1;6;2;0;0;0;3;4;0;1;2;3;2;1;1;1;3;1;1;3;0;3;0;0;0;1;2;1;0;0;2;2;0;3;1;1;0;0;0;1;1;1;0;1;0;0;0;0;1;1;1;0;2;1;1;0;0;0;0;0;0;0;0;0;0;0;0;0;0;0;0;0;0;0;0;0;0;0;0;0;0;0;0;0;0;0;0;0;0;0;0;0;0;0;0
280450805000053;1;464;464;141;94;122;43;4;7;2;2;31;0;3;0;5;0;6;4;0;0;0;8;0;0;0;0;5;0;0;1;0;0;1;1;6;2;8;10;9;4;6;8;9;8;10;4;9;12;7;8;9;7;7;11;10;7;13;21;9;3;8;14;12;7;4;5;8;2;7;5;9;7;6;8;9;6;10;5;7;2;9;4;4;10;2;7;2;6;4;1;2;4;5;2;3;4;1;2;1;2;2;2;2;2;1;3;1;2;2;0;0;2;1;0;0;0;0;1;0;0;0;0;0;0;0;0;0;0;1;0;1;0;0;0
280450805000054;1;612;612;162;124;165;67;32;6;0;3;38;0;3;0;12;0;0;0;0;0;0;23;3;2;6;2;0;1;2;4;0;2;1;0;15;16;18;15;11;26;14;11;14;12;17;13;13;16;10;20;7;14;8;7;12;12;14;18;12;11;12;14;12;12;12;12;4;7;5;9;9;2;10;7;8;3;4;2;7;3;6;4;7;6;4;1;4;1;1;4;6;2;1;4;2;2;2;2;1;1;1;2;0;2;0;0;0;1;1;1;1;0;1;0;0;1;0;1;1;1;2;0;0;0;0;0;0;1;1;0;0;0;0;0
280450805000055;1;610;605;183;124;167;56;8;7;2;0;23;1;15;2;12;7;0;0;0;0;3;9;1;0;1;1;0;0;0;1;4;0;0;1;5;9;4;7;5;9;21;15;12;11;12;9;12;10;8;19;10;12;7;10;9;12;6;10;11;8;13;12;11;5;12;13;9;9;13;8;5;8;10;10;13;12;9;7;11;7;12;10;8;9;6;8;6;3;2;2;5;1;1;0;2;4;6;2;2;2;3;2;3;2;1;5;4;3;3;2;5;4;1;2;0;4;0;0;1;1;1;0;1;0;0;2;0;0;0;0;0;0;0;0
280450805000056;1;618;603;193;145;158;64;20;3;3;0;6;0;9;0;6;0;0;0;0;0;11;15;2;1;1;0;1;3;0;2;2;0;0;3;12;14;17;13;22;17;16;12;12;8;16;13;8;7;9;10;7;8;9;8;16;12;11;20;22;16;14;24;16;11;15;15;15;12;9;5;10;6;12;7;8;7;5;5;8;3;4;6;3;2;3;1;6;2;3;4;1;2;1;2;4;5;0;0;1;1;0;1;1;4;0;1;0;0;1;0;0;1;0;0;0;1;0;0;0;0;0;0;0;0;0;0;0;0;0;0;0;0;0;0
280450805000057;1;62;62;19;13;13;2;3;1;3;0;2;0;2;0;2;0;1;0;1;0;0;3;1;0;0;0;0;0;0;0;0;0;2;0;1;1;0;1;1;0;0;1;0;2;2;1;2;2;0;1;0;0;1;0;0;3;2;2;3;1;1;2;3;5;0;0;0;2;1;1;1;0;0;0;0;0;1;2;0;0;1;0;1;2;0;1;0;0;0;0;0;0;0;2;0;1;1;2;0;0;0;0;0;1;0;0;0;0;0;0;1;0;0;0;0;0;0;0;0;0;0;0;0;0;0;0;0;0;0;0;0;0;0;0
280450805000058;1;640;640;196;137;165;68;8;4;9;3;28;1;9;0;8;1;3;0;0;0;0;8;1;1;3;0;0;1;0;0;0;0;2;0;5;12;10;18;7;11;9;14;15;16;12;8;10;18;5;9;13;17;10;7;7;10;9;12;9;14;18;18;6;20;8;20;16;11;11;16;8;9;5;11;5;13;7;5;7;6;8;9;5;1;6;4;4;4;5;7;4;3;5;1;3;2;3;1;4;2;3;4;1;2;3;4;0;2;2;1;2;4;2;2;1;0;0;2;1;0;1;0;2;3;0;0;0;0;1;0;0;0;0;1
280450805000059;7;232;229;53;44;112;7;1;1;2;0;3;0;2;2;1;0;4;0;0;0;0;4;0;1;0;0;0;1;0;1;1;0;0;0;7;6;6;4;5;3;11;3;4;12;5;9;3;7;10;7;4;8;6;9;6;4;2;3;6;4;5;2;2;1;3;4;2;2;2;4;5;3;3;5;2;3;0;1;2;0;3;1;1;1;0;0;0;0;1;0;2;2;2;2;1;1;1;1;1;1;2;0;0;0;0;0;0;0;0;0;0;0;0;0;0;0;0;0;0;0;0;0;0;0;0;0;0;0;0;0;0;0;0;0
280450805000060;7;235;235;48;44;126;6;2;1;2;0;1;0;1;0;4;0;0;0;0;0;0;7;1;1;0;0;0;0;0;2;2;1;0;0;5;4;5;8;4;9;5;5;11;9;12;8;9;7;10;7;5;6;5;2;3;5;4;3;2;3;4;3;1;2;1;3;6;5;2;3;5;1;3;4;1;0;1;3;0;2;2;0;0;0;0;1;1;1;3;0;2;1;0;1;0;1;2;0;0;3;0;0;1;0;0;0;1;0;0;0;0;0;0;0;0;0;0;0;1;1;0;0;0;0;0;0;0;0;0;0;0;0;0;0
280460705000001;1;615;615;220;113;128;75;3;9;4;4;32;3;4;0;14;5;0;0;1;0;0;6;1;0;0;0;1;1;1;1;0;0;1;0;7;5;8;5;6;13;1;3;7;10;9;8;6;11;13;12;12;9;7;13;8;9;14;11;6;11;12;7;6;7;7;3;7;9;11;10;7;8;9;3;7;11;15;10;13;8;11;5;5;9;7;3;3;4;2;4;5;4;7;11;5;3;4;9;8;5;8;9;2;3;7;7;6;2;4;4;4;4;6;2;4;3;4;6;4;3;2;1;1;1;1;1;0;0;2;0;0;0;0;0
280460705000002;1;537;537;169;92;112;82;12;11;5;1;30;0;9;0;11;1;2;0;0;0;0;9;3;0;0;0;0;2;1;0;1;1;1;0;7;5;7;9;10;5;4;4;11;3;5;10;7;13;10;11;8;6;12;14;6;10;6;12;12;8;7;12;10;9;9;7;7;8;10;9;12;8;5;6;10;10;7;12;3;7;6;9;5;2;5;4;2;6;2;3;4;6;2;5;4;9;9;3;5;5;2;1;4;1;3;3;5;4;3;1;2;3;3;4;2;3;0;1;0;0;0;0;0;1;1;0;1;0;0;1;0;0;0;0
280460705000003;2;630;627;189;118;161;92;19;3;3;4;23;0;7;0;6;0;5;0;0;0;0;4;0;0;1;1;0;0;0;1;0;1;0;0;11;8;11;12;11;3;6;10;8;12;13;15;12;14;16;18;21;11;11;9;10;14;6;9;10;10;12;2;6;7;10;7;6;10;12;8;3;9;10;14;9;14;14;8;6;3;15;7;8;3;9;8;9;6;6;9;3;4;5;7;2;9;2;2;2;3;5;1;1;5;3;3;4;4;3;0;2;2;1;1;0;2;3;2;0;0;1;0;0;1;0;0;1;1;0;0;0;0;0;0
280460705000004;1;767;767;246;155;171;100;8;6;6;5;32;2;14;0;12;4;4;0;2;0;0;11;2;0;2;0;0;1;0;1;2;0;2;1;16;8;12;12;12;15;9;13;8;9;15;6;15;8;11;15;16;14;10;18;19;12;14;21;11;15;12;12;12;10;8;12;12;6;11;11;12;9;19;12;9;9;12;10;11;10;12;7;6;5;5;8;11;5;4;10;5;2;5;7;7;7;10;2;3;9;4;6;6;10;5;4;3;2;3;5;7;2;1;2;1;3;0;2;2;2;0;0;1;0;0;1;0;0;1;0;0;0;0;0
280460705000005;1;872;865;276;178;226;84;8;9;25;3;22;0;18;0;10;0;11;0;2;0;0;23;2;2;0;4;3;2;0;1;3;1;3;2;11;17;10;9;15;14;11;16;11;15;14;11;22;13;12;14;14;16;18;15;16;16;19;17;10;21;19;14;12;9;16;18;13;16;13;17;13;10;10;14;9;13;16;14;18;14;8;5;9;9;8;10;6;10;8;10;6;8;4;3;3;5;6;6;7;7;5;4;3;2;1;1;2;5;2;5;3;3;1;1;3;2;3;1;1;0;1;1;3;1;0;0;1;1;0;0;0;0;0;0
280460705000006;1;661;659;218;138;171;81;8;6;1;2;22;1;5;0;3;1;1;0;3;0;0;8;1;0;0;1;2;1;1;0;0;0;0;2;6;8;10;6;11;10;9;9;18;8;11;10;10;11;17;7;18;15;8;13;10;14;11;12;10;15;15;14;10;12;12;12;7;7;7;9;11;13;9;5;6;8;8;8;9;4;8;12;13;6;9;6;8;8;10;8;8;6;7;12;2;2;2;3;4;3;3;2;3;6;1;3;2;0;2;2;5;1;2;3;0;0;0;0;1;3;0;1;0;0;0;0;1;0;1;0;0;0;0;1
280460705000007;2;819;819;247;158;200;106;18;10;0;1;48;0;10;0;17;3;1;0;0;0;0;13;0;1;2;2;0;1;3;0;1;1;1;1;7;15;8;16;13;11;10;14;11;15;19;13;14;12;23;20;14;11;9;13;14;18;15;15;16;16;14;13;14;19;13;18;7;20;22;14;10;7;18;13;7;5;8;15;8;12;9;8;11;9;8;10;1;7;5;16;4;2;4;5;10;7;7;5;8;7;1;6;4;5;3;2;3;2;2;1;3;1;0;0;2;1;1;1;0;1;0;0;0;2;1;1;0;1;0;0;0;0;0;0
280460705000008;2;1009;1004;292;196;300;130;8;9;4;1;40;0;11;0;11;1;1;3;1;0;1;18;0;1;0;3;3;1;0;1;3;2;2;2;21;21;14;14;18;15;17;16;17;25;20;15;24;20;20;20;19;23;19;16;21;13;24;29;19;16;18;24;9;15;16;10;6;13;15;19;18;14;13;8;13;15;10;12;20;16;10;14;14;12;9;10;15;3;9;7;11;7;5;3;6;4;4;2;3;5;3;3;2;1;8;3;3;5;5;4;4;1;1;2;2;2;4;2;0;0;1;0;1;0;0;0;0;0;0;1;0;0;0;0
280460705000009;1;595;595;179;114;148;82;16;7;2;2;25;0;5;0;13;2;0;0;0;0;0;9;1;2;0;1;1;1;0;1;1;0;0;1;11;11;8;7;6;11;11;12;10;7;14;14;11;6;11;9;10;13;17;16;10;12;16;12;11;13;13;12;12;12;9;9;8;7;6;8;10;8;7;11;7;6;3;6;8;2;10;5;7;5;5;6;2;2;4;4;5;9;3;8;2;10;2;2;3;3;3;3;1;2;2;1;2;3;2;0;3;1;0;3;2;0;2;3;0;1;0;1;0;0;0;0;0;0;0;0;1;0;0;0
280460705000010;1;679;678;211;113;152;121;9;6;4;1;39;5;6;0;12;0;0;0;0;0;0;10;1;1;0;0;2;1;0;2;2;0;0;1;16;9;18;11;13;13;25;12;9;13;11;12;14;18;17;8;10;15;16;9;18;19;12;15;13;15;13;11;15;21;7;9;6;7;6;6;11;5;9;5;8;6;7;5;6;3;8;8;10;10;5;13;8;9;4;5;1;6;2;2;3;1;9;4;5;2;1;3;2;0;0;3;1;1;1;2;0;1;2;1;2;1;0;0;1;2;1;0;0;1;0;0;1;0;0;0;0;0;0;0
280460705000011;2;988;988;266;163;235;179;27;13;5;2;83;2;3;0;9;1;0;0;0;0;0;15;1;1;2;3;0;0;1;1;3;1;2;0;14;17;26;20;15;20;23;20;24;24;25;19;24;27;27;22;23;28;14;19;21;21;15;19;15;22;19;15;13;9;15;19;15;13;14;7;12;10;8;17;4;8;8;14;11;12;14;14;10;8;11;3;11;13;5;5;7;8;2;4;7;5;2;7;4;1;5;4;4;2;3;1;4;4;1;4;3;2;0;1;0;3;2;0;0;0;0;0;0;0;0;0;0;0;1;1;0;0;0;0
280460705000012;1;844;840;246;140;225;140;25;10;1;0;41;0;6;2;6;1;0;0;1;0;0;21;1;4;5;1;0;5;1;1;1;0;1;1;10;20;14;16;15;17;11;20;12;23;25;9;22;13;22;19;18;21;13;18;14;23;16;22;11;22;16;8;14;12;10;16;13;14;11;14;17;8;9;9;9;5;13;10;4;4;10;7;5;9;6;8;6;10;7;9;3;6;6;6;6;6;6;2;5;4;4;1;2;0;1;2;0;0;1;2;4;2;3;2;0;0;1;1;3;0;2;1;0;0;0;0;0;0;1;0;0;1;0;0
280460705000013;1;1171;1171;364;227;288;138;19;14;14;3;66;1;19;0;15;0;3;0;0;0;0;23;1;0;1;0;2;1;3;1;5;4;2;3;19;16;21;16;17;13;23;15;13;20;18;17;22;22;17;19;24;26;14;21;30;14;22;25;31;24;35;27;19;24;14;18;18;24;21;17;23;12;19;20;20;15;16;15;9;16;12;11;11;7;17;10;7;8;8;12;9;11;5;9;4;10;3;4;2;4;7;4;5;5;8;4;5;6;3;4;7;3;2;9;2;0;2;1;0;0;1;0;0;3;0;0;1;0;0;1;0;0;0;0
280460705000014;1;396;396;112;72;101;72;11;4;1;0;15;0;2;0;6;0;0;0;0;0;0;6;0;0;1;0;0;0;0;0;1;0;0;4;10;10;13;5;12;12;7;16;14;5;10;9;6;7;9;8;12;10;6;4;7;12;6;9;7;10;9;10;6;5;7;5;7;2;3;10;0;6;4;4;4;7;2;2;3;4;1;8;1;3;4;3;2;1;2;0;5;0;1;1;3;0;2;2;3;1;0;0;2;0;1;0;0;1;2;0;0;2;0;0;2;1;0;0;0;0;0;0;0;0;0;0;0;0;0;0;0;0;0;0
280460705000015;1;671;669;223;124;146;100;5;3;5;2;36;2;9;1;8;7;0;0;0;0;0;8;0;2;3;0;0;0;0;0;0;0;1;2;6;14;6;11;9;13;12;13;13;12;11;10;11;9;15;14;8;10;10;14;14;7;9;11;13;13;9;13;15;9;9;9;9;9;14;13;6;11;11;12;18;11;6;12;12;11;8;6;6;5;3;6;6;6;6;5;7;5;3;4;5;8;2;7;3;7;10;3;5;4;3;0;2;0;1;2;4;2;0;4;0;1;3;2;0;0;0;0;1;0;0;0;0;1;0;0;0;0;0;0
280460705000016;2;593;593;197;121;153;57;8;6;3;0;34;0;6;0;7;0;0;0;1;0;0;8;1;0;2;0;0;0;0;1;0;2;1;1;7;9;12;8;11;6;9;8;9;11;12;10;12;10;13;13;12;8;15;12;7;16;11;7;4;10;10;8;14;8;4;6;9;4;8;14;13;12;6;7;8;5;10;4;10;9;7;8;2;7;4;3;11;7;4;5;7;5;1;3;9;5;3;2;11;5;3;2;3;5;3;4;0;3;4;0;1;4;1;1;1;2;2;1;1;1;0;0;1;0;0;0;2;0;0;0;0;0;0;0
280460705000017;8;305;305;86;52;106;28;6;1;2;1;15;1;1;0;6;0;0;0;0;0;0;7;2;0;1;1;1;0;0;1;0;0;0;1;6;5;5;10;5;5;5;5;10;5;3;7;7;9;14;4;5;6;8;6;4;5;7;4;3;4;6;3;4;2;3;7;4;8;3;4;1;1;3;0;4;3;4;5;2;2;3;3;4;8;3;2;2;1;3;4;1;3;3;2;2;1;4;2;3;2;2;0;1;6;1;1;0;1;0;1;0;0;0;0;1;0;0;0;0;1;1;0;0;0;0;0;0;0;0;0;0;0;0;0
280460705000018;5;391;391;115;82;132;36;10;5;0;0;7;0;2;0;1;0;1;0;0;0;0;5;2;0;0;1;1;0;0;0;0;0;1;0;3;10;3;5;5;4;9;13;3;9;6;14;6;16;14;9;2;12;9;5;8;7;7;11;7;4;6;11;8;5;4;4;5;5;9;3;5;6;7;8;1;4;6;8;1;8;3;5;1;6;3;5;4;2;3;3;1;1;1;2;1;2;0;3;1;1;1;1;1;1;2;3;1;2;1;2;1;1;0;2;2;0;0;0;0;1;0;0;0;0;1;0;0;0;0;0;0;0;0;0
280460705000019;8;157;157;48;32;47;10;2;2;2;0;8;0;4;0;2;0;0;0;0;0;0;1;0;0;0;0;0;0;0;0;0;1;0;0;2;3;4;2;2;2;6;2;4;4;1;1;3;1;6;6;2;4;5;2;2;3;6;2;4;5;6;2;1;2;4;1;5;2;3;1;2;1;1;2;2;2;1;4;1;3;2;3;3;0;0;2;0;2;0;1;2;1;0;1;1;0;1;1;0;0;1;0;0;0;1;0;0;0;0;0;0;0;2;0;1;0;0;0;0;0;0;0;0;0;0;1;0;0;0;0;0;0;0;0
280460705000020;8;289;289;85;60;89;23;4;4;2;1;19;0;1;0;1;0;0;0;0;0;0;3;1;0;0;0;1;0;0;1;0;0;0;0;1;10;0;5;3;9;6;6;8;7;6;6;9;9;6;4;4;4;6;4;3;3;4;3;5;3;4;5;3;6;6;4;7;5;9;5;4;2;5;5;4;3;1;3;11;3;2;3;2;2;2;4;2;2;3;3;2;3;2;0;1;0;0;3;2;1;2;2;4;1;0;1;0;1;1;0;2;0;0;2;0;0;0;1;0;0;0;1;0;0;0;0;0;0;0;0;0;0;0;0
280460705000021;8;586;586;178;124;180;37;12;5;2;3;18;0;15;0;6;2;3;0;1;0;0;10;1;0;0;1;2;2;0;1;0;1;2;0;10;10;8;15;7;5;12;4;18;12;17;12;12;18;12;15;12;4;16;4;2;13;16;10;10;8;6;13;7;10;8;9;14;7;7;11;10;4;9;12;7;3;5;7;3;9;7;5;7;7;7;3;7;8;9;2;6;5;3;6;4;5;2;2;1;3;2;4;3;0;2;4;1;3;1;2;2;1;1;0;0;1;2;0;0;1;0;0;1;0;0;1;0;0;0;0;0;0;0;2
280460705000022;5;252;252;77;48;60;42;2;2;1;0;12;2;3;0;3;0;0;0;0;0;0;1;0;0;0;0;0;1;0;0;0;0;0;0;5;4;5;6;6;6;1;4;6;6;7;5;3;1;4;5;5;4;5;3;5;4;3;3;4;3;3;5;5;9;3;5;3;1;3;2;2;1;1;4;7;7;4;4;5;1;1;2;4;3;3;4;2;2;0;2;2;4;2;3;2;2;0;1;2;3;2;1;2;3;0;2;2;0;0;2;0;0;0;1;0;0;0;1;1;0;1;0;0;0;0;1;0;0;0;0;0;0;0;0
280460705000023;8;263;263;83;55;68;29;10;3;1;1;8;0;1;0;4;0;0;0;0;0;0;4;1;1;0;1;1;0;0;0;0;0;0;0;4;7;7;6;3;2;4;5;3;6;5;7;7;5;3;5;5;7;7;2;4;9;4;7;2;4;4;7;4;4;3;3;2;4;5;6;5;3;3;1;4;0;2;4;2;3;1;1;2;1;3;4;0;5;3;5;6;1;2;3;2;2;0;2;0;4;0;0;4;0;1;0;0;1;0;1;0;0;1;1;1;1;0;0;0;2;0;0;0;0;0;0;0;0;0;0;0;0;0;0
280460705000024;4;305;305;87;65;97;32;0;4;3;0;7;6;3;0;1;0;0;0;0;0;0;8;3;1;0;1;0;1;1;0;0;0;0;1;3;7;4;4;6;4;4;2;1;5;3;5;10;7;7;6;8;4;11;6;9;10;13;8;6;7;1;4;4;7;9;3;1;6;5;4;10;1;2;5;2;4;4;2;3;1;2;5;4;4;2;1;1;4;1;1;4;2;0;3;0;4;3;2;1;0;0;2;3;0;0;0;0;1;1;0;0;0;1;1;0;0;0;0;1;0;0;2;1;0;1;0;0;0;0;0;1;0;0;0
280460705000025;8;58;58;21;11;19;5;0;0;0;0;0;0;1;0;1;0;0;0;0;0;0;0;0;0;0;0;0;0;0;0;0;0;0;0;2;1;1;0;2;0;2;0;1;1;0;0;1;0;1;3;0;2;3;0;1;4;2;1;0;1;2;1;0;0;0;0;1;1;0;0;2;1;1;2;0;2;2;0;0;0;1;0;1;0;1;0;0;0;1;2;2;2;0;1;0;0;0;0;0;0;1;1;0;1;0;0;0;0;0;0;0;0;0;0;0;0;0;0;0;0;0;0;0;0;0;0;0;0;0;0;0;0;0;0
280460705000026;5;447;447;113;79;183;30;1;3;3;0;16;0;9;0;9;0;1;0;0;0;0;3;0;0;0;0;0;0;0;0;2;0;0;1;1;8;7;6;5;12;7;5;4;12;13;10;12;13;5;15;10;10;10;8;12;8;8;14;10;6;7;6;8;9;3;9;6;4;6;5;3;4;6;5;6;5;3;3;5;1;6;4;7;6;3;3;6;4;5;7;3;3;3;3;4;4;4;4;1;1;3;3;2;1;1;1;1;1;2;1;3;2;0;1;0;1;0;1;0;0;1;1;2;0;0;0;0;0;0;0;0;0;0;0
280460705000027;5;257;257;83;53;82;20;0;4;3;0;4;0;1;0;7;0;0;0;0;0;0;1;0;0;0;0;1;0;0;0;0;0;0;0;1;0;2;3;4;5;5;4;4;10;11;6;1;4;6;7;6;6;3;2;3;2;5;2;3;2;2;0;2;5;2;2;1;3;6;1;6;2;1;5;3;6;1;7;4;4;3;2;3;2;3;2;1;3;1;2;4;1;0;3;3;0;4;4;2;1;3;2;6;3;2;2;3;3;1;0;1;2;1;1;1;0;0;0;1;1;2;2;2;0;0;0;2;0;1;0;0;0;0;0
280460705000028;5;216;216;75;39;53;38;1;0;1;0;4;0;2;0;1;2;0;0;0;0;0;0;0;0;0;0;0;0;0;0;0;0;0;0;1;2;3;3;5;4;4;5;5;9;5;10;1;8;3;5;1;5;4;3;0;6;6;1;1;2;3;1;3;5;5;6;2;2;7;3;2;0;1;3;1;1;4;0;5;1;1;4;3;4;4;2;3;3;3;1;2;2;1;2;0;2;2;2;2;0;2;1;0;0;2;3;1;1;1;1;1;1;0;0;0;0;0;1;0;0;0;0;0;1;0;0;0;0;0;0;0;0;0;0
280460705000029;8;134;134;43;20;41;17;0;2;1;0;2;0;6;0;2;0;0;0;0;0;0;1;0;0;0;0;0;1;0;0;0;0;0;0;2;1;1;1;1;0;2;0;3;6;1;2;2;4;3;4;4;2;4;4;2;2;3;0;3;1;1;0;0;2;2;2;2;0;0;2;2;1;3;3;1;2;0;0;2;1;1;1;0;3;3;2;1;2;0;1;4;3;3;0;0;1;1;1;3;0;0;1;0;1;1;1;1;2;1;1;3;1;0;1;0;1;1;1;0;0;0;1;0;0;1;0;0;0;0;0;0;0;0;0
280460705000030;8;371;371;121;81;103;38;5;4;1;0;11;2;4;0;1;0;0;0;0;0;0;3;0;0;0;1;0;1;0;0;0;1;0;0;9;9;1;2;5;4;7;4;6;12;5;6;5;5;8;8;7;8;4;5;8;6;3;10;4;2;7;8;3;5;3;9;4;7;3;5;8;4;3;3;5;6;4;3;4;1;5;2;11;4;5;2;2;3;4;4;3;3;1;3;1;3;4;3;4;2;2;6;4;6;5;3;0;4;2;1;1;2;5;1;0;3;1;1;1;1;0;0;0;0;0;1;0;0;1;0;0;0;0;0
280460705000031;8;98;98;31;21;35;7;1;0;0;0;1;0;2;0;0;0;0;0;0;0;0;2;0;0;0;0;0;0;1;0;0;0;1;0;0;0;2;3;3;3;3;0;4;3;2;2;2;1;2;2;1;0;4;1;1;1;2;4;1;0;6;2;2;1;0;0;1;1;0;0;2;0;0;3;0;1;2;1;0;1;1;1;0;1;0;0;0;2;1;1;2;0;1;0;1;1;3;0;0;3;1;1;0;0;0;0;1;0;1;1;0;0;0;1;0;0;0;1;1;0;0;0;0;0;0;0;0;0;0;0;0;0;0;0
280460705000032;5;238;238;66;41;75;51;1;0;0;0;3;0;1;0;0;0;0;0;0;0;0;2;0;0;0;1;0;0;0;0;0;0;1;0;4;3;7;6;1;6;5;4;7;5;5;6;6;6;7;11;5;10;7;7;1;4;4;0;4;5;4;9;4;4;2;3;3;4;3;2;5;5;3;3;1;2;3;2;1;1;0;2;1;1;3;1;1;0;3;1;0;2;1;1;3;0;2;2;0;5;0;1;1;0;1;0;2;0;0;0;0;0;1;0;0;0;0;1;0;0;0;0;0;0;0;0;0;0;0;0;0;0;0;0
280460705000033;8;261;261;65;49;100;18;3;1;0;0;17;0;5;0;2;1;0;0;0;0;0;4;0;0;1;1;0;0;1;0;0;0;0;1;6;4;5;8;6;4;8;6;9;12;12;5;3;7;7;4;5;4;6;3;7;8;5;3;3;1;1;4;5;5;5;1;2;3;2;6;3;6;4;5;1;2;5;5;1;2;3;0;2;1;6;0;0;2;4;1;0;0;2;0;1;1;0;0;2;0;1;0;0;0;1;1;0;1;2;0;1;0;1;1;1;0;0;0;0;0;0;1;0;0;1;0;0;0;1;0;0;0;0;0
280460705000034;5;648;648;180;120;199;82;8;6;8;0;32;2;4;1;4;0;2;0;0;0;0;8;2;0;0;0;0;4;0;0;0;0;0;2;4;11;14;12;9;16;11;12;16;13;15;11;17;24;9;18;16;15;16;7;9;12;12;8;9;5;13;12;8;11;8;9;10;13;11;7;9;8;15;8;7;5;8;2;10;8;5;6;5;4;5;4;6;6;3;9;4;6;0;11;2;6;5;3;5;5;1;1;3;3;2;1;2;4;3;0;3;1;1;2;1;0;1;3;1;0;0;0;2;0;0;0;0;0;1;0;0;0;0;1
280460705000035;8;303;289;83;53;94;33;0;5;2;1;25;1;3;0;2;0;1;0;0;0;0;5;0;0;0;1;0;1;0;0;1;2;0;0;4;3;3;7;3;8;6;3;6;6;7;11;8;1;5;10;5;7;5;3;4;11;4;5;6;7;3;8;6;5;4;7;5;2;3;3;1;2;4;1;3;5;5;1;2;2;3;3;4;1;3;6;1;2;2;6;2;4;3;1;0;2;2;0;2;3;2;2;1;0;1;1;3;3;2;3;1;1;1;1;0;1;0;0;1;1;0;1;0;0;1;0;0;0;0;1;0;0;0;0
280460705000036;8;506;506;133;91;174;72;1;2;4;0;17;0;2;0;10;0;0;0;0;0;0;6;1;0;0;1;1;0;1;0;0;1;0;1;11;9;8;4;10;3;12;16;11;13;11;16;13;15;15;14;14;10;8;13;9;13;6;14;6;10;12;4;11;11;6;7;6;6;7;10;8;5;7;5;8;4;7;3;4;5;2;5;2;3;5;2;2;7;5;4;0;2;3;1;6;1;4;3;2;2;2;1;0;2;1;1;2;1;1;0;1;1;1;0;2;0;1;0;0;0;0;0;1;0;1;0;0;0;0;0;0;0;0;0
280460705000037;5;246;246;79;49;77;20;4;0;2;0;13;1;1;0;0;0;0;0;0;0;0;5;0;0;0;0;0;0;1;1;0;0;0;3;4;3;4;8;2;7;3;2;5;5;4;3;7;3;5;5;3;3;2;1;3;1;3;3;1;6;2;4;2;3;6;4;8;2;5;4;4;3;4;3;3;2;3;4;3;6;1;6;3;4;3;2;1;0;1;2;3;3;4;0;1;1;2;1;3;2;0;0;3;2;2;1;2;5;2;2;2;2;0;0;0;0;0;0;2;0;0;0;0;0;0;0;1;1;0;0;0;0;0;0
280460705000038;5;684;684;183;104;229;101;3;4;3;0;25;1;12;0;17;2;0;0;0;0;0;12;4;0;0;0;1;2;2;0;1;0;1;1;9;5;19;18;16;19;17;21;14;23;11;13;13;22;22;28;12;14;10;11;6;10;15;9;7;11;6;15;8;10;7;15;11;10;11;13;12;9;3;11;14;9;7;6;6;5;9;4;10;3;5;2;3;10;3;3;2;3;1;2;2;1;0;4;9;1;1;0;3;4;2;1;2;5;1;1;0;1;1;2;0;0;0;1;1;0;1;2;1;0;0;0;0;0;1;1;0;0;0;0
280460705000039;8;394;394;104;77;130;59;0;4;3;2;8;0;4;0;3;0;0;0;0;0;0;2;0;0;0;1;0;0;0;0;0;0;0;1;10;10;10;8;11;6;14;6;7;13;11;3;12;13;10;12;5;3;10;9;5;17;8;8;4;9;10;5;4;8;13;5;8;9;8;3;3;10;6;4;3;3;1;2;2;1;3;3;4;4;1;5;0;4;2;3;0;4;0;2;1;0;3;2;0;1;1;3;0;1;0;0;0;0;0;1;0;0;0;1;0;0;0;0;0;0;0;0;0;0;0;0;0;0;0;1;0;0;0;0
280460705000040;8;103;103;30;23;33;9;0;2;0;0;6;0;0;0;0;0;0;0;0;0;0;0;0;0;0;0;0;0;0;0;0;0;0;0;3;1;2;2;1;1;2;0;2;0;2;2;1;1;3;4;4;1;1;0;2;3;1;4;2;2;4;3;0;1;3;1;1;1;0;0;1;0;3;2;0;1;0;2;1;1;3;2;2;0;1;1;2;1;0;2;1;1;0;0;1;1;1;3;0;3;0;0;2;2;1;0;0;0;1;0;0;0;0;0;0;0;0;0;0;0;0;0;0;0;0;0;0;0;0;0;0;0;0;0
280460705000041;8;94;94;31;19;30;6;0;2;1;0;4;0;0;0;1;0;0;0;0;0;0;0;0;0;0;0;0;0;0;0;0;0;0;0;1;1;0;0;1;3;1;4;1;1;3;0;2;0;3;0;3;0;0;1;1;2;1;1;2;5;2;1;4;2;1;2;1;1;2;1;1;1;1;0;0;0;1;2;0;0;0;1;4;2;2;1;1;2;1;2;0;4;0;1;2;1;1;1;0;1;1;2;0;1;0;0;0;1;0;0;0;1;0;0;1;0;0;0;0;0;0;0;0;0;0;0;0;0;0;0;0;0;0;0
280460705000042;2;474;474;134;90;135;51;11;5;1;1;34;6;3;0;3;0;0;0;0;0;0;5;0;2;0;0;0;1;0;0;0;1;0;1;9;8;10;6;12;8;8;11;10;11;8;9;12;10;17;16;7;4;9;8;8;5;10;10;10;5;4;8;9;6;10;8;6;8;5;9;13;8;4;5;9;6;4;4;5;6;4;2;2;2;5;7;3;3;2;2;5;2;3;3;3;0;2;2;4;5;1;1;5;4;1;1;2;2;0;1;1;2;1;0;2;1;0;1;0;1;0;1;0;0;1;0;1;0;0;0;0;0;0;0
280460705000043;1;1137;1135;296;196;285;206;43;16;7;1;57;0;12;0;15;1;2;0;0;0;0;17;1;0;1;1;2;2;2;0;1;2;3;2;24;32;23;22;26;24;30;27;41;36;23;30;36;32;33;18;30;19;17;29;25;24;21;24;23;22;14;23;21;18;14;21;14;14;17;7;23;11;12;17;6;12;11;14;10;11;12;10;8;3;7;7;11;4;8;4;9;2;6;6;1;8;3;4;3;2;3;3;3;2;0;3;1;1;1;0;1;0;1;0;0;0;0;0;0;0;1;0;0;0;0;0;0;0;0;1;0;0;0;0
280460705000044;1;585;585;180;117;159;74;14;6;4;0;20;2;1;0;8;0;0;0;0;0;0;16;3;1;0;2;1;2;1;0;0;2;3;1;7;10;9;9;22;9;11;11;17;9;13;10;15;8;12;12;7;5;8;7;4;12;13;15;13;15;8;6;10;17;11;11;12;9;8;10;11;8;8;8;8;4;6;3;3;9;4;9;8;5;4;6;3;8;5;4;4;4;6;4;2;3;4;7;3;0;1;4;3;1;0;4;0;0;2;0;1;1;1;1;0;1;1;0;0;0;1;1;0;0;0;0;0;0;0;0;0;0;0;0
280460705000045;1;676;670;194;144;195;75;13;9;3;1;16;0;2;0;15;0;3;0;0;0;6;11;3;0;0;1;0;3;0;0;1;1;2;0;12;13;14;15;13;13;4;10;14;19;9;14;14;6;8;14;11;17;9;15;10;19;18;17;10;13;9;13;11;15;16;18;15;8;8;10;8;7;8;12;12;10;4;6;6;12;8;10;6;10;6;9;5;5;4;8;2;7;3;4;3;5;4;1;4;3;1;0;2;2;2;3;2;1;0;1;0;1;0;2;1;0;0;1;0;0;0;0;0;0;0;0;0;0;0;0;0;0;0;0
280460705000046;1;516;516;173;115;72;105;1;0;11;2;18;0;9;1;4;0;5;0;0;0;0;8;1;0;1;1;1;0;2;1;1;0;0;0;7;5;10;8;6;8;8;6;6;8;10;8;10;7;10;8;10;10;14;11;9;7;15;8;12;9;7;9;9;8;10;8;4;4;14;13;5;5;11;11;5;6;4;6;6;10;10;6;5;6;6;5;4;6;6;2;1;3;6;7;5;2;1;4;5;2;4;2;2;0;1;1;2;2;1;1;2;2;1;2;0;1;1;2;0;1;1;1;0;1;0;0;0;0;0;0;0;0;0;0
280460705000047;1;792;792;200;131;243;125;12;3;10;2;37;1;10;0;8;2;8;0;0;0;0;26;2;1;3;3;2;0;2;2;2;3;4;2;20;16;20;20;9;25;20;20;22;25;18;26;23;26;21;25;18;21;11;18;10;14;9;14;7;13;8;9;7;21;11;12;11;15;10;11;8;7;8;12;8;4;12;6;5;7;6;5;7;8;4;4;1;5;8;3;2;5;3;5;1;5;2;1;5;5;1;2;1;1;2;1;0;2;0;2;0;0;0;2;0;0;1;0;0;0;1;0;1;0;0;0;1;0;0;0;0;0;0;0
280460705000048;4;138;138;39;24;29;32;1;1;0;0;3;0;2;0;7;0;0;0;0;0;0;0;0;0;0;0;0;0;0;0;0;0;0;0;2;0;2;2;5;1;3;1;2;7;10;6;2;4;3;1;3;4;1;2;2;1;3;1;3;2;4;2;3;4;3;4;1;1;2;2;1;0;0;0;2;3;1;4;3;0;0;0;1;1;1;1;1;0;2;3;1;0;0;0;1;0;1;3;2;0;0;0;0;1;0;0;1;1;1;0;0;0;0;0;0;1;1;1;0;0;0;0;0;0;0;0;0;0;0;0;0;0;0;0
280460705000049;4;382;382;107;74;134;36;0;9;1;0;10;0;3;0;8;0;0;0;0;0;0;4;1;0;0;0;0;1;0;0;1;0;0;1;6;7;12;11;7;9;6;7;7;6;7;7;7;6;11;9;10;6;11;9;11;8;8;8;8;5;3;9;7;4;5;5;7;4;5;6;3;1;5;11;4;5;3;5;1;2;4;2;3;3;4;0;3;3;1;1;1;1;3;5;2;8;3;2;1;2;0;1;1;2;2;2;2;3;1;1;3;0;0;1;1;0;1;0;0;0;0;1;0;0;0;0;0;0;0;0;0;0;0;0
280460705000050;4;94;94;26;15;27;21;0;0;0;0;1;0;1;0;3;0;0;0;0;0;0;3;0;0;0;0;0;0;0;0;1;0;2;0;4;4;4;6;4;4;3;4;0;2;1;3;1;0;0;1;2;1;2;0;3;2;4;2;2;4;3;3;2;3;1;1;0;1;1;0;1;0;0;2;1;1;0;2;0;1;0;2;0;0;0;0;0;0;0;0;0;0;0;1;0;0;0;0;0;0;0;0;0;1;0;0;0;0;1;0;0;0;0;0;0;0;0;0;0;0;0;0;0;0;0;0;0;0;0;0;0;0;0;0
280460705000051;5;218;218;53;41;96;16;0;0;1;0;5;0;6;0;0;0;0;0;0;0;0;4;0;0;1;1;0;1;0;0;0;0;1;0;3;5;4;4;5;4;5;8;2;5;9;7;8;5;4;7;5;2;3;0;1;3;2;5;3;3;5;6;6;6;1;9;6;5;1;2;0;1;2;6;2;1;0;3;0;0;0;2;0;1;3;4;1;3;1;3;1;2;4;1;1;0;1;0;0;2;1;1;0;1;1;2;0;3;0;0;0;0;0;0;1;0;0;0;0;0;0;0;0;0;0;0;0;0;0;0;0;0;0;0
280460705000052;5;115;115;32;18;38;21;1;2;0;0;3;0;0;0;0;0;0;0;0;0;0;3;0;0;0;0;0;1;0;0;1;0;1;0;2;2;0;1;1;2;1;3;5;2;2;5;2;5;2;3;2;4;3;6;1;2;1;1;1;2;1;1;2;0;2;3;1;1;1;1;0;2;1;1;1;2;2;2;1;0;2;2;2;1;1;3;1;1;0;0;1;0;2;1;0;0;1;3;1;0;0;2;0;0;0;1;0;0;0;0;0;1;0;0;0;0;0;0;0;0;0;0;0;0;0;0;0;0;0;0;0;0;0;0
280470605000001;1;904;904;256;186;307;87;4;13;4;1;21;0;9;0;9;3;3;0;1;0;0;9;1;0;2;0;2;1;1;0;0;1;0;1;16;11;16;18;18;12;11;20;12;23;20;23;22;18;19;14;17;20;13;22;21;19;12;21;16;9;18;25;16;15;13;12;16;13;15;14;15;10;13;6;12;14;9;20;13;17;9;7;7;8;7;7;6;8;11;4;10;8;8;9;6;5;2;2;4;4;4;2;1;2;0;2;3;5;1;2;1;3;2;0;1;0;0;2;1;0;0;1;0;0;0;0;0;1;0;0;0;0;0;0
280470605000002;1;639;639;183;130;188;60;34;4;1;1;16;0;6;0;13;1;2;0;0;0;0;16;2;1;2;0;2;1;0;3;1;0;4;0;12;9;13;19;13;7;8;14;15;15;18;9;20;9;21;17;14;10;12;7;11;13;13;5;6;12;13;10;16;8;8;10;10;7;5;6;6;10;9;9;8;10;7;7;4;13;6;7;6;6;3;1;4;6;3;4;3;7;3;2;3;3;6;7;5;2;3;4;0;2;3;2;2;4;1;2;0;2;1;5;1;1;0;0;0;2;1;0;0;0;1;0;0;0;0;0;0;1;0;0
280470605000003;1;595;595;182;120;179;59;6;10;4;0;22;0;3;0;9;0;1;0;0;0;0;11;0;2;1;0;0;0;1;1;3;1;2;0;10;12;12;11;5;6;11;14;8;7;6;10;13;8;13;13;7;6;12;9;11;11;11;11;14;12;5;7;5;9;4;5;9;8;9;7;11;9;12;9;11;14;6;11;10;9;7;2;5;11;3;6;3;6;6;8;4;4;5;5;2;3;4;1;1;5;4;6;5;2;0;1;4;4;7;4;4;2;2;2;2;4;1;1;0;2;0;0;0;1;1;0;0;1;0;0;0;0;0;0
280470605000004;8;738;738;187;147;267;64;13;2;1;0;36;0;10;0;8;1;2;0;0;0;0;10;0;0;0;1;3;1;3;1;1;0;0;0;8;11;17;13;12;15;14;10;12;18;20;20;13;21;12;16;19;14;15;16;14;18;18;19;11;7;13;9;10;9;10;10;12;8;9;9;12;7;9;8;15;8;10;8;7;9;10;9;7;10;9;3;3;4;1;5;6;4;8;2;5;12;2;5;5;9;5;6;3;3;0;4;1;2;2;0;1;0;1;1;1;2;0;0;0;1;0;0;0;0;0;0;0;0;1;0;0;0;0;0
280470605000005;8;540;540;152;111;193;41;9;3;1;1;19;0;8;0;1;0;1;0;0;0;0;11;1;1;0;1;2;2;2;0;0;2;0;0;6;5;9;6;14;7;8;14;12;11;20;13;12;12;14;9;11;15;9;12;4;8;9;7;13;3;9;7;5;10;13;4;12;12;9;6;8;9;8;9;9;8;9;8;5;7;7;6;4;4;2;4;4;5;6;5;5;4;1;7;5;3;1;0;1;1;0;3;1;2;0;1;2;1;4;0;0;1;3;2;1;2;0;0;0;0;0;0;0;0;0;0;0;0;0;0;0;0;1;0
280470605000006;5;807;804;219;160;284;59;4;17;2;3;46;0;4;0;8;1;0;0;0;0;0;12;2;3;0;1;2;0;0;1;1;1;1;0;10;15;9;11;12;14;7;14;13;24;14;30;16;17;10;16;21;18;22;11;14;15;9;12;15;6;13;8;13;10;10;10;13;10;12;13;6;11;6;17;11;9;21;17;6;8;6;8;4;11;6;9;6;2;13;6;6;9;7;9;6;6;6;3;4;1;2;5;8;3;4;1;3;11;3;3;5;3;2;4;1;2;0;0;0;1;1;2;1;0;1;0;2;0;0;0;0;0;0;0
280470605000007;5;307;307;98;65;85;25;0;5;2;0;11;0;9;0;5;0;2;0;0;0;0;5;2;0;0;1;1;0;1;0;0;0;0;0;1;6;4;8;8;8;9;5;6;6;6;10;8;3;3;1;3;3;1;2;6;6;5;4;5;6;3;7;4;7;9;8;8;5;7;8;6;2;7;2;2;6;1;2;2;2;2;3;1;2;2;0;3;3;2;2;1;5;1;4;2;3;1;3;3;2;3;0;2;3;3;1;2;2;0;1;1;0;0;1;1;1;0;1;1;1;1;0;0;0;0;0;0;0;0;0;0;1;0;0
280470605000008;8;326;326;89;67;134;14;0;4;0;0;13;0;2;0;3;0;0;0;0;0;0;3;0;0;0;0;0;0;0;1;0;1;0;1;7;9;7;7;1;8;6;9;10;9;6;7;8;9;9;5;9;4;5;2;7;5;2;8;4;4;2;8;3;3;4;2;6;1;2;5;5;2;5;5;7;3;2;4;3;5;3;1;4;4;7;2;5;3;6;0;3;2;1;2;1;3;1;2;3;4;0;3;2;1;0;1;0;1;1;3;0;2;3;2;0;0;1;0;0;0;1;0;0;0;0;0;0;0;0;0;0;0;0;1
280470605000009;1;640;639;194;136;176;76;14;5;1;1;14;0;3;0;15;0;4;0;1;0;0;10;1;1;1;1;0;1;1;0;3;0;0;1;17;18;12;17;13;11;12;17;11;9;16;10;12;4;15;12;13;15;9;18;9;10;16;13;12;11;12;11;13;6;4;9;10;9;9;6;10;9;3;10;12;6;8;12;7;10;9;10;5;9;6;5;8;4;3;9;3;2;2;6;1;4;3;0;4;3;2;5;3;7;0;0;0;1;1;1;2;0;0;3;0;0;0;1;0;0;0;0;0;0;0;0;0;0;0;0;0;0;0;0
280470605000010;1;513;513;146;92;135;66;18;3;5;1;22;0;12;0;12;0;1;0;0;0;0;6;2;0;0;0;1;0;1;0;0;1;0;1;9;10;6;6;7;8;11;17;12;7;16;8;13;17;21;8;16;9;8;8;5;9;10;10;5;5;13;13;6;7;6;11;12;5;10;5;7;1;12;5;4;4;2;2;5;6;10;1;4;3;3;1;8;4;4;4;3;3;3;3;3;5;5;2;7;3;7;1;3;2;2;4;0;2;0;1;1;1;0;1;1;3;1;0;0;0;0;0;0;0;1;0;0;0;0;0;0;0;0;0
280470605000011;5;229;229;65;53;62;26;5;2;1;1;11;1;1;0;0;0;1;0;0;0;0;2;0;0;0;0;0;0;1;0;1;0;0;0;2;4;5;4;1;3;2;8;1;6;2;7;7;6;3;5;7;4;5;4;5;2;4;4;3;3;2;4;4;1;4;5;7;2;4;3;2;4;4;3;5;7;1;3;0;3;4;2;2;2;4;3;3;1;2;2;1;0;2;1;0;2;3;3;0;2;0;0;2;2;0;0;3;0;2;0;0;1;0;0;1;0;0;0;1;0;0;0;1;0;0;0;0;0;0;0;0;0;0;0
280480505000001;1;1062;1062;298;184;288;136;12;15;13;1;61;3;13;2;19;7;8;0;2;0;0;13;1;0;1;1;3;1;0;1;0;3;1;1;12;16;11;18;16;13;13;25;19;20;25;14;25;23;22;19;19;19;29;16;13;25;21;17;22;16;25;12;18;18;16;20;19;20;19;9;26;21;14;16;9;19;15;14;8;14;9;16;15;17;13;9;8;13;6;7;3;8;7;4;8;7;5;7;7;8;4;5;1;4;5;1;5;9;3;3;1;4;1;0;0;2;1;0;0;1;0;0;0;0;0;0;0;0;0;0;0;0;1;1
280480505000002;1;419;414;119;75;96;67;7;7;4;4;23;4;6;0;7;0;0;0;0;0;0;3;0;0;0;0;1;0;1;0;0;1;0;0;5;9;3;5;6;9;7;8;4;4;11;8;7;7;8;4;9;7;7;10;6;13;13;7;12;4;2;10;9;4;5;4;8;7;4;11;4;10;9;7;5;2;6;9;4;6;5;4;7;4;4;2;4;4;0;2;3;2;1;4;5;3;1;1;3;5;2;2;2;6;2;3;0;1;0;0;1;2;3;1;0;2;0;3;0;0;1;0;1;0;0;0;0;0;0;0;0;1;0;0
280480505000003;1;1008;1007;288;178;262;125;4;17;9;2;73;5;19;2;24;0;0;0;0;0;0;13;4;0;0;1;1;1;1;2;0;3;0;0;15;16;15;23;20;16;16;18;18;16;20;12;20;18;16;25;20;18;17;17;8;28;14;20;13;17;25;19;26;13;27;31;21;17;15;17;15;22;17;14;17;17;10;11;14;8;10;11;6;6;10;8;8;5;4;7;10;6;4;5;5;5;3;3;8;5;4;4;5;5;2;3;2;3;2;1;4;3;1;1;0;5;1;1;2;2;0;1;0;1;1;0;0;0;0;0;0;0;0;0
280480505000004;1;1009;1009;290;189;239;135;24;10;10;0;74;1;14;1;19;1;2;0;0;0;0;13;1;4;2;1;1;1;1;0;1;1;0;0;17;17;16;18;14;22;18;14;30;23;16;19;14;21;24;27;17;24;24;15;11;27;16;23;18;15;26;30;25;12;16;19;11;14;9;17;14;16;21;19;11;11;11;14;17;11;11;9;12;11;8;8;14;1;5;3;3;2;7;4;2;4;1;4;4;6;1;7;5;0;5;3;3;1;3;4;3;0;2;0;5;1;2;2;0;1;0;1;1;0;1;0;0;0;0;1;1;0;0;0
280480505000005;3;1119;1119;288;194;324;155;24;18;11;0;78;0;17;0;9;1;0;0;0;0;0;17;0;0;3;1;1;1;1;1;1;2;4;2;21;21;24;24;25;22;24;19;20;28;26;22;18;26;31;16;26;31;28;18;23;14;27;18;21;20;17;15;28;28;18;15;15;16;16;11;11;9;15;19;14;9;20;11;15;15;11;12;8;11;8;11;4;9;9;5;10;6;3;8;3;3;3;4;9;6;3;7;4;2;3;1;4;0;2;2;2;1;1;2;0;3;0;1;1;3;1;0;0;2;2;0;0;0;0;0;0;1;0;1
280480505000006;3;314;313;81;49;72;29;2;0;24;0;11;0;34;2;9;1;0;0;0;0;0;5;0;2;0;1;0;0;0;0;2;0;0;0;9;8;7;5;4;10;7;3;12;6;8;3;11;11;7;4;4;5;4;5;7;8;8;4;5;5;9;6;5;6;5;3;4;6;5;3;9;4;1;3;2;5;3;2;8;3;2;1;4;1;2;0;2;1;3;1;2;4;1;0;1;1;2;3;1;1;4;0;1;1;1;1;0;0;1;1;0;0;0;0;1;1;0;0;0;1;1;0;0;0;0;0;0;0;0;0;0;0;0;0
280480505000007;3;252;252;66;44;71;31;7;4;4;0;16;0;2;0;7;0;0;0;0;0;0;3;0;0;1;0;0;0;0;1;1;0;0;0;4;5;6;2;4;4;8;4;8;5;5;6;4;8;8;5;3;5;9;5;1;3;4;4;5;3;5;2;2;3;3;4;7;4;2;7;3;1;4;6;6;5;5;3;1;2;2;4;3;7;1;0;0;0;1;2;0;1;0;1;2;1;1;3;1;0;1;2;1;2;1;1;0;0;0;2;2;0;1;0;0;2;1;0;0;0;0;0;0;0;0;0;0;0;0;0;0;0;0;0
280480505000008;3;491;491;137;87;152;71;4;5;2;1;22;1;2;0;6;1;0;0;0;0;0;8;0;0;2;0;1;0;0;2;1;1;1;0;9;11;10;15;9;9;9;13;11;11;12;5;16;9;13;8;10;12;10;8;5;10;13;12;6;2;10;7;13;11;9;6;8;7;5;5;4;5;7;8;8;7;10;7;3;2;6;7;6;4;4;5;4;4;3;1;2;4;2;3;3;4;3;2;3;3;2;0;1;1;1;0;0;1;0;1;0;0;1;0;0;0;0;0;1;0;0;0;0;1;0;0;0;0;0;0;0;0;0;0
280480505000009;3;1026;1026;285;158;235;219;24;9;9;3;43;0;13;0;22;6;0;0;0;0;0;18;0;2;3;1;1;1;0;1;1;2;5;1;22;25;23;18;24;25;26;25;30;26;32;22;32;25;22;29;23;15;21;14;27;13;20;9;23;14;12;19;19;19;21;16;15;19;22;22;17;14;21;18;18;14;19;13;5;8;11;5;9;3;5;2;6;0;5;4;3;4;2;2;3;1;6;8;0;1;1;1;0;0;1;2;1;0;0;3;0;0;0;0;0;0;1;0;0;0;1;0;0;0;0;0;0;0;0;0;1;0;0;0
280480505000010;3;937;934;260;164;222;147;28;14;4;0;68;4;8;0;18;0;0;0;0;0;0;14;1;2;1;1;0;1;2;1;1;2;2;0;24;16;28;20;16;21;17;20;30;15;18;21;13;19;21;22;13;21;17;15;14;7;16;19;17;18;18;12;15;24;22;19;16;11;15;9;16;16;12;12;8;5;8;13;9;18;11;4;8;8;11;9;11;6;7;6;6;5;11;6;5;5;4;5;3;1;3;2;2;3;0;2;1;5;1;0;3;0;1;2;2;1;1;1;0;0;1;1;1;1;0;0;0;0;0;0;0;1;0;0
280480505000011;3;537;537;162;103;144;68;14;5;6;1;16;0;9;0;4;0;5;0;0;0;0;7;1;0;1;0;1;1;0;0;2;0;1;0;15;8;7;8;11;10;10;12;12;15;7;7;8;7;12;9;13;13;8;9;12;13;11;15;12;14;7;7;9;3;10;8;6;7;8;10;11;8;5;7;4;4;10;9;7;5;5;7;7;9;6;6;7;3;6;5;3;5;4;3;4;3;3;1;1;1;1;2;1;1;3;2;0;0;0;1;1;0;0;0;0;2;0;0;1;0;0;0;0;1;1;0;1;0;0;0;0;0;0;0
280480505000012;3;707;703;200;115;159;125;8;3;31;3;19;0;23;0;12;7;1;1;0;0;0;20;1;0;3;1;1;0;2;1;5;2;2;2;20;10;17;18;24;18;18;17;14;16;17;18;18;18;13;14;15;11;15;6;11;12;7;13;19;13;13;12;17;18;13;9;16;11;17;9;12;9;14;13;8;9;7;8;3;5;6;6;4;4;4;5;4;4;4;5;4;1;2;3;1;1;1;2;1;1;3;1;0;0;3;0;0;0;1;0;0;1;0;0;0;0;0;0;0;0;0;0;0;0;0;0;0;0;0;0;0;0;0;0
280480505000013;3;775;775;213;144;205;106;7;5;19;4;36;1;14;1;19;0;1;0;0;0;0;16;1;0;4;1;1;1;1;2;2;0;2;1;9;8;15;11;20;16;14;14;17;16;13;13;26;15;20;12;16;14;8;25;15;27;13;12;9;11;8;11;8;10;17;9;13;14;13;12;18;10;18;18;17;14;16;10;14;9;14;8;8;14;6;7;2;6;5;3;1;2;2;7;2;3;2;6;1;1;1;0;1;1;1;2;1;0;0;0;0;1;0;1;0;0;1;0;0;0;0;0;0;1;0;0;0;0;0;0;0;0;0;0
280480505000014;3;862;861;232;153;230;148;13;11;9;1;43;0;7;0;15;0;0;0;0;0;0;14;1;0;1;2;1;1;1;1;4;0;1;1;17;13;12;18;10;14;19;13;18;26;18;18;18;24;20;17;17;14;14;14;15;16;25;17;16;12;10;18;6;17;14;15;14;16;16;17;20;15;12;21;14;13;11;13;17;13;7;14;6;8;8;7;7;4;4;5;3;5;7;6;2;8;3;4;3;0;0;0;0;0;1;0;1;1;1;2;1;0;1;0;0;0;0;0;0;1;0;0;0;1;0;0;0;0;0;0;0;0;0;0
280480505000015;3;631;631;173;117;167;94;9;9;8;2;38;0;5;0;9;0;0;0;0;0;0;9;2;2;1;1;0;1;1;0;0;1;0;0;8;14;9;10;14;7;9;9;11;17;14;12;15;13;23;14;11;16;9;11;13;15;11;8;9;9;9;13;14;8;8;7;11;12;7;11;7;22;7;15;13;12;7;9;4;15;6;10;3;8;7;5;3;8;0;3;5;1;5;8;3;3;1;0;2;2;2;2;1;2;1;1;1;1;0;0;1;2;1;0;1;0;0;0;0;0;0;0;0;0;0;0;0;0;1;0;0;0;0;0
280480505000016;3;746;745;215;147;190;114;25;4;7;1;29;0;3;0;5;0;6;0;0;0;0;14;2;1;1;2;2;0;0;1;0;2;2;1;21;11;19;17;12;10;16;14;19;20;20;15;13;15;13;18;15;15;9;11;20;12;9;13;13;10;14;12;13;12;17;11;9;10;12;10;15;17;19;22;15;14;13;10;10;7;5;8;9;9;4;4;7;5;3;5;3;4;4;5;2;0;4;1;2;0;0;1;0;0;1;0;0;1;1;0;0;0;0;0;0;0;1;1;0;0;0;0;0;0;0;0;0;0;0;0;0;0;0;0
280480505000017;3;756;756;212;143;185;126;14;6;5;2;29;0;10;0;20;0;4;0;0;0;0;12;2;1;0;3;1;0;2;1;1;0;0;1;12;10;13;20;10;11;9;20;18;18;16;14;22;16;15;20;16;13;6;9;16;10;14;10;11;11;22;5;14;17;11;17;15;13;12;12;20;20;15;18;17;8;12;14;10;9;9;11;6;7;2;3;5;7;4;4;9;4;3;4;2;3;4;4;1;0;2;0;0;0;2;2;1;1;1;0;0;0;0;0;0;0;1;0;0;0;0;0;0;1;0;0;0;0;0;0;0;0;0;0
280480505000018;3;815;815;233;159;216;104;31;6;7;3;35;0;2;1;15;1;2;0;0;0;0;11;1;1;3;3;0;0;0;2;0;1;0;0;19;6;14;12;24;17;15;12;17;20;18;19;20;13;17;19;14;13;7;11;22;18;18;10;21;13;9;13;17;15;10;12;10;20;14;14;23;9;8;14;15;17;19;12;7;12;9;14;10;9;7;5;6;3;6;5;3;4;4;1;2;1;4;3;2;1;5;3;1;1;2;3;0;1;0;0;1;2;1;0;1;1;2;1;0;1;0;0;0;0;0;0;0;0;0;0;0;0;0;0
280480505000019;3;712;712;204;136;193;96;13;8;2;0;30;0;8;1;10;6;5;0;0;0;0;14;0;1;1;1;2;0;3;1;2;2;0;1;10;15;9;12;11;16;10;14;15;18;20;22;14;19;9;18;14;14;16;14;13;9;10;7;10;13;10;17;12;11;13;16;12;15;14;15;13;11;16;11;10;18;20;12;9;10;10;9;5;6;1;4;1;3;1;2;1;2;1;9;0;3;3;1;4;1;1;2;1;1;1;0;0;2;0;0;1;0;0;2;0;1;0;0;0;0;0;1;0;0;1;0;0;0;0;0;0;0;0;0
280480505000020;3;700;698;185;114;179;136;20;5;2;2;32;0;6;0;18;0;1;0;0;0;0;13;0;1;1;2;1;0;1;1;1;2;2;1;15;5;13;18;12;20;13;15;21;26;19;17;19;21;15;20;13;14;17;14;12;7;18;17;12;10;14;4;15;14;10;10;18;7;10;17;10;8;10;8;16;9;7;3;4;9;4;6;10;4;2;4;4;0;3;0;3;2;6;4;4;2;1;3;1;3;1;2;1;2;1;1;0;1;0;1;0;1;2;0;1;0;1;0;0;0;0;0;0;0;0;0;0;0;0;0;0;0;0;0
280480505000021;3;919;914;245;159;235;140;32;13;1;0;58;3;10;0;17;5;1;0;0;0;0;20;2;1;2;3;0;2;1;3;1;2;3;0;24;28;14;20;19;16;18;24;18;28;23;28;17;15;23;20;16;19;11;7;25;16;18;14;10;22;17;15;21;16;17;17;18;17;16;10;12;7;18;12;10;11;5;9;10;12;9;9;6;11;8;3;6;6;4;8;2;7;2;8;2;7;5;1;5;4;3;3;2;0;1;2;0;1;0;3;1;1;1;0;1;3;1;0;0;0;0;0;0;0;0;0;0;0;0;0;0;0;0;0
280480505000022;3;899;899;263;174;231;113;31;8;6;4;41;2;14;0;7;5;0;0;0;0;0;19;1;1;1;2;0;2;0;2;1;4;2;3;19;16;20;17;13;12;18;17;16;16;20;23;22;21;17;14;17;22;14;12;21;27;18;19;16;17;16;24;15;17;7;20;13;18;11;12;14;15;16;15;11;14;13;8;13;9;15;8;13;16;5;9;3;3;3;4;5;4;2;7;4;2;2;3;6;2;4;1;1;1;1;1;1;0;2;1;1;1;2;0;1;1;0;0;0;0;0;0;0;0;0;0;0;0;0;0;0;0;0;0
280480505000023;3;939;939;266;175;249;123;13;14;10;3;36;0;25;0;18;2;3;2;0;0;0;13;1;1;1;1;2;1;2;0;0;2;0;2;20;13;19;16;18;15;20;18;24;21;15;17;17;17;19;23;18;17;17;13;21;18;16;17;18;15;15;20;13;26;15;6;23;27;14;17;9;23;21;11;10;26;18;15;13;8;16;13;11;13;6;7;5;5;8;5;4;3;3;7;3;3;0;3;0;0;2;3;2;1;4;0;0;0;1;0;1;1;1;2;0;0;0;1;0;0;0;0;0;0;0;0;0;0;0;0;0;0;0;0
280480505000024;3;1032;1032;304;202;280;127;19;17;10;2;39;0;5;0;22;1;3;0;1;0;0;16;1;0;2;0;2;2;0;0;1;3;4;1;23;16;18;24;30;21;16;15;12;21;20;27;18;19;21;26;17;16;13;19;18;26;13;17;20;24;26;26;15;26;18;14;14;21;15;17;16;26;16;26;23;22;20;17;11;16;12;14;13;7;5;6;4;3;5;3;6;3;2;3;5;1;3;2;3;0;5;1;3;2;2;2;0;0;1;1;0;1;0;1;0;0;0;0;0;1;0;0;0;0;0;0;0;0;1;0;0;0;0;0
280480505000025;3;567;567;165;109;143;86;11;5;4;4;26;1;8;0;4;1;0;0;0;0;0;11;1;1;0;1;1;3;1;0;0;0;1;2;11;8;12;12;11;11;14;8;10;13;13;10;10;11;10;11;10;16;16;13;11;10;6;6;8;7;9;9;11;10;11;15;19;12;16;14;10;14;6;10;6;8;3;10;7;11;2;4;8;2;5;2;8;2;8;2;2;1;2;1;1;1;1;5;1;0;2;1;0;0;0;0;2;1;1;0;1;0;0;0;0;0;0;0;0;1;0;0;0;0;0;0;0;0;0;0;0;0;0;0
280480505000026;3;608;608;174;111;149;101;5;5;6;1;28;0;8;1;10;9;0;0;0;0;0;10;0;1;2;2;0;1;0;0;1;1;1;1;14;12;12;7;11;12;16;9;12;16;12;9;10;11;16;15;14;8;14;7;15;17;8;10;10;7;11;6;12;12;6;11;14;9;19;11;12;15;17;10;9;13;6;11;6;8;7;7;7;2;7;5;5;3;2;2;3;2;3;4;1;2;2;1;0;2;1;1;0;1;0;0;1;0;0;0;0;2;0;1;1;1;0;0;0;0;0;0;0;0;0;0;0;0;0;0;0;0;0;0
280480505000027;3;998;998;277;178;284;72;3;5;60;2;18;0;61;0;29;2;7;0;0;0;0;18;3;3;2;0;1;1;1;1;2;1;1;2;17;17;14;19;18;19;13;16;25;22;25;30;24;14;26;22;23;21;22;15;22;20;9;9;12;11;12;20;15;10;14;22;26;20;16;26;23;21;24;25;26;18;15;15;23;13;11;8;10;9;7;8;5;6;4;4;1;5;4;3;0;1;5;3;2;1;2;2;0;3;0;0;0;1;0;0;1;1;1;0;0;1;1;0;0;0;0;0;0;0;0;0;0;0;1;0;0;0;0;0
280480505000028;3;656;652;188;131;192;81;19;4;5;6;12;0;6;0;7;4;0;0;1;0;0;8;0;1;0;0;1;0;1;0;1;0;2;2;8;17;13;9;20;10;14;19;17;19;14;19;8;17;11;18;15;7;12;6;10;7;8;16;4;7;12;9;12;5;10;12;21;15;20;13;14;13;17;10;18;10;13;11;8;11;3;7;5;3;1;3;1;3;1;2;5;1;3;3;5;3;1;2;0;2;2;0;1;4;0;2;0;1;0;1;1;1;0;0;0;0;1;1;0;0;0;0;0;0;0;0;0;0;0;0;0;0;0;0
280480505000029;3;870;860;247;169;222;87;11;6;37;3;24;2;39;0;15;5;0;0;0;0;3;16;1;0;0;3;3;1;1;2;0;1;2;2;17;14;19;12;16;12;17;18;19;19;19;22;19;21;20;22;18;7;6;18;14;11;10;14;14;13;17;13;14;12;23;17;16;17;22;22;24;21;18;25;7;12;19;13;7;9;8;13;7;9;5;4;3;4;5;6;6;1;3;3;2;1;1;4;0;2;3;3;1;5;1;1;1;3;1;0;3;1;0;1;0;0;1;1;0;2;0;0;0;0;0;0;0;0;0;0;0;0;0;0
280480505000030;3;705;705;212;138;185;108;2;3;10;0;14;0;14;2;9;3;5;0;0;0;0;13;0;0;2;3;3;2;1;1;0;0;1;0;12;11;15;11;9;6;19;13;18;15;13;18;14;18;19;17;15;14;9;11;6;9;8;9;10;17;17;18;13;8;18;23;15;11;17;16;19;13;18;12;13;5;11;6;5;8;8;6;1;11;2;8;3;2;2;5;6;3;3;3;2;4;2;0;0;1;3;2;1;1;0;2;0;2;1;0;3;0;0;1;0;0;0;1;0;0;0;1;0;0;0;0;0;0;0;0;0;0;0;0
280480505000031;3;1326;1326;394;254;336;171;36;8;9;2;52;2;24;0;35;2;1;0;0;0;0;22;3;2;4;1;3;0;0;1;3;2;0;3;22;34;28;23;30;32;33;32;33;21;35;26;32;24;21;30;14;20;24;22;22;23;24;20;28;25;35;26;32;32;24;26;27;30;36;20;26;18;23;22;14;19;13;10;15;15;8;13;14;12;9;10;5;9;7;3;8;7;3;9;2;3;1;3;4;4;2;4;2;2;2;1;2;1;2;3;0;0;2;1;1;0;1;0;0;1;0;0;0;1;0;0;0;0;0;0;0;0;0;1
280480505000032;3;1476;1476;411;235;327;227;13;11;65;2;38;0;89;0;39;18;1;0;0;0;0;33;3;1;3;4;4;1;1;2;2;4;4;4;37;21;34;35;34;26;23;25;37;31;42;33;39;27;35;46;30;43;26;16;29;26;25;22;19;26;19;35;36;31;19;25;20;29;34;28;26;28;20;26;17;17;20;26;9;17;13;17;13;20;9;9;11;14;5;6;3;2;8;7;4;3;4;3;2;4;3;3;1;3;1;0;0;0;2;0;0;1;1;1;0;0;0;0;0;0;0;0;1;0;0;0;0;0;0;0;0;0;0;0
280480505000033;3;686;686;186;138;163;110;20;12;5;2;17;0;9;0;23;1;0;0;0;0;0;13;3;0;0;2;0;2;1;0;1;1;1;2;9;14;8;12;12;13;11;11;13;12;19;9;17;18;18;21;22;15;8;11;23;16;9;19;13;14;11;17;9;9;5;8;9;16;11;15;13;17;12;15;6;11;5;9;8;6;8;4;13;7;3;5;4;6;1;2;5;4;4;6;1;3;2;1;4;1;2;3;1;2;0;0;1;1;0;0;0;0;0;0;0;0;0;0;0;0;0;0;0;0;0;0;0;0;0;0;0;0;0;0
280480505000034;3;972;965;272;189;258;130;36;12;3;1;43;0;3;2;14;0;6;0;0;0;3;18;3;2;1;0;1;2;4;2;2;0;1;0;23;23;17;21;17;18;21;26;23;22;18;19;22;25;24;23;19;22;13;16;15;22;17;22;18;13;19;23;15;16;18;8;21;14;15;10;15;14;22;6;15;17;17;10;11;17;10;13;9;3;11;4;6;12;3;2;2;7;6;4;3;2;1;1;4;3;1;1;3;5;3;1;2;0;2;2;1;0;0;1;1;0;0;0;0;0;1;0;2;0;0;0;0;0;0;0;0;0;0;0
280480505000035;3;1505;1505;413;274;362;223;45;32;13;1;101;4;9;0;16;5;7;0;0;0;0;29;2;2;3;4;1;2;2;3;1;2;2;5;30;30;18;33;28;29;27;32;35;39;35;38;28;34;31;45;27;28;28;22;24;28;31;33;30;26;21;33;39;23;19;21;21;31;24;37;20;20;23;23;22;26;15;15;16;24;18;19;10;6;15;17;6;10;9;9;8;8;7;3;6;6;8;9;3;6;1;4;2;4;2;2;2;2;2;0;0;0;2;1;0;1;1;0;0;2;0;0;0;0;0;0;1;1;0;1;0;0;0;0
280480505000036;3;1050;1030;290;181;260;174;26;13;7;1;56;0;12;0;21;1;3;0;0;0;5;16;0;2;1;4;0;1;0;1;2;3;2;0;29;16;13;23;20;19;19;25;17;26;28;32;30;22;24;28;19;20;15;32;28;22;21;23;25;20;15;15;14;17;8;14;21;22;20;13;16;16;13;19;13;18;14;6;14;9;7;12;8;11;8;7;4;6;5;5;2;5;5;6;5;4;2;3;2;3;4;2;3;6;0;3;2;5;0;1;2;0;0;0;0;0;0;0;1;1;0;0;0;0;0;0;0;1;0;0;0;0;0;0
280480505000037;3;906;904;262;172;240;109;28;15;6;2;46;0;9;0;16;0;1;0;0;0;0;17;2;3;2;2;2;1;1;1;0;1;1;1;17;13;20;20;14;20;14;24;14;19;23;22;19;20;18;18;16;18;19;17;18;17;11;20;17;16;21;23;9;17;5;12;9;12;14;15;10;14;15;13;15;15;20;14;11;18;15;5;8;6;8;8;9;9;5;6;9;0;2;4;2;4;4;1;4;2;1;0;3;1;1;1;2;3;2;1;3;1;1;0;2;3;0;2;0;0;1;1;1;1;0;0;0;0;0;0;0;0;0;1
280480505000038;3;527;527;146;100;136;83;18;5;2;0;18;0;8;0;10;0;1;0;0;0;0;11;0;2;0;1;0;1;0;0;0;2;3;2;7;15;9;10;13;10;8;9;12;18;10;17;15;14;13;10;10;9;6;11;9;13;11;7;10;9;8;9;10;11;8;7;13;14;11;8;10;4;8;5;3;7;8;2;3;7;3;5;6;6;6;8;1;2;4;7;1;4;2;5;2;2;1;3;1;1;1;0;1;1;2;0;0;0;0;0;0;0;0;0;0;0;0;0;0;0;0;0;0;0;0;0;0;0;0;0;0;0;0;0
280480505000039;3;817;807;224;161;209;113;42;8;6;3;32;0;4;0;6;0;9;0;0;0;0;19;2;1;3;1;1;0;3;4;1;0;0;3;15;21;21;21;23;19;16;18;26;18;17;17;26;12;21;13;12;17;8;11;19;14;13;13;14;18;23;9;18;13;17;20;13;12;8;12;14;16;17;12;7;11;16;10;6;8;7;3;7;5;8;4;6;2;8;2;5;1;5;4;3;1;2;0;3;2;4;2;1;0;0;1;0;1;0;0;0;1;0;1;0;1;1;0;0;1;0;0;1;0;0;0;0;0;0;0;0;0;0;0
280480505000040;3;746;746;220;137;163;100;12;13;10;2;39;1;19;1;9;14;6;0;0;0;0;14;1;0;0;1;2;1;3;1;0;2;1;2;9;9;17;10;22;14;14;14;14;21;12;17;17;17;9;16;12;9;9;13;8;19;12;12;10;15;13;10;11;15;8;23;16;10;9;17;21;15;16;26;23;16;8;7;12;9;9;8;12;8;5;5;6;4;4;3;4;1;6;0;1;0;1;0;2;4;0;0;1;3;1;1;1;2;1;0;0;0;0;0;1;0;0;0;0;0;2;0;0;0;0;0;0;0;0;0;0;0;0;0
280480505000041;3;1028;1028;291;203;246;143;30;13;12;2;54;0;7;0;24;3;0;0;0;0;0;14;0;2;0;3;2;2;1;1;3;0;0;0;16;13;12;21;10;20;10;18;13;22;17;14;33;14;24;22;22;19;23;17;21;12;24;19;16;22;14;27;13;21;25;23;15;12;10;8;18;16;10;20;19;21;20;21;12;20;22;20;11;14;8;8;13;7;10;6;3;5;8;6;5;4;5;5;3;3;3;3;5;1;0;1;1;1;1;0;1;2;1;0;0;1;1;1;0;1;0;1;0;0;0;1;2;0;0;0;0;0;0;1
280480505000042;3;1147;1147;329;222;331;124;20;9;11;3;34;0;23;2;33;6;0;0;0;0;0;11;0;1;0;2;1;0;2;1;0;1;1;2;14;10;19;15;24;13;23;19;18;18;21;25;21;29;15;25;25;31;25;20;36;26;17;13;21;13;15;19;15;13;24;18;19;21;20;25;19;20;20;23;24;17;22;20;27;21;26;16;15;11;9;10;11;7;7;5;2;7;11;4;3;4;5;2;6;2;5;5;0;2;2;0;4;2;2;2;0;1;0;2;0;1;2;2;0;1;0;1;1;0;0;0;0;0;0;0;0;0;0;0
280480505000043;3;1282;1282;370;258;339;154;27;16;8;3;56;1;19;1;26;3;1;0;0;0;0;19;2;1;3;1;2;0;3;1;2;2;2;0;16;10;7;23;14;24;12;25;19;24;21;29;15;39;19;27;39;31;28;32;20;23;24;29;18;28;13;21;19;32;18;16;21;19;16;17;22;17;26;35;29;29;25;24;22;24;18;23;7;18;15;15;14;8;11;9;12;10;6;3;2;11;5;4;4;2;2;1;0;3;5;2;1;1;3;1;0;2;0;0;0;0;0;0;0;0;0;0;0;2;0;0;0;0;1;0;0;1;0;0
280480505000044;3;790;790;224;150;200;105;7;12;4;3;42;1;9;0;31;0;2;0;0;0;0;6;1;0;0;2;0;0;2;0;1;0;0;0;12;9;7;9;9;10;9;17;13;11;17;13;15;24;18;20;13;14;18;22;9;18;18;15;12;13;9;17;14;15;10;6;8;13;9;9;10;12;11;16;18;13;26;23;20;16;13;10;18;15;5;8;8;7;5;4;6;1;6;4;0;4;4;2;1;2;1;4;0;2;0;1;2;1;2;0;2;1;0;1;0;0;1;1;0;0;0;0;0;0;0;0;1;0;0;1;0;0;0;0
280480505000045;3;1051;1051;305;190;261;134;11;12;18;5;49;1;39;1;23;0;1;0;1;0;0;9;1;0;2;0;2;2;0;0;1;1;0;0;16;14;13;13;21;12;20;21;18;18;11;19;16;17;23;21;16;23;19;16;21;19;20;24;21;16;20;25;23;13;21;15;17;15;19;15;15;15;18;21;15;20;16;22;21;15;22;21;13;15;14;12;10;8;7;4;12;9;6;9;6;6;4;1;2;2;2;2;1;4;2;1;2;0;2;0;2;3;1;0;0;0;3;0;0;1;1;1;0;0;0;0;1;1;0;0;0;0;0;0
280480505000046;3;789;789;224;168;215;78;15;8;11;1;31;0;15;1;21;0;1;0;0;0;0;11;1;1;0;2;0;0;3;1;0;3;0;0;9;11;7;10;9;16;8;13;11;13;10;17;13;14;14;23;15;14;26;15;7;19;18;9;9;18;11;21;15;11;14;11;15;14;9;13;16;20;13;13;19;16;22;22;22;14;7;9;6;11;6;11;6;3;7;8;6;3;3;3;1;1;1;2;1;2;3;3;2;1;3;4;0;0;0;0;1;0;0;1;0;0;1;0;0;1;0;0;1;0;1;0;0;0;0;0;0;0;0;0
280480505000047;3;649;649;180;108;145;89;7;4;10;2;48;0;20;1;31;3;1;0;0;0;0;4;0;0;1;0;1;0;0;0;0;0;1;1;8;8;11;10;17;10;11;10;14;13;12;10;16;15;14;12;16;13;10;16;10;10;15;7;17;12;13;16;12;11;17;12;10;9;7;15;12;6;8;3;10;16;9;4;10;10;9;5;9;10;7;6;5;4;8;2;8;5;2;4;4;3;5;0;0;3;3;3;3;2;2;3;1;1;0;0;0;0;0;1;0;0;0;0;0;0;0;0;0;0;0;0;0;0;0;0;0;0;0;0
280480505000048;3;1071;1071;297;203;248;160;29;22;2;6;64;0;8;2;28;2;0;0;0;0;0;21;2;1;3;0;1;1;1;1;6;2;0;3;17;22;19;19;21;13;19;17;22;22;13;22;17;20;24;22;20;22;23;22;19;15;21;18;16;21;22;15;27;13;21;13;22;19;8;16;14;21;20;21;20;25;20;18;26;14;13;12;12;6;12;11;13;7;6;8;4;4;4;8;1;4;4;3;4;3;2;6;1;2;2;4;1;1;0;1;0;2;1;2;0;1;1;1;0;0;0;1;0;1;0;0;0;0;0;0;0;0;0;0
280480505000049;3;1134;1134;335;222;296;149;16;14;5;4;46;9;17;0;16;1;2;2;0;0;0;9;2;1;0;1;1;1;0;0;2;0;0;1;18;11;16;13;15;16;22;13;15;22;21;21;23;20;32;31;22;17;23;25;25;14;24;24;28;25;23;18;15;8;14;15;17;22;19;23;24;14;23;28;22;24;18;29;19;20;15;8;11;12;14;18;7;9;6;7;6;5;8;7;2;8;8;3;5;7;2;1;2;3;1;3;2;1;2;2;2;0;2;0;0;0;1;0;1;1;0;0;0;0;0;1;0;0;1;0;0;0;0;0
280480505000050;3;814;809;235;161;211;90;11;9;7;1;52;1;15;0;13;1;7;0;0;0;0;17;0;2;3;1;2;1;3;2;0;1;0;2;12;11;13;17;11;10;13;3;16;15;17;16;9;10;19;20;18;18;13;13;18;23;17;15;13;10;15;19;16;14;14;11;16;12;12;15;11;11;15;15;8;24;14;18;14;16;7;16;8;12;10;5;7;4;4;6;9;1;5;4;3;2;1;1;4;5;3;4;2;2;1;1;1;3;0;0;1;1;1;0;0;0;0;1;0;0;2;0;0;0;0;0;0;0;0;0;0;0;0;0
280480505000051;3;1450;1444;406;285;392;189;23;14;9;3;71;2;16;0;18;16;0;0;0;0;4;19;0;2;2;0;4;4;1;0;3;0;1;2;20;20;21;31;20;19;21;31;24;28;25;28;19;37;23;28;21;41;40;30;35;30;19;30;33;24;22;32;27;27;16;19;21;17;21;15;27;28;27;29;26;27;29;23;26;31;21;30;25;16;7;9;22;18;14;11;7;3;8;7;6;4;1;3;3;4;0;1;2;7;1;1;2;3;1;1;1;0;1;0;1;0;0;0;1;0;0;0;0;0;0;0;0;0;0;1;0;0;0;0
280480505000052;3;881;876;249;175;243;110;15;13;7;2;30;0;11;0;17;2;2;0;0;0;5;8;0;1;0;1;1;2;0;0;0;3;0;0;10;10;11;20;15;12;17;10;18;24;16;20;14;23;16;13;18;16;11;14;15;11;20;18;15;14;22;23;11;22;15;9;11;10;12;12;6;12;22;22;23;16;18;12;14;11;11;16;17;22;6;12;12;6;6;6;4;7;4;4;4;8;6;2;3;1;0;0;1;1;0;0;1;5;0;0;1;0;0;1;1;0;0;0;0;0;1;0;0;0;0;0;0;0;0;0;0;0;0;0
280480505000053;3;1219;1212;349;185;250;121;5;9;100;5;46;0;82;10;42;0;8;0;0;0;7;8;0;0;1;1;0;1;1;2;0;1;1;0;15;14;18;13;16;11;20;20;21;21;19;28;23;15;28;21;32;27;14;34;26;27;27;25;27;26;18;17;31;17;12;21;15;17;12;13;16;22;20;21;23;19;17;24;21;17;18;20;20;23;19;9;8;11;11;7;13;8;8;6;5;5;5;6;6;3;8;2;4;5;5;3;4;4;2;4;2;1;1;1;3;2;1;0;0;1;2;0;0;2;1;1;0;0;0;0;0;0;0;0
280480505000054;3;872;872;246;145;214;132;7;22;7;0;69;1;12;0;11;6;0;0;0;0;0;14;1;0;0;0;4;0;1;3;2;1;2;0;12;10;8;22;13;9;7;21;16;20;11;11;9;14;17;22;18;20;15;22;13;27;14;23;22;16;27;26;13;24;7;14;9;12;23;7;10;11;9;33;7;14;5;6;15;8;11;10;20;26;2;13;2;15;12;2;2;5;3;10;0;2;0;6;7;3;0;1;2;3;1;1;2;1;1;2;0;0;0;0;0;0;0;0;0;0;0;1;0;0;0;0;0;0;0;0;0;0;0;0
280480505000055;3;749;749;217;144;181;84;17;8;2;3;43;2;13;0;23;0;12;0;0;0;0;12;2;1;0;1;2;0;0;0;0;0;6;0;8;13;11;12;11;10;11;9;14;11;12;9;9;14;12;13;15;16;16;16;10;18;20;20;13;27;11;17;9;12;20;6;13;18;12;13;8;11;7;7;9;7;17;13;16;14;9;23;6;14;9;10;6;2;11;9;5;5;4;4;2;3;0;2;4;2;3;0;4;0;1;1;0;2;1;1;0;1;0;1;0;0;0;0;1;0;0;0;0;0;0;0;0;0;0;1;0;0;0;0
280480505000056;3;646;645;191;121;137;93;10;9;7;3;33;0;16;1;22;1;2;0;0;0;0;6;1;0;1;2;0;0;0;2;0;0;0;0;7;4;12;10;9;10;6;9;11;9;16;10;8;17;12;12;10;13;9;11;15;14;17;10;12;14;13;17;8;12;13;7;13;11;9;10;13;9;9;7;9;10;13;10;8;12;14;9;10;8;5;15;5;5;8;6;2;3;4;5;3;3;3;4;6;3;0;3;0;2;2;3;1;1;1;1;1;1;1;0;0;0;0;1;1;0;0;0;0;0;0;0;0;0;0;0;0;0;0;0
280480505000057;3;1126;1126;320;210;296;145;23;13;12;3;71;3;15;0;11;1;3;0;0;0;0;22;4;1;2;0;3;0;3;1;4;2;2;0;19;14;12;18;14;26;18;22;19;19;16;17;23;23;20;17;25;23;30;21;22;23;26;20;27;21;21;23;20;14;13;22;20;15;25;13;12;12;22;12;12;20;20;16;19;30;21;12;17;18;9;13;19;9;10;7;8;5;7;3;2;3;4;4;3;7;3;2;4;2;2;1;3;1;2;0;1;0;0;2;1;1;0;1;0;0;1;0;0;0;0;0;0;0;0;0;0;0;0;0
280480505000058;3;1076;1076;319;193;270;163;10;18;4;5;55;0;12;0;21;0;4;0;2;0;0;20;4;1;0;3;3;0;2;1;0;3;2;1;15;12;12;15;16;9;16;11;13;13;27;15;14;27;17;27;16;24;26;23;21;22;26;25;27;21;27;16;17;20;9;18;9;13;9;18;13;11;16;17;24;20;18;22;22;20;17;18;16;21;17;9;9;9;4;9;6;15;6;8;8;8;1;5;0;3;5;2;3;1;4;2;2;3;2;3;1;2;0;1;1;4;0;0;0;0;0;0;1;0;0;0;0;0;0;1;0;0;0;0
280480505000059;3;734;734;206;141;209;79;8;7;10;1;34;1;12;0;25;0;1;0;0;0;0;8;0;0;0;0;3;1;1;0;2;1;0;0;8;7;16;5;12;13;9;13;11;17;10;13;14;15;14;17;14;20;15;17;12;7;10;19;13;11;14;11;15;17;15;12;10;9;13;15;7;12;8;11;14;18;9;11;18;11;16;9;9;14;8;6;9;5;6;8;3;2;2;3;4;6;2;0;2;4;4;2;5;1;1;0;0;2;1;0;1;1;0;2;0;2;0;0;1;1;1;1;0;0;0;0;0;0;0;0;0;0;0;0
280480505000060;3;725;724;208;140;194;78;10;4;6;6;38;0;21;0;15;1;4;0;0;0;0;12;1;0;1;0;4;1;1;0;0;2;1;1;10;8;6;8;13;10;11;8;9;6;15;13;12;13;19;25;10;15;20;23;10;14;15;17;13;14;15;7;15;4;9;14;16;12;8;5;4;9;16;17;22;16;12;15;15;16;9;10;5;7;9;10;8;8;8;8;2;1;1;4;4;0;2;3;4;3;0;3;2;2;0;0;1;1;1;3;3;1;1;1;0;1;0;2;0;0;0;0;1;0;0;0;0;0;0;0;0;0;0;0
280480505000061;3;433;433;128;86;117;46;10;4;2;2;15;0;9;0;13;0;1;0;0;0;0;6;0;0;2;0;1;0;1;0;1;0;0;1;4;9;7;5;5;1;9;9;4;6;12;9;5;7;12;11;9;12;7;6;7;14;10;17;4;8;7;8;7;6;3;4;8;8;6;6;5;4;5;18;8;18;3;2;10;6;4;5;5;8;3;2;3;5;3;2;1;2;2;2;1;4;1;3;2;3;1;1;2;1;1;0;1;1;0;0;0;1;0;1;2;1;1;0;0;0;0;0;0;0;0;0;0;0;1;0;0;0;0;0
280480505000062;3;826;826;224;119;173;89;4;15;55;1;49;2;50;2;42;0;0;0;1;0;0;9;0;1;2;0;1;2;0;0;1;0;2;0;8;10;10;15;5;14;5;21;10;12;10;13;7;16;20;21;13;20;19;23;15;16;20;24;12;18;22;19;16;21;10;7;14;7;11;11;10;12;9;11;9;15;13;10;12;13;12;14;14;12;15;11;7;6;11;6;7;5;6;4;7;8;7;2;3;4;5;2;2;2;0;1;1;3;1;3;1;0;0;0;0;2;0;3;0;0;1;0;0;0;0;0;0;0;0;0;0;0;0;0
280480505000063;3;950;950;270;157;197;137;13;25;7;3;79;6;21;0;25;0;10;0;0;0;0;15;1;1;2;2;1;1;0;0;3;0;4;0;19;15;11;23;10;11;18;12;14;13;18;22;17;20;15;14;15;20;19;14;22;26;29;23;24;14;18;16;16;18;12;13;17;10;13;14;8;15;11;16;14;13;15;14;16;8;18;15;10;8;8;18;11;8;13;2;5;7;4;9;5;6;1;7;4;1;1;2;2;2;6;4;1;1;4;3;2;2;0;1;1;2;1;2;0;1;1;0;1;0;0;0;0;0;0;0;0;0;0;0
280480505000064;3;692;692;200;117;160;112;7;10;11;4;28;2;20;0;15;4;0;0;2;0;0;13;1;0;1;0;0;0;0;1;2;6;1;1;11;5;10;13;9;7;11;9;14;10;7;7;8;12;12;16;14;21;34;16;18;18;13;25;17;8;11;10;14;10;9;6;10;7;3;6;7;6;10;12;6;14;7;15;20;17;7;9;11;12;13;8;5;2;9;12;6;1;4;7;3;0;3;5;1;2;2;1;1;2;0;0;0;0;0;2;2;1;0;1;1;0;0;0;0;0;1;0;0;0;0;0;0;0;0;0;0;0;0;0
280480505000065;3;882;882;248;161;197;125;16;21;8;4;56;3;12;2;21;3;5;0;0;0;0;13;2;2;3;0;3;0;0;1;2;0;0;0;10;6;11;15;18;10;12;12;15;18;9;12;12;10;21;20;20;14;17;16;25;23;28;22;13;25;16;13;19;17;15;20;12;17;16;9;13;9;9;16;11;16;8;10;13;15;8;16;15;12;13;11;15;4;6;7;4;7;3;8;2;3;3;4;8;0;3;2;2;4;1;2;1;2;1;3;1;1;0;2;1;0;3;0;2;0;0;0;0;0;0;0;0;0;0;0;0;1;0;0
280480505000066;3;839;839;241;141;166;137;19;16;8;1;70;2;15;0;17;4;0;0;2;0;0;13;0;0;2;2;1;1;2;2;1;1;1;0;13;12;14;16;6;11;12;18;8;16;11;12;10;12;14;18;13;20;16;18;18;24;20;25;15;22;17;25;27;11;12;16;1;10;11;9;3;7;13;11;4;17;20;11;12;13;19;17;13;11;10;19;9;7;10;8;1;3;10;2;3;2;5;0;5;4;0;3;5;1;1;1;1;2;1;0;0;0;2;3;1;0;1;0;1;0;1;0;0;0;0;0;0;0;0;0;0;0;0;0
280480505000067;3;879;879;248;151;203;152;11;13;4;1;56;0;16;0;22;2;0;0;0;0;0;11;1;2;0;0;2;3;0;0;2;0;1;0;17;15;11;13;14;19;14;13;19;27;19;19;12;19;13;10;13;14;17;18;21;27;24;24;23;17;17;8;16;21;19;14;9;10;16;12;11;7;10;10;20;11;6;8;9;16;17;16;12;16;11;6;8;13;6;3;3;8;7;3;4;4;2;3;2;3;2;2;1;2;0;0;1;1;2;3;0;1;0;0;0;1;0;0;1;0;1;0;0;0;0;0;0;0;0;0;0;0;1;0
280480505000068;3;998;998;287;162;200;172;24;22;6;4;82;3;11;0;20;2;2;0;1;0;0;20;0;3;3;2;0;1;2;1;4;1;1;2;12;14;17;22;14;19;14;20;22;16;27;13;18;17;24;11;26;21;12;16;13;22;24;20;18;20;21;24;10;22;19;17;16;11;17;14;19;12;10;12;17;20;16;12;13;9;5;15;12;15;18;9;9;8;10;5;7;12;8;3;2;5;6;5;3;5;7;0;4;4;1;2;1;2;2;2;0;3;0;0;0;0;1;2;1;1;0;0;0;0;0;0;0;0;0;0;0;0;0;0
280480505000069;3;960;960;269;170;219;141;29;19;2;1;64;1;16;0;27;1;1;0;0;0;0;11;2;3;1;0;1;2;0;0;0;1;1;0;12;12;17;15;20;16;14;11;19;14;14;17;23;16;27;21;16;21;20;18;18;27;18;14;24;23;21;15;14;18;13;7;9;18;14;14;14;11;11;18;8;19;12;18;16;13;13;15;16;17;11;11;12;9;7;10;9;3;7;5;7;4;2;3;3;1;4;3;1;3;0;2;1;3;2;3;2;5;0;1;2;0;1;0;0;0;1;0;0;0;0;0;0;0;0;0;0;0;0;0
280480505000070;3;1272;1272;356;231;297;192;33;19;9;2;99;0;11;1;16;4;2;0;0;0;0;30;2;2;3;0;4;4;4;2;3;4;2;0;27;28;22;27;23;24;26;22;15;29;26;26;23;20;23;24;29;29;25;28;21;28;27;35;30;20;29;23;29;19;20;20;23;13;23;12;18;14;10;18;24;16;24;18;17;15;18;16;9;9;8;12;9;5;9;7;8;4;5;14;4;6;5;3;7;4;3;1;2;4;2;3;1;3;1;0;3;4;2;0;0;0;0;1;2;1;2;0;0;0;0;1;0;1;1;0;0;0;0;0
280480505000071;3;730;730;215;122;150;143;12;14;7;0;40;2;12;1;5;0;7;0;0;0;0;11;1;1;0;0;1;0;0;3;2;1;1;1;17;13;9;10;6;18;10;14;11;13;5;14;13;14;15;16;13;15;11;19;19;15;10;16;16;22;23;11;19;11;17;6;12;9;9;10;14;11;14;8;7;3;6;12;7;14;13;8;15;13;7;4;9;3;9;7;3;2;5;4;2;9;2;3;2;3;0;1;2;0;0;2;1;0;2;2;2;3;0;1;0;0;0;0;2;0;0;0;0;0;0;0;0;0;0;0;0;0;0;1
280480505000072;3;492;492;138;85;93;112;15;6;3;0;28;0;7;0;3;0;2;0;0;0;0;8;1;0;0;0;0;2;2;0;0;3;0;0;4;3;4;8;14;10;14;8;5;16;16;17;5;11;7;7;12;12;9;6;9;8;7;12;20;9;14;10;12;14;6;13;8;12;12;4;8;3;9;5;6;4;4;2;5;7;4;5;5;5;5;7;3;7;4;5;3;1;2;2;7;1;1;0;0;0;0;0;2;0;0;0;1;0;0;1;0;0;2;0;0;0;0;0;0;0;0;0;0;0;0;0;0;0;0;0;0;0;0;0
280480505000073;3;706;706;202;123;175;116;11;10;7;2;34;0;7;0;13;0;6;0;0;0;0;11;3;2;1;0;0;1;1;1;0;2;0;0;12;14;21;16;14;18;14;15;15;18;7;11;21;8;12;15;16;18;9;10;15;21;18;20;13;13;16;17;16;13;9;6;17;10;7;10;10;11;10;9;9;13;11;10;11;7;6;4;3;5;7;5;3;8;10;3;5;2;2;2;7;2;1;2;2;2;0;0;1;0;2;1;0;0;1;0;0;0;0;1;0;1;0;0;0;0;0;0;0;0;0;1;0;0;0;0;0;0;0;0
280480505000074;3;527;527;148;82;79;115;12;12;4;3;41;1;20;0;7;0;3;0;0;0;0;9;0;0;0;3;2;0;2;0;0;1;1;0;9;6;5;12;14;12;5;10;10;14;10;11;16;9;11;7;4;11;9;13;11;11;12;13;17;18;19;20;11;9;8;6;5;14;4;3;9;2;5;3;8;5;8;4;8;5;7;4;9;4;2;6;5;2;5;2;3;1;3;1;2;3;2;2;1;0;1;0;2;1;1;0;2;1;1;1;0;1;0;1;1;0;0;2;1;0;0;0;1;0;0;0;0;0;0;0;0;0;0;1
280480505000075;3;881;881;243;144;185;176;11;19;8;0;55;3;12;1;19;4;1;0;0;0;0;17;1;1;5;0;2;2;0;1;0;2;2;1;15;12;20;18;17;14;15;20;15;20;15;17;14;22;18;17;14;16;22;14;21;32;22;13;18;12;16;31;19;14;11;9;20;16;12;12;8;12;18;16;13;11;11;18;9;16;14;10;6;6;2;9;8;1;6;2;9;4;3;4;4;3;3;3;4;3;1;3;1;1;0;2;2;0;0;0;1;1;1;0;0;1;0;0;1;0;0;0;0;0;0;0;0;0;0;0;0;0;0;0
280480505000076;3;702;702;183;126;198;90;10;13;2;0;53;2;7;1;14;0;2;1;0;0;0;7;0;2;0;0;1;0;0;1;0;1;2;0;14;11;12;12;9;11;11;10;5;14;10;18;14;11;9;15;6;9;15;10;13;17;14;18;10;19;15;15;12;19;11;16;11;6;8;8;12;13;6;8;11;8;5;11;6;12;15;9;13;7;3;14;14;6;9;10;5;10;6;7;3;1;3;5;4;2;2;1;0;2;0;0;1;2;0;1;4;0;1;0;2;0;1;0;0;1;0;0;0;1;0;0;0;0;0;0;0;0;0;0
280480505000077;3;904;904;261;158;208;136;17;17;11;3;55;1;17;0;18;0;2;0;0;0;0;17;1;1;1;3;1;0;1;0;3;4;1;1;11;13;15;23;14;5;10;13;13;10;20;13;14;13;13;20;18;24;24;16;23;26;18;25;19;18;28;22;17;21;11;9;12;11;3;10;14;7;14;17;10;18;13;18;21;14;17;13;6;11;8;13;5;5;8;6;5;5;6;10;11;5;3;3;4;3;1;3;1;1;2;1;1;2;0;0;0;0;2;1;1;2;0;0;0;0;0;0;0;1;0;0;0;0;0;0;0;0;0;0
280480505000078;3;876;876;242;139;209;77;10;21;43;4;42;2;39;2;41;1;3;0;1;0;0;14;1;1;1;1;1;0;1;0;2;3;2;1;6;12;13;19;15;20;16;15;19;17;16;17;15;11;19;16;18;15;5;24;16;20;23;30;21;15;12;23;14;21;13;17;8;15;13;12;6;5;10;11;17;17;10;18;18;13;18;14;3;9;9;8;15;6;8;3;8;5;4;5;2;2;4;1;1;1;3;0;5;3;2;2;0;3;2;0;1;2;2;2;0;1;0;1;0;0;1;0;0;0;0;0;0;0;0;0;0;0;0;0
280480505000079;3;816;814;232;153;201;111;13;15;10;3;41;0;13;0;23;0;1;0;0;0;0;12;0;1;1;2;0;1;0;0;1;0;3;3;16;13;11;9;10;7;5;9;8;12;11;12;12;14;14;14;17;17;15;17;20;28;25;16;19;15;7;21;14;14;13;13;11;11;10;6;16;8;9;18;9;14;12;14;11;18;13;11;18;10;12;14;10;7;14;3;7;3;2;8;7;7;1;2;0;6;3;4;1;6;2;2;4;0;0;0;0;3;0;1;1;2;1;1;0;0;0;0;0;0;0;1;1;0;0;0;0;1;0;0
280480505000080;3;666;666;189;123;168;89;4;9;5;2;40;0;11;1;20;1;1;2;1;0;0;12;0;1;1;2;2;2;2;1;0;0;0;1;10;5;10;10;10;7;17;9;7;10;9;10;9;12;15;11;15;19;9;17;13;16;14;13;19;15;17;14;20;13;5;6;10;9;10;6;8;6;12;4;11;12;6;9;8;15;7;14;6;7;6;7;5;9;9;8;5;5;6;4;4;6;2;2;3;4;5;1;1;3;0;0;2;2;0;0;2;0;2;1;1;0;2;0;0;0;0;0;0;0;0;0;0;0;0;0;0;0;0;1
280480505000081;3;1001;1001;305;215;253;114;31;10;4;3;38;0;6;0;20;0;2;0;0;0;0;13;3;0;1;1;1;2;0;1;1;2;1;0;14;13;10;12;26;15;13;21;13;22;26;24;24;21;16;20;21;22;13;14;21;21;13;27;14;16;15;21;27;18;24;17;14;9;27;17;20;15;14;14;16;23;18;16;14;13;24;15;8;7;11;6;9;6;8;5;5;8;5;6;2;7;4;3;2;1;2;2;3;1;2;0;1;1;1;3;1;0;0;0;0;0;0;2;1;0;0;0;1;0;0;0;1;0;0;0;0;0;0;0
280480505000082;3;790;790;226;156;199;109;20;9;10;0;33;0;7;0;10;0;10;0;1;0;0;14;1;1;1;0;1;1;0;3;2;2;1;1;12;14;11;12;8;9;14;15;12;20;13;19;13;17;21;16;8;18;15;17;15;13;20;20;15;21;15;16;15;16;16;10;14;11;17;14;14;8;5;22;12;13;11;17;10;17;13;5;8;8;7;9;11;6;5;8;4;3;5;1;1;2;5;0;2;0;1;1;0;1;1;1;0;0;0;0;1;0;1;1;1;0;2;0;0;0;0;0;0;1;0;0;0;0;0;0;0;0;0;0
280480505000083;3;648;648;186;137;181;66;12;5;11;3;20;0;13;0;12;1;1;0;0;0;0;12;2;1;0;2;2;1;0;1;0;1;1;1;6;9;14;12;10;16;10;11;5;8;16;15;13;14;14;16;13;12;9;10;16;10;9;9;16;15;9;18;13;9;10;11;10;7;6;9;7;10;3;10;11;20;9;22;13;12;10;14;8;10;6;4;2;5;4;5;3;4;3;1;3;6;0;2;2;1;3;0;1;1;1;2;0;0;1;0;0;1;1;1;0;0;0;1;0;0;0;0;0;1;1;0;0;0;0;1;0;0;0;0
280480505000084;3;728;728;212;142;188;109;6;9;7;2;25;0;12;1;14;1;0;0;0;0;0;11;1;0;2;2;0;1;1;1;2;0;0;1;15;6;9;15;9;11;10;12;15;16;14;13;13;14;22;15;14;15;13;12;15;21;16;14;14;14;10;20;9;10;13;15;9;10;11;16;9;11;17;16;14;11;15;14;15;13;8;9;13;6;7;7;7;6;3;4;3;4;3;3;3;2;0;1;1;0;1;0;1;0;1;1;0;0;2;0;0;1;0;0;0;1;0;1;0;0;1;0;0;0;1;1;0;0;0;0;0;0;0;0
280480505000085;3;752;752;217;157;216;78;18;7;7;3;27;0;10;0;12;0;0;0;0;0;0;13;0;0;1;1;3;2;0;0;2;3;0;1;12;15;17;13;11;11;15;18;22;21;22;10;14;20;17;20;12;12;15;15;12;11;13;7;6;8;17;20;18;18;11;19;7;12;16;14;12;14;11;12;19;16;14;9;12;8;10;10;6;4;7;5;6;3;7;3;2;3;2;3;1;0;4;4;2;1;0;1;0;3;0;1;0;2;0;0;0;1;0;0;0;0;0;0;0;0;0;0;0;0;0;0;0;0;0;0;0;0;0;0
280480505000086;3;680;680;200;135;191;79;10;13;5;2;21;0;9;2;10;2;0;0;1;0;0;5;0;0;0;0;1;1;1;1;0;1;0;0;12;14;9;8;10;6;12;16;15;11;14;13;17;18;16;13;11;8;11;15;10;16;11;15;16;12;16;11;9;12;6;8;9;11;10;15;8;6;14;19;7;19;12;20;16;9;7;7;8;7;9;6;3;3;6;1;4;4;2;3;5;4;1;3;4;4;1;0;1;1;3;1;0;2;3;0;1;1;1;2;0;0;0;0;0;0;0;1;0;0;0;0;0;0;0;0;0;0;0;0
280480505000087;3;1243;1243;354;249;306;163;40;16;7;4;52;0;18;0;26;0;6;0;2;0;0;22;1;1;1;3;2;4;1;2;3;2;1;1;22;10;29;20;11;22;21;23;20;21;24;26;19;33;34;27;23;30;24;27;30;27;31;28;23;23;25;23;15;11;19;18;24;11;18;22;20;24;18;25;31;24;18;17;25;20;22;10;19;13;9;12;9;10;7;6;4;5;4;4;5;1;3;4;2;4;3;3;2;5;1;0;1;1;1;1;2;2;2;2;0;1;0;1;0;1;1;0;0;0;0;1;0;0;0;1;0;0;0;0
280480505000088;3;895;894;264;172;206;151;23;12;5;3;30;2;12;0;8;1;6;0;0;0;0;20;3;3;1;2;1;0;1;0;3;2;2;2;13;12;17;22;14;15;16;16;18;20;15;17;11;17;12;21;15;19;11;27;10;19;19;15;27;17;23;19;14;19;11;8;15;13;19;16;10;22;13;19;23;19;14;21;9;19;7;11;10;7;7;6;6;6;8;2;3;2;3;1;2;4;1;2;4;3;0;0;1;1;2;0;4;0;2;2;1;2;0;0;2;1;0;0;0;0;0;0;0;0;1;0;0;0;0;0;0;0;0;0
280480505000089;3;1133;1132;328;225;300;136;20;17;9;2;48;0;12;1;24;4;6;0;1;0;0;22;2;1;0;4;2;2;0;3;1;3;2;2;20;21;20;16;14;14;14;18;21;28;30;19;24;24;20;22;24;23;23;30;22;34;25;19;20;18;22;17;17;19;13;12;26;15;18;16;13;18;26;23;20;19;21;26;25;21;26;14;7;17;8;6;8;9;6;1;3;4;4;6;2;0;4;2;2;3;1;4;2;0;0;1;0;4;1;3;0;5;1;2;0;1;0;0;0;1;1;2;0;0;0;0;0;0;0;0;0;0;0;0
280480505000090;3;1225;1225;339;234;314;182;17;16;12;3;47;1;22;1;30;3;4;0;0;0;0;16;2;1;1;1;2;1;0;1;0;1;3;3;18;23;13;13;26;16;22;19;22;29;34;15;27;32;36;24;19;31;24;23;27;28;26;23;22;19;25;22;18;15;19;20;15;14;20;17;13;30;19;31;22;20;17;24;18;22;28;15;24;12;11;12;3;10;6;9;3;9;5;7;5;2;6;0;0;1;7;2;3;3;1;2;1;2;2;0;0;1;3;0;0;1;0;1;0;0;0;0;0;0;0;0;0;0;0;0;0;0;0;0
280480505000091;3;750;750;227;137;175;104;21;9;2;4;31;0;13;0;21;6;0;0;0;0;0;9;1;1;0;2;1;0;0;1;1;2;0;0;10;9;16;11;10;10;8;12;8;18;16;12;15;16;18;15;15;20;18;18;16;14;18;24;11;11;14;10;14;16;14;3;2;7;9;11;10;10;11;14;16;20;19;13;16;13;17;16;15;7;7;10;7;7;5;4;4;2;2;4;1;1;0;1;4;2;0;0;1;0;2;1;0;0;2;1;1;1;1;1;0;0;2;0;1;0;0;0;0;0;0;0;0;0;0;0;0;0;0;0
280480505000092;3;1231;1231;346;213;331;193;33;11;10;1;42;0;16;1;26;5;3;0;0;0;0;18;2;2;0;1;0;2;3;2;1;3;2;0;28;17;17;25;19;18;19;32;26;27;23;39;25;25;18;38;31;22;34;29;27;19;20;32;27;21;18;9;14;21;20;18;16;15;13;25;29;19;19;27;18;19;17;21;18;19;15;9;15;19;16;13;7;6;10;6;7;7;3;3;1;4;0;5;3;1;3;1;1;2;4;2;2;0;0;3;1;2;2;1;0;0;0;0;2;0;1;0;1;0;1;0;0;0;0;0;0;0;0;1
280480505000093;3;647;628;184;118;174;87;3;6;2;1;41;0;6;0;4;2;0;0;0;0;19;10;0;0;1;2;2;0;0;2;2;0;1;0;9;8;16;12;11;11;11;14;19;11;14;20;18;13;17;15;11;19;13;8;6;15;7;11;2;7;8;9;11;8;14;10;10;7;11;17;15;12;16;13;13;14;9;11;14;11;10;9;2;5;6;4;3;5;1;3;0;2;3;2;1;3;1;4;3;4;1;2;0;0;1;2;3;1;1;0;0;2;0;0;0;1;1;0;0;0;0;0;0;0;0;0;0;0;0;0;0;0;0;0
280480505000094;3;735;735;213;143;194;101;18;5;10;1;25;0;7;0;15;1;1;0;1;0;0;11;0;0;0;2;3;1;0;1;2;2;0;0;13;17;5;17;14;10;15;16;5;20;11;19;11;16;15;16;24;20;10;16;11;14;21;15;14;17;12;11;9;11;6;4;9;9;9;8;15;14;17;20;10;17;15;13;9;15;14;10;12;5;8;3;5;2;4;6;2;3;0;1;0;2;4;3;2;2;1;4;1;0;3;1;4;0;0;1;1;2;0;0;1;0;0;0;2;0;0;0;0;0;0;0;0;0;0;0;0;0;0;0
280480505000095;3;863;863;259;168;225;138;12;8;2;0;31;0;12;0;8;0;0;0;0;0;0;15;1;2;1;0;3;0;1;1;1;5;0;0;13;18;17;22;15;17;12;14;25;27;30;21;25;23;19;15;12;12;14;15;20;17;17;24;22;13;14;17;16;18;20;17;10;19;26;10;16;9;18;12;16;14;8;9;5;8;8;4;7;11;5;5;6;5;2;3;1;1;6;2;3;1;1;5;2;0;0;1;1;1;0;1;0;0;0;0;1;3;1;0;0;0;0;0;0;0;0;0;0;0;0;0;0;0;0;0;0;0;0;0
280480505000096;3;1492;1492;428;312;368;232;54;4;3;2;40;0;21;0;28;0;0;0;0;0;0;33;5;0;5;0;2;3;1;4;7;4;1;1;41;38;37;35;39;32;31;27;41;33;40;33;31;27;34;29;24;27;24;28;35;24;27;31;29;32;33;27;33;32;17;22;34;27;21;21;22;23;26;27;9;23;19;15;10;10;16;10;15;18;8;8;9;8;7;7;5;6;6;6;3;3;6;6;9;4;2;2;0;3;2;1;1;0;0;1;0;3;1;1;0;0;0;0;2;0;0;0;0;0;0;0;0;0;0;0;0;0;0;0
280480505000097;3;468;468;135;89;108;73;8;3;4;1;20;1;6;0;20;0;0;0;0;0;0;9;2;0;0;0;1;0;1;2;0;2;0;1;10;9;9;11;13;10;10;9;11;15;11;11;12;4;9;9;8;7;8;11;13;9;9;8;7;9;10;9;10;7;6;9;10;7;6;4;6;7;5;4;5;6;5;3;4;9;7;5;7;7;3;7;2;5;1;3;3;1;0;2;3;5;1;0;3;3;3;1;0;1;1;0;0;0;1;0;0;0;0;0;0;0;0;0;0;0;0;0;0;0;0;0;0;0;0;0;0;0;0;0
280480505000098;3;903;903;237;158;245;121;33;9;3;0;44;9;23;1;16;4;0;0;0;0;0;14;0;1;4;0;0;1;0;2;1;1;2;2;13;11;20;15;19;20;18;22;17;22;28;27;23;32;16;16;21;15;24;14;10;15;15;14;15;10;17;10;15;17;19;12;15;21;20;10;9;12;14;13;18;14;9;16;8;12;8;11;5;8;7;9;3;8;3;4;3;4;5;5;2;4;3;2;2;2;5;2;5;2;3;2;1;3;1;1;0;2;2;2;3;0;1;0;0;0;1;0;0;0;0;0;1;1;0;0;0;0;0;0
280480505000099;3;1104;1099;306;223;277;130;32;16;4;5;59;2;13;1;24;10;0;0;2;0;0;23;1;2;1;4;4;2;1;3;3;0;1;1;10;25;27;21;23;21;26;23;16;21;25;27;21;21;26;20;31;22;20;27;16;31;22;14;21;18;18;24;17;16;12;15;17;13;18;15;17;23;18;24;10;11;14;17;18;17;15;11;12;10;7;13;7;6;10;1;6;5;10;4;3;5;4;4;4;4;6;2;3;2;1;1;2;3;0;1;1;0;0;0;1;2;1;0;0;1;1;1;0;0;0;0;0;1;0;1;0;0;0;0
280480505000100;3;1136;1136;323;219;266;167;38;12;7;1;46;0;18;1;30;6;1;0;1;0;0;17;2;2;0;0;1;1;1;0;2;3;3;2;16;21;17;21;21;26;23;21;18;32;27;27;30;26;29;26;21;29;14;18;19;21;16;19;27;23;30;22;15;18;20;20;26;21;21;17;15;28;24;15;15;19;10;19;15;10;15;11;16;12;9;6;7;5;10;6;7;5;3;2;3;0;4;3;2;2;0;3;0;3;0;5;0;3;0;2;1;0;1;0;2;0;1;0;0;0;1;0;0;1;0;0;0;0;0;0;0;0;0;0
280480505000101;3;914;914;278;186;239;111;30;11;7;2;27;1;5;0;17;0;0;0;0;0;0;15;2;0;1;0;4;0;1;1;1;1;1;3;11;19;18;11;17;9;13;16;18;27;28;26;23;23;27;17;22;19;21;10;21;19;22;17;10;9;21;21;15;9;10;14;13;9;20;23;16;17;14;33;14;16;9;12;8;9;7;12;5;11;8;9;8;4;4;0;3;8;8;0;2;1;3;3;2;1;2;3;1;3;1;1;2;1;3;0;1;0;1;1;0;0;0;0;1;1;0;0;0;0;0;0;0;0;0;1;0;0;0;1
280480505000102;3;787;787;253;176;190;72;22;1;15;3;8;0;18;0;25;4;0;0;0;0;0;9;0;0;1;1;0;0;0;0;0;3;2;2;10;17;11;17;17;15;10;7;12;14;14;17;14;17;14;13;16;13;11;12;7;7;11;20;10;16;16;14;18;17;17;21;18;18;14;32;23;18;15;13;18;13;15;12;18;13;12;4;7;5;4;2;4;3;4;2;6;5;3;4;4;2;2;3;1;0;2;2;4;0;0;0;0;2;1;2;1;1;0;0;0;0;0;0;0;0;0;0;0;0;0;0;0;0;0;0;0;0;1;0
280480505000103;3;1403;1386;416;249;271;293;20;14;8;1;84;1;17;2;27;0;0;0;0;0;0;17;2;1;2;0;0;3;1;0;2;0;2;4;25;31;34;26;35;22;36;22;34;25;22;25;30;33;27;30;32;25;26;36;25;30;31;30;24;20;22;31;18;35;28;31;16;26;27;11;18;25;24;30;11;12;10;20;13;18;13;13;16;24;9;14;13;14;8;9;1;6;7;7;7;6;3;7;5;6;1;8;3;2;3;1;1;1;4;0;1;0;1;1;1;2;1;1;2;0;0;0;0;1;0;0;0;0;0;0;0;0;0;1
280480505000104;3;763;763;214;140;223;93;3;5;9;2;42;3;14;0;12;2;1;0;0;0;0;5;1;0;0;1;1;0;1;0;0;0;0;1;6;11;7;15;12;12;11;14;11;11;15;16;18;13;21;12;11;18;15;15;21;17;14;15;11;17;15;15;10;10;9;15;14;6;13;7;12;6;16;12;13;18;8;11;19;9;11;17;9;9;11;5;10;8;4;7;5;3;5;5;3;4;8;1;1;2;3;4;5;3;1;1;2;3;2;1;0;3;2;0;1;1;0;0;0;0;1;0;0;0;0;0;0;0;0;0;0;0;0;0
280480505000105;3;911;911;246;164;235;117;17;19;10;2;45;1;14;0;37;1;3;0;0;0;0;16;0;1;1;1;5;0;1;0;4;2;0;1;22;13;16;20;20;14;20;13;18;19;15;22;15;14;21;25;17;19;16;18;18;15;23;18;22;17;18;21;19;24;21;11;7;10;16;11;16;22;11;15;12;12;12;16;9;10;14;7;8;9;6;9;9;4;9;5;4;6;6;3;1;4;3;2;3;2;5;2;2;3;1;1;1;0;1;0;0;0;0;0;1;1;0;0;0;0;0;0;0;0;0;0;0;0;0;0;0;0;0;0
280480505000106;3;897;897;247;169;251;121;13;8;9;2;33;0;12;1;30;1;0;0;0;0;0;22;2;5;2;2;3;1;1;3;1;1;0;1;12;18;13;26;12;21;16;10;22;24;25;23;15;27;21;18;12;14;15;14;23;14;22;13;20;14;15;20;12;13;9;16;12;19;14;16;11;15;12;13;9;6;7;7;3;8;9;10;11;8;9;15;9;10;11;7;8;6;9;10;4;2;2;4;2;1;1;4;1;2;2;0;1;0;0;0;3;1;1;1;1;0;2;1;1;0;2;0;0;0;1;1;1;0;0;0;0;0;0;0
280480505000107;3;1088;1088;312;211;261;142;10;16;18;2;61;1;25;1;13;15;0;0;0;0;0;19;2;1;1;1;3;0;2;2;2;3;2;0;14;19;18;13;23;19;14;24;18;21;16;27;14;20;21;16;29;26;28;19;25;19;25;16;24;19;18;24;17;21;24;16;18;8;19;15;20;13;13;17;15;12;6;8;18;13;14;15;20;13;9;14;14;12;5;14;17;6;3;4;6;7;3;4;4;3;4;5;3;1;6;2;3;1;1;2;2;0;1;1;1;0;1;1;0;0;1;1;1;1;0;0;0;0;0;1;0;0;0;0
280480505000108;3;900;900;251;176;229;133;26;5;2;2;51;1;10;0;14;0;0;0;0;0;0;20;2;1;5;2;1;1;0;3;0;1;1;3;13;16;20;21;19;13;19;21;16;19;18;28;12;20;17;17;15;16;14;17;18;19;16;27;15;19;21;13;15;26;19;21;13;18;19;11;15;5;13;10;9;10;11;6;7;7;5;9;10;12;5;6;5;12;6;9;4;7;5;8;7;4;2;4;2;3;4;0;0;0;1;0;1;1;1;2;0;1;1;1;1;0;1;1;1;0;1;0;0;0;1;2;0;0;0;0;0;0;0;0
280480505000109;3;984;984;265;172;239;167;21;13;8;2;55;2;17;1;22;0;0;0;0;0;0;24;0;1;3;2;3;1;2;2;2;1;1;6;13;21;23;14;21;17;19;29;22;26;21;20;18;31;18;27;16;24;25;18;23;13;18;18;18;16;19;16;13;13;16;20;19;15;15;12;13;20;9;20;19;10;11;20;9;9;8;7;5;12;5;8;6;7;5;6;2;6;2;3;0;9;2;4;4;2;1;1;0;1;4;2;4;0;1;0;1;0;3;1;2;0;1;1;1;2;0;1;1;0;1;0;0;0;0;0;0;0;0;1
280480505000110;3;1228;1228;354;254;346;145;32;11;6;2;46;0;12;2;12;6;0;0;0;0;0;19;1;4;2;2;1;2;1;0;2;2;1;1;23;22;20;22;24;21;17;26;26;25;20;28;23;28;36;21;21;25;24;21;25;35;17;20;18;22;22;26;18;28;33;18;31;22;20;21;24;19;15;22;13;18;14;15;17;16;7;12;9;11;8;9;8;18;11;10;6;2;11;5;2;5;4;6;3;6;4;0;6;4;2;2;0;2;1;0;1;2;1;3;2;0;0;0;0;3;0;1;0;0;0;0;0;0;0;0;0;0;0;0
280480505000111;3;1434;1434;399;269;375;220;45;8;7;2;63;1;17;1;22;5;0;0;0;0;0;27;2;1;3;1;3;2;1;3;2;5;1;3;31;24;31;20;18;30;33;23;34;49;29;29;29;44;39;35;23;27;21;31;30;30;31;26;21;31;23;22;25;26;23;28;25;21;23;16;23;27;18;19;17;21;20;21;11;15;12;10;17;15;11;13;17;11;8;6;9;7;10;7;7;6;6;2;2;6;2;2;0;4;3;4;0;0;1;0;1;3;1;1;2;0;1;2;1;1;1;0;1;0;0;0;0;0;0;0;0;0;0;1
280480505000112;3;840;840;223;152;203;145;17;7;8;3;49;0;15;1;13;4;0;0;0;0;0;18;1;2;3;0;2;1;0;4;2;1;2;0;31;13;24;14;23;20;20;21;22;25;16;17;14;28;14;23;17;18;13;18;13;16;17;17;17;12;25;19;14;18;8;13;14;10;14;11;13;15;10;9;9;14;4;10;5;8;7;6;5;12;3;5;7;5;4;3;2;3;4;3;1;2;2;3;4;1;1;4;0;2;0;0;0;1;1;0;0;1;1;0;0;0;1;0;0;1;0;0;0;0;0;0;0;0;0;1;0;0;0;0
280480505000113;3;842;842;238;153;245;94;11;11;3;3;60;0;7;0;12;5;0;0;0;0;0;9;1;0;0;2;1;2;2;0;0;0;1;0;20;21;18;20;19;21;17;22;22;20;24;25;16;22;9;11;12;15;15;18;11;21;11;20;17;19;18;21;15;29;17;16;15;11;16;8;7;10;9;17;6;4;5;9;4;6;9;3;6;10;5;10;5;4;5;6;6;3;8;5;3;3;4;6;1;3;0;2;1;2;3;0;0;2;0;2;2;3;0;0;0;0;0;0;0;0;1;0;1;0;0;0;0;0;0;0;0;0;0;0
280480505000114;3;789;789;220;129;205;85;7;2;43;0;16;2;52;2;25;1;0;0;0;0;0;16;3;0;1;3;2;1;0;0;2;1;2;1;22;19;14;24;18;11;12;16;21;30;28;11;18;9;18;18;11;9;14;12;14;18;11;17;11;7;10;11;12;16;15;16;10;17;13;16;14;5;9;17;9;7;4;11;6;3;6;10;4;14;6;6;3;9;6;4;5;7;6;2;1;5;4;6;5;3;4;2;5;3;2;0;2;2;1;0;0;1;1;0;1;0;0;0;0;1;0;0;0;0;0;2;0;0;0;0;0;0;0;0
280480505000115;3;626;623;183;114;99;152;5;7;3;0;31;0;11;1;11;0;3;0;3;0;3;6;1;0;1;1;0;1;1;0;1;0;0;0;9;6;10;7;13;9;11;11;14;21;19;16;18;20;11;18;15;8;22;13;20;19;8;12;9;3;9;13;9;11;7;8;13;10;8;8;10;8;11;16;9;11;9;8;7;5;6;5;6;6;4;8;3;2;6;2;3;1;1;8;3;3;3;0;2;4;2;1;1;1;1;1;0;0;0;2;0;0;1;0;0;1;1;0;0;0;0;0;0;0;0;0;0;0;0;0;0;0;0;0
280480505000116;3;806;806;207;148;218;111;35;10;4;1;38;0;10;0;24;0;0;0;0;0;0;24;1;3;1;2;3;2;2;2;3;1;2;2;20;21;18;19;23;23;16;14;21;19;18;23;16;22;18;19;12;16;11;15;21;13;16;19;16;17;19;16;15;16;13;10;8;17;11;10;14;8;10;10;9;14;10;8;5;5;6;8;3;6;4;3;3;10;3;5;4;2;4;0;4;2;3;3;3;3;0;1;1;1;0;0;2;2;0;0;1;0;0;1;0;0;0;0;0;0;0;0;0;0;0;0;0;0;0;0;0;0;0;0
280480505000117;3;875;875;221;140;188;157;22;8;6;0;84;0;9;0;23;0;17;0;0;0;0;13;2;0;0;1;2;3;0;0;3;0;1;1;14;15;15;10;21;20;20;15;18;20;14;23;28;21;22;21;20;12;12;15;15;14;24;20;17;18;19;10;23;23;15;16;16;22;12;14;14;11;13;10;8;6;13;6;9;3;9;8;9;5;8;5;5;6;6;3;10;3;3;2;7;3;9;4;7;6;2;0;1;4;0;2;0;0;0;0;3;3;1;0;0;0;0;0;0;0;1;0;0;0;0;0;0;0;0;0;0;0;0;0
280480505000118;3;1158;1157;296;190;218;278;16;10;5;2;94;1;12;0;24;0;12;0;0;0;0;20;0;0;3;2;2;4;0;1;3;2;1;2;19;26;21;23;24;25;24;27;36;36;26;19;25;24;30;25;24;27;24;26;12;26;27;22;24;24;27;14;22;28;29;18;24;19;23;23;16;15;13;10;6;12;10;11;8;9;16;10;6;6;7;12;5;12;4;3;5;8;13;7;7;4;2;6;1;5;4;1;0;0;1;0;1;1;1;1;2;1;0;1;0;1;0;0;0;0;1;0;0;0;0;0;0;0;0;0;0;0;0;0
280480505000119;3;1254;1253;362;231;281;191;36;14;7;6;74;0;20;0;25;2;5;0;0;0;0;23;2;3;0;2;2;1;1;0;2;5;3;2;32;25;25;25;20;28;18;29;20;37;27;25;20;25;35;24;24;13;19;25;21;24;30;23;32;24;28;19;32;30;32;30;20;23;25;18;17;12;17;21;13;21;12;9;14;12;9;13;11;16;9;5;7;11;9;9;6;4;7;8;7;6;4;8;4;3;2;3;1;2;1;0;0;1;2;1;2;1;1;1;0;0;0;1;1;0;0;0;0;0;0;0;0;0;0;0;0;0;0;0
280480505000120;3;926;924;259;161;207;180;26;9;3;1;44;2;11;1;17;4;1;0;0;0;0;13;0;0;0;2;1;0;2;0;2;2;0;4;17;19;13;17;20;19;13;25;23;15;16;29;26;27;26;25;14;26;14;21;18;24;16;19;13;16;11;16;20;22;16;22;11;12;20;7;14;11;10;20;8;19;10;7;15;12;7;9;7;11;4;5;7;9;3;8;3;6;4;4;1;4;3;2;1;3;1;1;0;1;2;2;1;0;5;2;1;1;0;1;0;0;0;0;0;0;0;0;0;0;0;0;0;0;0;0;0;0;0;0
280480505000121;3;827;827;231;141;204;121;10;16;14;1;67;1;7;2;10;0;1;0;1;0;0;24;1;2;1;3;2;3;3;1;1;6;1;0;18;16;14;18;9;17;14;19;14;19;19;15;19;18;17;8;19;13;14;12;22;14;14;23;22;10;12;19;16;17;26;10;12;7;12;13;11;6;17;11;5;5;11;9;9;9;15;7;12;8;6;9;7;5;9;5;4;5;3;3;3;6;3;3;2;3;1;2;3;4;1;1;3;1;3;5;1;1;1;1;0;0;1;0;1;0;0;0;1;0;0;0;0;0;0;0;0;0;0;0
280480505000122;3;962;962;281;168;194;164;18;13;13;0;68;5;12;0;24;2;0;0;0;0;0;21;0;2;3;2;3;1;3;2;0;1;0;4;21;18;13;19;21;12;14;19;14;17;21;19;18;20;27;21;19;18;22;21;29;28;19;13;22;13;23;14;20;15;14;15;14;15;15;15;12;23;8;13;13;18;10;10;14;9;8;9;7;7;5;7;6;7;7;4;5;8;10;7;8;4;5;4;4;3;7;2;0;2;2;1;2;1;1;1;0;0;2;0;0;0;0;1;1;1;1;1;0;1;0;1;0;0;0;0;0;0;0;0
280480505000123;3;1357;1357;376;229;294;267;26;18;14;0;85;1;21;0;20;5;1;0;0;0;0;36;2;2;5;1;4;3;7;3;2;4;2;1;29;27;35;35;24;24;21;26;31;32;18;37;37;34;27;26;31;28;25;27;27;41;23;26;30;29;28;30;29;25;25;25;15;28;9;25;12;23;16;9;16;8;15;14;12;21;21;6;11;13;16;9;11;8;6;11;6;2;10;9;4;7;5;3;6;6;2;3;3;2;3;1;0;0;1;0;0;0;0;0;0;0;0;1;0;0;0;0;0;0;0;0;0;0;0;0;0;0;0;0
280480505000124;3;1058;1058;291;160;165;183;4;7;57;2;54;4;82;7;40;2;0;0;0;0;0;22;3;2;4;2;0;1;1;1;2;2;1;3;18;26;25;25;25;21;20;12;17;15;17;21;26;13;24;20;16;23;24;28;26;30;26;34;20;23;20;23;15;22;13;16;16;14;12;14;16;13;16;11;10;4;8;9;16;14;5;6;8;9;12;13;5;8;11;18;12;9;9;4;2;2;3;5;3;7;1;4;0;1;0;1;3;2;1;0;2;1;1;0;1;3;2;1;0;2;0;1;1;0;0;0;0;0;0;0;0;0;0;0
280480505000125;3;946;946;262;166;262;136;26;13;6;0;43;2;19;0;11;0;0;0;0;0;0;25;0;2;4;2;4;2;1;1;6;1;0;2;15;21;17;18;30;18;13;24;25;19;20;23;17;24;22;17;15;24;13;19;21;21;18;15;21;18;16;18;19;13;17;19;18;10;13;18;17;10;8;6;5;13;9;8;7;11;7;8;4;14;4;7;8;8;9;5;7;4;3;9;4;7;4;5;3;3;6;3;2;6;2;1;2;1;0;2;0;0;0;1;2;1;1;0;1;0;1;0;1;0;0;0;1;0;0;0;0;1;0;0
280480505000126;3;137;137;34;24;34;17;9;2;1;0;12;1;1;1;1;0;0;0;0;0;0;1;0;0;0;0;0;0;1;0;0;0;0;0;3;5;2;3;2;3;2;0;5;4;1;2;3;4;5;5;2;5;6;2;2;0;2;1;2;2;1;3;1;2;3;1;5;0;2;0;3;1;1;1;0;2;2;5;1;0;3;3;2;0;4;1;0;3;0;3;1;0;0;0;1;1;0;1;0;0;2;1;0;1;0;0;1;0;0;0;0;0;0;0;0;0;0;0;0;0;0;0;0;0;0;0;0;0;0;0;0;1;0;0
280480505000127;3;220;220;59;38;85;22;1;0;0;1;9;0;1;0;4;0;0;0;0;0;0;5;0;0;1;1;0;0;2;0;0;1;0;0;9;3;6;5;7;5;3;6;3;9;5;2;7;3;3;5;4;7;6;6;5;4;5;5;7;3;4;6;3;3;3;0;3;1;4;2;3;2;3;2;2;4;2;3;5;2;1;2;2;2;0;1;1;1;1;2;0;2;1;1;0;1;1;0;0;0;1;1;0;0;0;2;0;0;0;0;1;0;0;0;0;0;0;0;0;0;0;0;1;0;0;0;0;0;0;0;0;0;0;0
280480505000128;3;365;365;104;68;83;64;9;3;2;0;16;0;13;0;2;0;1;0;0;0;0;8;0;1;0;1;0;2;0;0;2;0;1;1;11;14;8;5;8;9;10;8;6;10;10;10;12;12;2;8;5;5;5;5;9;9;7;5;8;8;3;8;5;7;5;5;4;4;3;8;3;9;1;11;2;7;2;2;6;4;3;4;3;0;1;6;0;1;2;4;4;3;0;0;1;0;2;1;5;1;1;1;1;0;1;1;0;1;0;0;0;1;1;0;0;0;0;0;0;0;0;0;0;0;0;0;0;0;0;0;0;0;0;0
280480505000129;3;298;297;86;52;36;103;4;0;5;0;1;0;8;1;2;0;0;0;0;0;0;4;0;1;0;0;0;0;0;1;1;0;0;1;1;8;6;6;5;8;4;6;14;5;15;6;5;6;6;11;2;7;3;1;8;9;7;8;1;6;3;5;3;3;9;7;6;3;7;8;3;2;3;2;0;2;1;3;0;0;2;7;4;6;4;1;0;2;0;0;2;1;3;2;3;1;2;3;4;2;1;1;2;0;2;1;0;0;0;0;1;0;0;2;0;0;0;0;0;0;0;0;0;0;0;0;0;0;1;0;0;0;0;0
280480505000130;3;253;253;75;47;68;34;1;2;4;0;14;0;6;0;2;0;0;0;0;0;0;1;0;0;0;0;0;0;0;1;0;0;0;0;5;4;5;6;4;6;3;5;3;5;4;6;5;8;3;9;2;8;4;4;4;4;5;7;2;6;9;10;8;5;4;5;3;1;6;5;2;4;2;2;2;2;1;2;4;3;3;3;5;2;3;0;1;0;3;3;1;2;1;2;0;0;2;1;1;2;1;1;1;1;1;1;0;0;0;0;0;1;0;1;0;0;1;0;0;0;0;0;0;0;0;0;0;0;0;0;0;0;0;1
280480505000131;3;572;572;148;89;155;37;1;4;41;3;18;0;54;5;16;1;0;0;0;0;0;9;0;1;2;1;0;1;1;0;0;2;0;1;12;9;12;6;11;6;11;8;8;6;7;9;11;11;10;12;15;14;16;11;12;11;8;12;13;7;17;10;11;15;10;6;8;8;5;11;5;6;6;9;12;8;13;6;13;13;7;6;5;5;9;5;5;2;3;1;5;1;5;0;3;3;1;2;2;3;0;2;6;9;0;0;0;1;1;4;1;1;0;0;2;0;1;1;0;0;0;0;0;1;0;0;0;0;0;0;0;0;0;0
280480505000132;3;767;767;203;142;196;131;35;1;4;1;29;3;4;0;9;8;1;0;0;0;0;16;1;1;1;1;1;3;2;0;3;1;1;1;13;21;17;23;21;26;9;18;21;20;22;15;24;21;19;17;14;21;11;16;15;13;14;13;10;12;18;15;13;10;13;7;17;17;12;12;11;14;8;11;8;9;7;6;8;6;6;7;9;3;3;7;4;4;5;5;1;8;2;5;2;1;0;0;2;1;1;0;0;0;1;3;0;0;0;1;0;0;2;0;0;0;0;0;0;0;0;0;0;0;0;0;0;0;0;0;0;0;0;0
280480505000133;3;83;71;22;11;12;11;0;1;3;0;1;0;6;0;4;0;0;0;0;0;12;0;0;0;0;0;0;0;0;0;0;0;0;0;1;1;0;1;0;1;1;1;2;0;1;2;0;3;2;0;1;0;3;2;4;1;2;2;0;1;2;1;2;0;1;1;2;1;3;2;0;0;3;2;1;3;1;1;0;2;1;2;2;2;1;4;1;0;0;2;0;0;0;0;0;0;0;0;1;0;1;0;0;0;0;1;0;1;1;0;0;0;0;1;0;0;0;0;0;1;0;0;1;0;0;0;0;0;0;0;0;0;0;0
280480505000134;3;708;708;198;107;131;166;12;13;6;0;38;3;7;0;16;5;6;0;0;0;0;4;1;1;0;0;0;0;0;0;1;0;1;0;17;14;9;17;16;14;11;14;20;21;16;19;18;20;15;20;14;20;21;15;14;10;12;14;12;11;15;11;9;13;8;12;14;12;13;8;9;12;17;16;2;9;7;2;3;6;8;2;2;9;2;2;4;1;4;6;9;5;2;3;3;3;3;4;4;5;1;3;3;3;1;2;1;0;1;1;1;2;1;0;0;0;0;1;0;0;0;0;0;0;0;0;0;0;0;0;0;0;0;0
280480505000135;3;1238;1238;375;224;277;242;4;13;3;1;60;3;10;0;22;0;4;0;0;0;0;27;4;0;7;2;3;2;1;1;1;1;4;1;22;23;24;21;25;20;18;23;32;23;26;27;27;30;29;30;23;26;22;28;25;27;27;39;28;20;23;22;27;24;13;23;14;16;19;18;12;13;26;19;18;20;14;15;11;15;14;13;10;10;4;6;4;8;12;8;4;5;5;7;6;5;10;6;4;4;4;1;6;6;1;3;3;4;4;1;2;1;0;0;0;1;0;1;0;0;0;1;0;0;0;0;0;0;0;0;0;0;0;0
280480505000136;3;309;309;86;49;68;66;7;1;1;0;24;0;4;0;3;0;0;0;0;0;0;13;2;3;0;0;0;0;0;2;1;0;4;1;3;11;4;7;6;5;9;7;5;11;10;15;6;7;7;5;6;7;8;7;6;4;7;3;5;3;3;2;5;7;6;5;10;5;4;3;3;4;5;5;4;4;2;4;1;2;3;1;3;0;2;5;1;2;0;1;1;0;1;2;1;3;2;1;3;1;0;0;0;1;0;0;1;0;0;0;0;1;0;0;1;0;0;1;0;0;0;0;0;0;0;0;0;0;0;0;0;0;0;0
280480505000137;3;626;626;167;110;178;75;33;0;2;4;29;1;4;1;13;9;0;0;0;0;0;13;0;1;0;1;2;0;1;1;2;3;2;0;14;14;11;12;14;8;14;18;16;14;18;18;17;12;13;18;12;16;13;19;13;13;7;6;12;15;6;11;12;9;6;11;16;6;10;10;13;10;7;8;9;8;12;7;8;2;6;3;2;5;10;5;2;2;6;2;0;6;3;3;0;4;3;3;0;1;2;0;0;1;0;1;0;1;1;0;0;0;0;1;0;0;0;0;0;0;1;0;1;0;0;0;0;0;0;0;0;0;0;0
280480505000138;3;860;852;236;170;237;111;27;15;2;0;37;0;7;0;16;2;0;0;0;0;0;17;1;1;3;1;2;1;1;1;1;1;0;4;10;13;10;26;15;17;17;23;19;30;23;21;13;19;21;23;14;13;11;19;7;20;18;9;20;19;18;15;14;13;12;17;15;22;18;7;14;8;7;11;10;20;18;11;11;10;6;11;7;11;9;4;5;8;4;6;5;3;1;4;3;2;3;2;5;3;6;0;0;1;3;0;2;1;2;0;0;1;0;0;0;1;0;0;1;0;1;0;0;1;0;0;0;0;0;0;0;0;0;0
280480505000139;3;705;700;218;133;172;89;14;7;2;3;43;3;10;0;10;1;0;0;0;0;0;9;0;2;0;0;2;1;1;2;1;0;0;0;13;11;10;9;6;8;11;6;13;7;13;15;13;20;18;15;12;11;15;16;12;11;10;18;15;14;12;17;14;15;11;11;13;13;11;7;10;6;12;15;5;10;6;4;11;14;10;8;7;8;7;10;9;8;7;6;4;6;7;5;3;5;7;3;3;3;1;3;0;2;5;1;3;1;1;1;0;0;2;1;1;5;1;1;0;0;0;1;1;0;0;0;0;0;0;0;0;0;0;0
280480505000140;3;681;681;180;122;190;83;24;5;2;1;38;0;8;0;26;0;2;0;0;0;0;10;1;1;1;0;0;2;1;1;1;0;1;1;18;8;15;20;23;10;15;17;16;14;19;18;9;15;10;18;9;10;17;9;12;17;18;11;15;11;13;13;10;13;5;20;15;8;10;14;9;7;10;12;10;8;4;11;11;3;5;6;3;4;6;6;4;0;6;3;3;7;3;5;0;5;3;6;5;2;2;1;0;1;2;0;1;1;1;0;0;0;0;0;0;0;0;0;0;0;0;0;0;0;0;0;0;0;0;0;0;0;0;0
280480505000141;3;692;692;180;93;117;157;5;15;3;0;107;0;4;0;10;1;0;0;0;0;0;9;0;1;2;1;0;0;0;2;0;1;1;1;11;14;16;16;18;18;23;9;21;16;12;16;13;9;10;25;12;14;11;7;11;13;11;14;17;6;13;18;9;20;10;17;14;11;13;11;7;10;12;9;10;10;3;4;4;2;4;8;2;3;6;1;6;8;6;4;6;7;5;4;4;4;3;1;4;1;3;3;3;1;3;1;4;0;3;0;0;1;1;0;0;2;0;1;0;0;0;0;0;0;0;0;0;0;0;0;0;0;0;0
280480505000142;3;747;747;196;119;179;127;16;11;13;2;55;3;12;0;14;0;0;0;0;0;0;22;2;0;1;2;5;1;0;1;2;5;1;2;12;19;16;19;18;15;15;17;13;20;14;13;16;17;13;11;16;20;7;14;17;14;15;14;11;11;7;19;13;15;15;15;10;13;13;5;14;6;6;13;7;5;9;5;5;5;12;11;13;8;4;9;7;6;7;6;3;5;4;2;4;2;6;1;2;3;3;5;0;1;1;1;1;0;1;2;0;0;0;2;3;0;0;0;1;0;1;0;0;0;0;0;0;0;0;0;0;0;0;1
280480505000143;3;713;710;203;132;176;98;26;9;3;2;39;3;7;0;15;0;0;0;0;0;0;11;1;0;3;0;0;2;1;1;0;1;2;0;9;15;16;19;17;19;13;10;15;9;11;15;18;10;11;18;13;22;10;12;10;26;14;13;18;13;18;11;14;15;8;11;7;9;13;11;13;10;8;15;7;13;5;7;8;9;8;9;10;10;8;8;4;3;4;2;3;6;3;3;0;2;1;4;5;4;2;1;0;2;0;1;1;1;1;2;1;1;0;0;0;0;0;1;0;1;1;0;1;0;0;0;0;0;0;0;0;0;0;0
280480505000144;3;646;646;181;130;188;86;6;5;2;1;25;0;3;1;13;5;0;0;0;0;0;13;1;0;1;0;0;2;0;2;2;1;3;1;11;14;17;16;14;22;16;9;20;11;11;17;14;10;16;6;10;11;7;16;13;10;16;11;14;10;12;17;14;18;4;14;10;8;12;6;13;7;7;7;6;8;6;6;6;8;6;6;4;7;6;8;9;7;3;3;8;5;2;4;2;2;1;2;5;2;0;1;4;2;0;1;0;0;0;1;0;0;0;0;0;0;0;0;0;0;0;0;0;1;0;0;0;0;0;0;0;0;0;0
280480505000145;3;1213;1213;330;228;309;178;31;14;7;4;54;0;13;0;41;1;3;0;0;0;0;25;5;2;3;5;0;3;2;2;0;1;2;0;31;28;23;27;18;20;20;26;25;30;22;19;46;25;24;24;23;32;28;25;22;41;21;21;26;15;24;21;25;27;22;16;24;11;14;20;15;15;16;26;10;15;13;16;13;12;12;14;9;8;10;6;11;8;16;6;6;10;4;7;2;5;4;4;3;3;0;2;3;4;0;0;1;1;0;1;0;1;3;1;1;0;0;1;0;0;0;0;1;0;0;0;1;1;0;0;0;0;1;0
280480505000146;3;623;622;175;109;145;128;7;8;8;1;34;0;3;0;4;1;0;0;0;0;0;15;0;0;3;4;0;2;2;0;3;1;0;0;12;16;8;12;14;12;12;13;7;13;10;13;11;11;11;18;10;8;16;10;7;15;11;19;9;17;13;16;15;14;13;16;6;12;7;3;8;6;9;3;7;6;10;3;8;13;5;6;5;3;4;1;6;1;8;7;6;3;3;5;6;2;3;2;7;3;3;1;1;2;2;0;1;0;1;0;2;1;1;2;0;0;0;0;0;0;0;0;0;0;0;0;0;0;0;1;0;0;1;0
280480505000147;3;873;873;253;168;227;112;31;6;5;3;44;0;7;0;17;0;0;0;0;0;0;18;2;4;0;3;0;1;0;1;1;3;0;3;27;26;18;18;23;15;15;14;19;18;20;24;13;14;15;14;20;25;19;17;19;15;21;17;21;9;17;26;17;16;19;21;7;14;12;12;10;7;12;14;12;9;6;8;5;9;7;6;7;11;9;4;5;5;5;4;5;3;6;8;4;3;3;3;4;0;3;2;4;3;2;2;1;1;1;0;1;1;1;0;1;0;1;0;0;0;0;0;0;0;0;0;0;0;0;0;0;0;0;0
280480505000148;3;1281;1223;335;226;347;198;30;12;17;4;66;1;25;4;15;1;0;0;0;0;0;30;2;0;3;1;3;0;5;1;5;6;2;2;25;32;36;24;30;26;36;41;39;29;31;31;28;26;25;33;24;27;24;24;27;23;30;23;28;30;23;25;25;26;18;16;16;22;19;12;20;12;18;15;18;21;9;13;16;7;5;7;10;5;6;8;13;11;7;5;7;6;2;10;6;5;4;5;3;2;1;2;1;2;1;2;2;0;1;1;1;0;0;1;1;0;0;0;0;1;0;0;0;0;1;0;1;0;0;0;1;0;0;1
280480505000149;3;1224;1224;345;206;269;147;18;5;59;3;55;2;68;8;35;4;0;0;0;0;0;17;0;0;2;2;2;2;1;1;1;2;1;3;29;27;26;25;24;29;34;32;30;27;33;37;22;25;32;21;22;23;25;18;19;15;18;18;23;17;24;25;23;23;21;17;31;15;16;10;16;13;11;12;15;23;10;19;13;11;18;8;8;10;10;7;12;10;15;10;5;8;4;4;8;9;7;13;3;4;1;4;2;2;2;3;2;4;2;2;1;1;2;0;2;1;2;0;1;0;1;0;0;0;0;0;0;0;0;0;0;0;0;0
280480505000150;3;118;118;35;27;32;11;11;0;0;0;0;0;1;0;1;0;0;0;0;0;0;1;0;0;0;0;0;0;0;0;0;0;1;0;2;2;0;3;2;2;4;2;1;5;5;3;3;2;6;1;1;2;2;4;6;1;1;1;5;0;2;2;1;4;3;3;2;1;1;0;2;3;3;3;0;0;1;1;1;0;0;3;5;0;2;1;1;0;0;0;1;0;2;0;0;0;0;0;0;2;0;0;1;0;0;0;0;0;0;0;0;0;0;0;0;0;0;0;0;0;0;0;0;0;0;0;0;0;0;0;0;0;0;0
280480505000151;3;1395;1389;388;253;359;176;54;8;10;2;68;1;26;0;35;11;0;0;0;0;4;30;5;3;1;2;2;2;3;1;2;3;3;3;29;33;32;25;27;33;26;29;40;34;40;32;25;30;29;32;23;27;25;26;26;24;27;31;27;24;23;26;29;30;32;31;31;21;23;16;19;18;16;18;13;13;11;14;10;15;13;11;11;11;22;10;8;9;11;7;18;10;4;10;2;8;7;1;3;1;0;3;2;1;2;1;1;2;0;0;2;1;2;1;0;0;0;1;0;0;0;1;0;1;0;0;0;0;1;0;0;0;0;1
280480505000152;3;584;584;142;93;164;88;9;8;7;0;38;2;9;0;13;11;0;0;0;0;0;13;1;1;3;1;2;0;1;2;0;0;0;2;8;14;24;7;15;7;12;16;13;10;23;14;15;17;12;13;17;10;19;13;16;17;12;12;14;10;11;11;10;8;6;4;3;4;9;9;5;4;5;7;6;8;6;5;6;7;4;4;5;6;3;2;7;2;4;2;5;3;0;4;3;1;2;2;1;2;2;2;1;1;1;0;0;0;2;0;0;0;0;0;0;3;0;1;0;0;0;1;0;0;0;0;0;0;0;1;0;0;0;0
280480505000153;8;155;155;42;27;57;17;3;2;0;0;5;0;1;0;1;0;0;0;0;0;0;0;0;0;0;0;0;0;0;0;0;0;0;0;4;3;0;3;1;3;1;4;2;2;4;5;4;5;1;7;6;4;7;5;3;2;5;2;4;1;3;1;3;3;1;4;1;0;2;0;1;2;2;4;3;0;0;2;1;4;2;3;1;1;3;0;0;5;1;0;3;2;1;0;0;0;2;2;0;0;1;0;1;0;0;0;0;1;0;0;0;0;0;1;0;0;0;0;0;0;0;0;0;0;0;0;0;0;0;0;0;0;0;0
280480505000154;8;100;100;28;15;19;20;3;1;0;0;9;0;1;0;2;0;2;0;0;0;0;2;0;0;0;0;1;0;0;0;0;1;0;0;3;0;1;0;5;1;1;1;3;2;6;4;5;2;1;3;2;0;4;2;1;0;1;1;0;3;1;0;1;3;1;5;2;2;3;3;2;0;0;0;0;1;0;3;1;2;0;2;0;2;2;2;1;0;0;0;0;0;1;1;0;1;0;0;0;1;0;0;0;0;1;0;0;0;0;0;0;0;0;0;0;2;0;0;0;0;0;0;0;0;0;0;0;0;0;0;0;0;0;0
280480505000155;8;341;341;90;56;71;66;11;6;2;1;27;0;4;0;5;2;0;0;0;0;0;7;0;1;2;2;0;0;0;1;0;0;1;0;7;4;6;4;8;2;10;5;6;10;5;7;5;6;6;6;5;11;8;9;7;6;3;9;7;7;8;4;9;4;4;7;5;4;5;4;8;4;3;5;6;5;5;0;1;6;1;3;3;3;4;6;4;5;5;3;4;0;2;2;2;5;1;2;3;0;0;0;1;1;2;0;2;0;0;0;0;1;0;0;0;1;0;1;0;0;1;0;0;0;0;0;0;0;0;0;0;0;0;0
280480505000156;8;648;648;155;113;198;79;17;8;6;3;30;3;11;0;18;0;5;0;1;1;0;10;0;1;0;1;0;3;0;1;2;1;1;0;14;9;7;9;15;8;9;12;5;23;19;13;17;23;19;20;19;21;20;12;12;14;4;13;8;6;9;11;11;21;13;13;5;6;13;4;8;13;9;13;10;7;10;3;9;5;3;9;2;6;3;5;3;3;1;2;5;1;5;4;1;2;1;6;4;2;3;2;0;2;1;0;1;1;2;1;1;1;2;0;3;0;1;1;1;1;0;0;1;1;0;0;0;0;0;0;0;0;0;0
280480505000157;8;285;278;86;48;70;33;17;2;2;1;9;0;7;0;2;1;0;0;0;0;7;6;0;0;0;2;0;3;0;0;1;0;0;0;4;3;4;4;2;4;6;5;7;7;7;3;5;8;10;6;2;8;3;5;5;4;4;1;6;2;5;2;4;5;4;3;5;5;4;4;9;4;6;6;3;5;2;4;4;5;1;1;0;6;2;4;4;1;4;4;5;0;1;0;4;1;2;1;3;3;1;2;2;2;0;0;2;1;1;2;1;0;1;0;0;1;0;0;1;1;0;0;0;0;0;0;0;0;0;0;0;0;0;0
280480505000158;8;82;76;28;13;18;20;0;0;1;0;2;0;0;0;0;0;0;0;0;0;0;2;0;0;0;0;0;0;0;1;1;0;0;0;0;2;4;5;2;1;4;2;1;0;3;0;3;2;2;1;1;1;1;4;0;2;2;1;1;1;2;1;1;1;1;0;1;2;1;3;1;3;0;1;1;1;0;0;1;0;0;0;1;0;1;0;1;0;0;1;1;0;0;1;0;2;0;1;0;2;0;0;1;0;0;0;0;0;0;0;0;0;0;0;0;0;0;0;0;0;0;0;0;0;1;0;0;0;0;0;0;0;0;0
280480505000159;8;546;546;145;91;162;74;13;10;1;0;40;2;2;0;3;3;0;0;0;0;0;7;1;1;1;1;0;0;0;0;0;2;1;0;14;14;14;18;12;16;6;10;18;16;13;15;18;11;15;11;18;13;16;8;8;10;11;11;8;11;8;10;7;9;7;10;9;5;8;11;5;8;3;8;5;2;3;5;6;7;7;3;2;8;1;4;3;1;4;2;1;1;2;2;0;1;2;6;3;2;2;2;0;0;1;1;2;1;0;0;0;0;1;0;0;1;1;0;0;0;0;1;0;0;0;0;0;0;0;0;0;0;0;0
280480505000160;8;6;"X";"X";"X";"X";"X";"X";"X";"X";"X";"X";"X";"X";"X";"X";"X";"X";"X";"X";"X";"X";"X";"X";"X";"X";"X";"X";"X";"X";"X";"X";"X";"X";"X";"X";"X";"X";"X";"X";"X";"X";"X";"X";"X";"X";"X";"X";"X";"X";"X";"X";"X";"X";"X";"X";"X";"X";"X";"X";"X";"X";"X";"X";"X";"X";"X";"X";"X";"X";"X";"X";"X";"X";"X";"X";"X";"X";"X";"X";"X";"X";"X";"X";"X";"X";"X";"X";"X";"X";"X";"X";"X";"X";"X";"X";"X";"X";"X";"X";"X";"X";"X";"X";"X";"X";"X";"X";"X";"X";"X";"X";"X";"X";"X";"X";"X";"X";"X";"X";"X";"X";"X";"X";"X";"X";"X";"X";"X";"X";"X";"X";"X";"X";"X"
280480505000161;4;425;425;107;78;134;48;3;7;4;2;34;1;1;0;5;1;0;0;0;0;0;10;0;1;1;0;1;0;1;2;1;1;2;0;7;6;6;9;6;4;10;4;8;5;7;4;11;7;15;8;7;11;11;12;8;11;5;8;7;13;10;9;11;9;6;7;6;3;3;8;9;9;7;8;3;4;1;6;4;4;8;1;2;3;5;3;1;2;1;4;4;5;3;5;1;3;0;4;1;2;2;2;1;2;0;1;0;1;3;0;0;3;1;1;0;0;1;2;0;0;0;0;0;0;0;0;0;0;0;0;0;0;0;0
280480505000162;8;727;727;199;123;174;132;6;9;4;0;47;0;16;1;16;0;0;0;0;0;0;10;0;2;1;0;1;1;1;0;1;1;1;1;11;14;11;12;11;9;15;13;18;24;12;12;10;24;15;17;12;11;12;18;17;14;16;16;12;9;18;12;14;26;10;19;11;10;15;11;5;16;9;15;13;5;6;5;8;7;4;9;3;12;3;1;5;10;6;3;2;2;2;4;0;2;1;4;3;3;2;3;4;3;2;0;5;1;2;3;3;1;2;0;0;0;1;1;2;0;1;1;0;0;0;0;0;0;0;0;0;0;1;0
280480505000163;8;9;"X";"X";"X";"X";"X";"X";"X";"X";"X";"X";"X";"X";"X";"X";"X";"X";"X";"X";"X";"X";"X";"X";"X";"X";"X";"X";"X";"X";"X";"X";"X";"X";"X";"X";"X";"X";"X";"X";"X";"X";"X";"X";"X";"X";"X";"X";"X";"X";"X";"X";"X";"X";"X";"X";"X";"X";"X";"X";"X";"X";"X";"X";"X";"X";"X";"X";"X";"X";"X";"X";"X";"X";"X";"X";"X";"X";"X";"X";"X";"X";"X";"X";"X";"X";"X";"X";"X";"X";"X";"X";"X";"X";"X";"X";"X";"X";"X";"X";"X";"X";"X";"X";"X";"X";"X";"X";"X";"X";"X";"X";"X";"X";"X";"X";"X";"X";"X";"X";"X";"X";"X";"X";"X";"X";"X";"X";"X";"X";"X";"X";"X";"X";"X"
280480505000164;8;11;11;5;3;2;0;1;0;0;0;0;0;0;0;0;0;0;0;0;0;0;0;0;0;0;0;0;0;0;0;0;0;0;0;1;0;1;0;0;0;0;0;0;0;0;0;0;0;1;0;0;1;0;0;1;0;1;0;0;0;0;0;0;0;1;0;0;0;0;0;0;0;0;0;0;0;1;1;0;0;0;0;0;0;0;0;0;0;1;0;0;0;0;0;0;0;0;0;0;0;0;0;0;0;0;0;0;0;0;0;0;0;0;0;0;1;0;0;0;0;0;0;0;0;0;0;0;0;0;0;0;0;0;0
280480505000165;8;2;"X";"X";"X";"X";"X";"X";"X";"X";"X";"X";"X";"X";"X";"X";"X";"X";"X";"X";"X";"X";"X";"X";"X";"X";"X";"X";"X";"X";"X";"X";"X";"X";"X";"X";"X";"X";"X";"X";"X";"X";"X";"X";"X";"X";"X";"X";"X";"X";"X";"X";"X";"X";"X";"X";"X";"X";"X";"X";"X";"X";"X";"X";"X";"X";"X";"X";"X";"X";"X";"X";"X";"X";"X";"X";"X";"X";"X";"X";"X";"X";"X";"X";"X";"X";"X";"X";"X";"X";"X";"X";"X";"X";"X";"X";"X";"X";"X";"X";"X";"X";"X";"X";"X";"X";"X";"X";"X";"X";"X";"X";"X";"X";"X";"X";"X";"X";"X";"X";"X";"X";"X";"X";"X";"X";"X";"X";"X";"X";"X";"X";"X";"X";"X"
280480505000166;3;848;848;257;150;178;125;25;5;16;1;36;1;20;0;30;0;4;0;0;0;0;17;1;2;1;1;1;1;2;3;3;1;0;1;17;20;17;16;16;16;21;16;18;19;18;27;20;20;16;17;10;24;10;11;17;18;21;15;17;16;11;13;13;20;17;12;13;12;16;10;9;17;13;7;15;16;13;10;9;10;14;7;8;9;5;4;7;2;5;1;3;6;8;5;2;3;3;4;2;2;2;4;4;1;1;2;1;1;1;0;1;1;0;1;1;0;0;0;0;1;0;0;0;0;0;0;0;0;0;0;0;0;0;0
280480505000167;3;1230;1230;359;234;337;184;20;9;2;2;43;0;16;0;21;3;0;0;0;0;0;26;1;1;4;1;1;2;4;0;5;4;0;3;33;28;38;23;36;29;31;29;27;30;31;22;31;36;23;24;15;16;27;18;22;12;19;18;24;26;22;29;30;31;20;28;29;15;17;19;17;21;16;24;18;14;17;14;9;8;15;13;8;6;6;6;12;8;10;9;3;2;2;6;1;3;3;2;0;3;0;2;3;4;1;1;0;1;1;0;2;0;3;0;0;0;0;1;0;0;1;0;0;0;0;0;0;0;0;0;0;0;0;0
280480505000168;3;605;605;187;135;153;70;12;4;8;2;15;2;7;0;5;1;4;0;0;0;0;9;3;1;0;0;1;0;0;0;1;2;0;1;7;10;15;13;18;11;8;10;8;17;10;12;12;9;10;9;13;9;6;9;5;5;5;9;13;8;8;17;15;17;11;19;13;13;12;22;15;12;13;14;16;11;7;9;8;8;5;9;6;9;4;3;6;3;3;2;0;1;2;2;3;2;1;0;3;1;1;0;0;1;1;0;0;2;0;0;1;0;0;1;0;1;0;0;2;0;0;0;0;0;0;0;0;0;0;0;0;0;0;0
280480505000169;3;1341;1341;394;272;360;185;21;12;4;3;46;0;22;1;19;0;1;0;1;0;0;20;2;1;2;2;3;0;1;1;4;2;2;0;26;22;25;35;39;22;26;16;34;34;13;37;28;23;41;31;19;17;15;21;14;24;19;24;25;16;32;16;24;30;25;23;37;16;33;28;28;31;27;33;22;24;28;16;28;16;17;21;9;10;10;10;7;12;3;7;4;3;7;2;1;4;3;4;2;2;0;3;1;1;1;1;0;0;0;2;2;0;0;2;1;0;0;1;1;1;1;1;0;0;0;0;0;0;0;0;0;0;0;1
280480505000170;3;899;899;255;181;249;128;20;7;5;4;21;0;9;0;17;2;1;0;0;0;0;8;0;0;1;1;1;0;0;4;1;0;0;0;15;19;16;24;12;23;20;16;30;18;18;19;19;21;27;12;23;17;12;15;14;11;22;15;21;24;25;10;19;20;12;16;16;19;12;15;15;6;10;12;9;15;11;13;8;6;11;13;5;6;6;11;3;9;5;9;9;9;5;2;4;1;4;0;1;4;2;2;2;2;2;2;1;1;0;2;1;2;1;0;0;0;1;0;0;0;0;1;0;0;0;0;0;0;0;0;0;0;0;0
280480505000171;3;1011;1011;293;191;263;125;31;12;9;2;43;0;16;1;22;0;3;0;0;0;0;18;1;0;2;0;2;2;1;1;1;2;1;5;17;14;23;19;21;18;27;18;26;23;24;20;21;17;23;20;18;20;12;20;18;21;15;24;17;18;20;22;13;15;15;26;28;14;25;12;23;16;11;18;17;8;23;16;10;13;8;14;9;10;7;16;8;5;7;4;4;5;4;4;0;3;3;1;3;2;1;1;3;1;0;1;0;0;0;0;2;1;0;1;0;0;0;1;0;0;2;0;0;0;0;0;1;0;0;0;0;0;0;2
280480505000172;3;761;755;229;159;189;103;4;6;11;4;25;0;17;0;6;8;0;0;0;0;0;12;1;1;0;2;2;1;0;1;1;1;0;2;13;19;26;16;14;15;18;19;11;20;12;21;14;19;11;13;16;7;9;15;20;16;10;13;16;17;17;15;14;18;15;19;14;18;17;10;18;15;13;13;10;8;10;8;5;12;8;4;7;3;3;3;4;5;2;4;1;2;3;3;2;3;2;2;5;4;2;0;1;2;0;1;1;0;0;0;1;0;0;1;0;0;0;0;0;0;0;1;0;0;0;0;0;0;0;0;0;0;0;0
280480505000173;3;952;952;268;183;259;106;36;10;8;3;39;1;10;0;20;1;8;0;0;0;0;21;1;3;1;3;2;0;0;1;2;5;3;0;14;18;24;17;16;16;10;23;22;25;20;19;15;16;26;18;15;16;23;22;20;18;18;16;18;14;16;25;17;14;24;18;21;12;17;14;20;16;19;12;14;13;13;10;21;10;15;10;7;8;7;4;2;7;4;10;2;4;5;2;2;3;2;4;1;4;3;1;2;3;1;2;0;2;2;0;2;0;1;0;0;0;1;1;0;1;1;0;0;0;0;0;0;0;0;0;0;0;0;0
280480505000174;3;998;998;284;208;276;99;37;17;7;8;34;1;11;0;16;0;0;0;0;0;0;16;2;0;1;1;1;1;3;2;0;4;0;1;21;22;23;22;24;17;31;23;18;18;21;25;22;20;16;15;17;14;11;26;13;16;11;18;24;10;18;16;20;20;21;12;24;28;24;19;32;24;15;17;21;5;16;11;14;12;9;11;8;7;7;5;5;1;6;4;4;2;6;3;2;4;2;1;3;2;4;2;1;2;2;0;0;1;1;0;2;1;0;0;0;2;0;0;0;0;2;0;1;1;0;0;0;1;0;0;0;0;0;0
280480505000175;3;1163;1140;327;254;329;120;20;8;4;3;35;0;9;0;18;10;3;0;0;0;23;20;2;1;2;2;1;2;1;1;1;3;2;2;14;23;15;25;26;23;18;21;17;34;27;25;32;20;18;26;23;15;22;19;12;17;11;22;17;19;12;21;22;26;24;36;21;26;32;27;36;23;30;24;17;19;16;15;19;21;10;11;8;10;8;11;13;4;8;4;2;8;5;3;2;0;5;2;6;1;1;2;3;3;0;0;2;0;0;0;0;0;2;0;0;0;0;0;0;0;0;1;0;0;0;0;0;0;0;0;0;0;0;0
280480505000176;3;654;654;186;121;179;96;12;10;8;2;27;0;7;0;5;1;0;0;0;0;0;12;0;0;1;1;1;0;2;2;2;0;1;2;6;5;13;12;11;10;9;8;4;14;11;8;16;12;13;11;14;12;15;15;18;8;15;12;17;7;7;9;9;12;6;10;9;13;2;11;7;13;13;8;10;15;11;8;15;19;12;12;8;16;4;9;8;12;5;4;3;5;1;2;0;2;5;4;4;1;2;4;3;0;0;2;1;0;1;1;1;2;0;1;1;0;0;0;0;0;1;0;0;0;1;0;0;0;1;0;0;0;0;0
280480505000177;3;630;624;177;113;149;108;10;11;7;0;34;0;6;1;13;1;0;0;0;0;0;5;0;1;0;1;1;0;0;0;1;0;0;1;6;8;10;4;5;11;5;7;11;15;8;11;12;11;13;9;13;18;10;16;15;9;7;14;11;10;15;16;12;10;10;10;10;7;15;10;9;13;13;6;14;10;8;14;9;8;12;14;13;7;4;6;5;3;8;7;10;4;5;6;2;3;5;2;0;3;3;1;0;0;1;2;1;1;1;1;0;2;1;0;0;0;0;3;0;0;0;0;0;1;0;0;0;0;0;0;0;0;0;0
280480505000178;3;614;614;177;110;139;81;13;19;8;3;41;0;11;0;10;0;2;0;0;0;0;9;2;0;0;1;0;0;1;0;0;1;2;2;8;7;7;9;4;8;11;9;10;12;12;13;7;13;14;14;11;14;9;14;14;10;15;8;12;9;10;13;11;10;10;5;12;8;7;9;3;8;8;8;14;7;11;8;10;9;14;11;18;9;5;8;4;6;7;6;8;6;3;2;3;2;4;1;1;2;2;2;2;4;1;4;0;0;1;2;2;1;0;3;0;0;1;2;1;0;0;0;1;0;0;0;0;1;0;0;0;0;0;0
280480505000179;3;613;613;175;117;143;84;14;6;6;2;35;0;9;0;19;2;1;0;0;0;0;5;0;1;0;0;1;0;0;0;2;0;0;1;9;7;10;9;11;6;8;8;11;11;18;10;8;12;8;9;17;7;18;9;11;13;17;11;10;9;6;12;10;7;12;11;9;14;13;9;6;12;9;10;11;3;7;6;13;15;10;16;10;10;7;6;9;8;3;4;2;7;5;2;2;1;2;5;3;2;1;3;0;2;1;0;0;2;0;2;1;1;0;1;0;1;0;2;1;2;1;0;0;0;1;0;0;0;0;0;0;0;0;0
280480505000180;3;618;618;174;109;160;76;9;10;9;2;40;3;16;0;7;0;0;0;2;1;0;11;0;0;0;3;0;1;1;2;2;1;1;0;7;7;4;8;5;6;15;9;8;5;10;8;10;10;16;8;15;12;14;7;19;12;18;12;11;19;13;11;11;13;8;11;6;9;7;6;6;14;10;8;8;5;7;7;14;11;12;9;8;13;14;8;8;9;7;8;5;0;2;1;4;2;1;1;3;2;8;0;0;2;1;0;1;2;2;0;1;3;2;1;1;1;0;2;3;0;0;0;0;0;0;0;0;0;0;0;0;0;0;0
280480505000181;3;911;883;247;141;169;152;3;10;39;0;53;3;50;0;13;3;0;0;0;0;28;10;1;2;1;2;0;0;1;1;1;0;1;0;15;13;17;19;26;14;24;18;18;26;28;17;24;27;17;23;20;18;8;18;17;17;10;23;23;21;22;23;17;18;17;11;6;4;12;13;14;7;15;16;9;8;13;12;12;16;10;9;10;9;8;9;4;6;17;6;5;4;1;6;0;0;7;3;6;1;0;3;1;0;0;2;2;1;1;1;0;0;0;0;2;1;0;0;0;0;0;0;0;0;0;0;0;0;0;0;0;0;0;0
280480505000182;3;715;714;205;123;130;140;7;11;8;1;61;0;12;0;15;2;0;0;0;0;0;14;0;1;2;0;1;2;0;1;4;1;2;0;13;8;14;18;11;19;6;15;13;16;11;10;10;19;10;13;13;13;18;15;9;17;23;18;23;12;14;17;20;20;10;18;6;11;9;11;14;6;6;16;3;9;9;7;5;4;9;7;6;13;10;6;11;6;5;3;5;3;3;2;2;3;3;3;2;3;0;0;0;3;2;0;1;0;0;2;0;0;1;0;1;1;0;0;1;0;0;0;1;0;0;0;0;0;0;0;0;0;0;1
280480505000183;3;667;667;185;123;142;119;4;10;14;2;47;0;11;0;9;1;0;0;0;0;0;19;2;1;1;2;1;1;1;1;3;1;3;2;9;22;12;7;11;7;8;8;8;16;13;9;10;13;11;13;15;11;10;22;13;20;22;18;14;19;11;5;12;9;16;11;5;9;5;6;12;12;8;9;13;11;10;9;8;11;7;8;12;6;6;8;9;6;2;5;4;3;6;4;1;3;3;1;2;1;0;2;4;2;0;1;1;1;0;1;0;2;0;0;0;0;0;1;1;0;0;0;1;0;0;0;0;0;1;0;0;0;0;0
280480505000184;3;694;694;186;122;181;100;23;8;13;2;34;0;14;0;6;5;0;0;0;0;0;8;0;1;0;0;1;0;1;0;2;2;0;1;9;6;15;9;11;10;9;13;12;13;13;10;12;15;16;12;16;15;12;8;13;21;15;11;19;11;10;17;14;16;12;8;5;14;13;6;13;9;5;10;11;10;6;9;6;14;14;9;6;18;9;5;8;13;7;11;5;2;4;2;3;3;4;2;2;0;1;0;3;0;0;1;2;1;2;2;2;4;1;0;0;2;0;1;0;0;0;0;1;1;0;0;0;1;0;0;0;0;0;0
280480505000185;3;699;699;184;130;200;75;37;9;4;1;22;2;10;1;20;3;1;0;0;0;0;5;0;0;1;1;1;0;1;0;0;0;1;0;11;16;3;10;14;16;14;16;8;24;17;20;12;20;12;11;18;7;17;15;15;16;13;13;12;13;15;9;8;8;8;10;8;8;14;10;8;16;16;18;8;15;12;8;8;12;7;13;9;11;8;8;2;6;4;4;3;7;2;3;4;3;0;3;2;3;0;1;0;0;0;1;1;0;0;0;0;1;1;0;0;0;1;0;1;1;0;0;0;0;1;0;1;0;0;0;0;0;0;0
280480505000186;3;571;571;163;118;155;63;13;9;9;1;21;0;7;0;12;0;0;0;0;0;0;10;4;0;0;1;1;1;0;0;0;2;1;0;6;4;9;6;6;7;7;7;7;16;8;12;14;9;11;12;16;8;16;4;8;15;14;12;11;13;11;10;9;9;11;5;11;9;3;7;11;6;13;16;11;10;10;12;13;18;9;6;8;9;5;7;5;5;5;4;1;7;2;5;1;1;2;0;2;2;1;0;4;0;1;0;2;2;0;0;0;0;0;1;0;0;0;0;0;0;0;0;0;0;0;0;0;0;0;0;0;0;0;1
280480505000187;3;693;693;210;140;171;95;19;1;1;0;19;1;9;0;25;0;2;0;0;0;0;7;2;0;1;1;2;0;1;0;0;0;0;0;3;14;17;8;8;11;12;11;16;12;15;14;22;14;15;13;14;10;12;11;15;14;12;15;12;16;17;9;17;12;8;13;12;9;15;15;16;7;12;8;16;10;18;16;11;12;5;8;9;11;4;8;6;2;4;6;2;4;3;1;2;4;2;0;1;1;0;0;2;1;1;1;2;1;1;1;0;0;1;2;0;0;0;1;0;0;0;0;0;0;0;0;0;0;0;0;0;0;0;0
280480505000188;3;423;423;115;70;95;79;7;4;4;1;27;0;2;0;19;0;0;0;0;0;0;8;0;0;0;2;2;1;1;0;0;1;0;1;9;9;9;10;11;8;7;3;12;11;9;6;17;15;9;12;5;14;6;10;12;7;7;7;7;4;4;6;2;5;10;7;6;10;11;1;7;10;13;4;9;3;4;4;2;3;5;2;5;1;1;1;5;3;2;1;3;2;3;5;0;2;1;4;0;1;0;0;1;4;0;1;1;0;0;1;1;1;0;0;0;0;0;0;0;1;0;0;0;0;0;0;0;0;0;0;0;0;0;0
280480505000189;3;1006;1006;286;179;231;154;24;8;4;2;79;1;14;0;22;1;1;0;0;0;0;9;0;0;0;2;1;0;1;0;1;1;0;3;16;16;19;28;22;22;24;23;23;24;21;31;25;19;25;18;18;25;20;12;12;11;12;16;17;18;17;23;19;23;17;13;13;22;17;23;15;19;22;9;20;16;10;9;6;12;11;10;7;9;9;6;9;7;7;4;4;7;6;7;3;4;6;6;5;3;4;4;3;3;1;1;1;3;2;0;0;2;0;0;0;0;0;0;0;0;0;0;0;0;0;0;0;0;0;1;0;0;0;0
280480505000190;3;665;665;202;167;181;50;27;4;3;1;8;0;9;0;7;1;5;0;0;0;0;19;2;0;1;0;2;1;3;1;2;3;2;2;10;18;16;18;12;8;8;11;10;13;8;18;7;8;13;9;18;12;10;8;8;12;7;16;13;11;20;25;22;18;12;25;18;18;17;9;11;9;12;15;10;6;13;4;8;10;8;6;8;4;6;2;1;2;3;2;6;1;0;4;1;0;0;1;0;1;0;0;1;0;0;0;1;0;0;1;0;0;0;0;0;0;0;0;0;1;0;0;0;0;1;0;0;0;0;0;0;0;1;0
280480505000191;3;552;538;169;101;120;81;11;5;18;0;19;0;18;0;5;5;0;0;0;0;0;10;1;1;1;0;1;0;2;1;0;1;1;1;10;11;17;12;12;14;8;15;13;15;8;6;8;6;14;10;12;7;6;10;13;10;13;14;15;10;13;12;8;17;9;17;9;9;6;9;5;6;4;10;11;10;7;5;9;10;3;6;7;8;4;3;2;5;3;1;1;3;0;1;3;0;1;1;3;1;1;4;0;0;2;1;0;0;0;0;1;0;0;1;0;0;0;0;0;0;0;0;0;0;0;0;1;0;0;0;0;0;0;0
280480505000192;3;927;927;309;187;187;69;6;6;57;0;24;1;32;4;43;2;0;0;0;0;0;18;0;0;0;2;3;2;0;3;2;6;0;0;23;19;18;20;21;9;14;13;14;24;12;14;17;10;13;19;10;9;9;10;16;11;12;11;7;27;19;26;21;23;21;25;22;28;25;16;20;24;21;23;20;18;10;16;12;10;6;11;13;7;11;8;8;4;8;7;3;6;1;5;1;6;3;0;1;4;2;0;1;1;0;0;2;0;1;1;0;0;1;2;0;1;0;0;0;1;0;0;0;1;0;0;0;0;0;0;0;0;0;0
280480505000193;3;977;977;278;182;222;190;16;12;5;4;52;0;6;0;9;1;0;0;0;0;0;14;1;1;2;0;0;2;0;2;1;2;2;1;21;17;29;21;14;15;19;21;20;25;17;31;18;18;20;19;10;22;28;23;17;17;18;26;16;8;22;30;23;21;13;16;12;14;20;12;16;12;10;12;15;21;9;18;12;11;10;4;7;12;10;6;3;6;10;12;5;7;1;4;0;5;3;4;2;3;3;2;2;4;1;1;1;2;0;0;0;1;0;0;0;0;0;0;1;0;0;1;1;0;0;0;0;0;0;0;0;0;0;0
280480505000194;3;804;804;213;130;196;128;16;9;2;1;64;1;24;0;19;1;0;0;0;0;0;16;2;0;2;1;1;0;1;1;2;2;2;2;10;11;9;14;11;15;16;12;23;26;16;13;12;13;23;17;19;21;12;22;18;21;15;17;29;18;15;19;12;9;10;20;15;9;12;4;8;8;6;6;11;10;10;5;13;8;12;19;9;20;8;7;1;4;7;7;11;3;2;3;4;4;3;2;2;2;1;3;3;2;3;1;0;0;0;0;0;1;0;0;0;0;0;0;1;0;0;0;0;0;0;0;0;0;0;0;0;0;0;0
280480505000195;3;687;682;194;129;167;90;39;8;2;0;27;2;7;0;21;0;1;0;0;0;0;15;1;0;2;2;2;1;0;0;0;3;2;2;7;18;16;13;11;17;10;15;10;11;17;14;15;13;20;22;16;16;10;15;9;12;13;12;21;11;12;8;14;7;15;7;9;12;14;11;12;13;8;18;10;13;6;6;12;14;6;9;8;5;2;8;0;6;3;3;6;2;2;2;2;1;0;2;3;6;1;1;1;3;0;1;2;1;0;0;0;0;0;0;0;0;0;0;0;1;0;0;0;0;0;0;0;0;0;0;0;0;0;0
280480505000196;3;911;911;255;150;206;149;32;12;7;1;64;5;6;0;17;7;0;0;0;0;0;19;1;1;2;1;3;2;0;3;0;0;3;3;13;17;18;11;18;11;15;25;21;25;19;21;22;20;23;17;24;18;14;18;17;15;20;13;16;18;14;17;23;21;15;20;14;18;10;13;19;16;15;15;7;10;7;9;9;6;13;7;5;8;7;6;9;7;7;5;7;8;5;6;2;6;4;4;4;4;1;3;7;2;2;0;0;1;0;1;0;0;0;0;0;0;2;0;0;0;0;0;0;0;0;0;1;1;0;0;0;0;0;0
280480505000197;3;512;512;136;73;131;86;9;8;4;0;35;2;14;1;8;3;1;1;0;0;0;8;2;2;2;0;0;0;0;0;2;0;0;0;13;7;14;11;14;5;9;11;8;21;16;14;11;6;18;13;11;9;4;7;9;13;11;8;8;7;12;5;10;13;9;7;5;11;8;8;6;7;4;3;9;6;2;5;8;5;2;2;4;4;6;7;8;5;4;3;3;2;4;2;5;4;2;1;4;3;0;0;0;0;1;3;0;0;1;0;1;0;0;0;0;1;0;1;0;0;0;0;0;0;0;0;0;0;0;0;0;0;0;0
280480505000198;3;489;489;120;86;122;73;11;9;10;2;34;0;12;0;7;3;0;0;0;0;0;4;1;0;1;0;0;0;0;0;1;0;0;1;10;9;7;14;6;11;11;8;10;13;18;12;8;11;9;11;8;9;7;12;13;8;8;14;7;13;7;2;11;8;7;7;9;8;6;7;13;9;12;7;3;8;4;5;3;8;2;5;4;8;5;8;6;2;2;3;2;2;2;3;2;0;0;4;3;2;0;2;0;3;1;0;0;0;0;0;0;0;0;1;1;0;0;0;0;1;0;0;0;0;0;0;0;0;0;0;0;0;0;0
280480505000199;4;972;972;252;172;259;146;52;16;8;1;31;0;12;0;23;0;0;0;0;0;0;24;5;2;1;2;2;3;0;3;2;1;2;1;16;17;14;25;29;19;28;21;27;26;21;29;23;15;24;26;32;21;14;20;19;9;16;22;18;27;19;24;24;20;14;14;22;14;19;9;6;14;18;17;8;15;6;9;9;9;7;9;1;9;5;6;8;2;6;4;6;3;1;7;4;3;2;1;0;0;1;2;1;3;1;1;2;1;1;0;0;1;1;0;0;1;0;0;0;0;0;0;0;0;0;0;0;0;0;0;0;0;0;0
280480505000200;4;425;425;130;77;82;79;13;5;2;0;32;0;2;0;2;1;0;0;0;0;0;6;0;1;1;1;0;1;2;0;0;0;0;0;4;7;4;10;11;5;9;8;8;7;8;6;7;9;8;12;7;10;5;6;5;8;11;5;10;4;9;6;14;15;6;8;7;7;9;6;8;9;5;9;9;5;5;5;4;6;2;1;3;3;1;5;4;1;8;1;0;1;4;5;2;5;2;2;3;1;1;2;0;1;2;0;0;2;1;1;0;2;0;1;0;0;1;0;0;2;1;0;0;0;0;0;0;0;0;0;1;0;1;0
280480505000201;5;270;270;65;43;68;52;12;2;4;0;19;0;0;0;4;0;1;0;0;0;0;2;0;0;0;0;0;0;0;1;0;0;0;1;4;7;7;9;10;6;7;7;6;9;4;9;8;5;7;5;3;8;5;3;8;1;8;4;5;7;6;4;3;3;4;4;7;2;2;3;5;4;1;5;3;2;4;5;2;2;4;0;2;3;3;0;1;0;0;1;1;1;1;0;2;0;1;1;2;1;2;0;1;0;1;1;0;0;1;0;0;0;0;0;1;1;1;0;0;0;0;1;0;0;0;0;0;1;0;0;0;0;0;0
280480505000202;3;707;707;208;148;162;94;15;10;7;0;25;0;19;0;19;0;0;0;0;0;0;15;1;0;0;1;4;0;0;2;2;2;0;3;23;15;16;7;14;12;18;10;13;12;18;13;20;16;11;7;11;13;11;10;16;14;21;22;22;15;21;15;14;16;16;16;11;16;13;7;11;7;14;14;6;17;8;10;9;10;8;6;1;4;4;3;3;4;5;3;1;0;3;1;1;3;2;2;0;1;0;1;0;0;0;0;0;0;0;0;0;2;1;1;0;0;0;0;0;1;0;0;0;0;0;0;0;0;0;0;0;0;0;0
280490405000001;1;986;986;276;197;298;96;23;6;2;3;53;2;6;2;16;3;2;0;1;0;0;14;2;1;0;2;2;1;0;2;0;1;2;1;22;13;26;19;13;16;17;30;19;23;18;11;15;17;17;17;22;19;16;14;23;18;13;22;16;28;18;17;23;23;13;16;16;21;13;15;14;8;7;10;18;16;12;15;9;8;8;9;7;10;7;7;11;13;6;8;6;12;5;7;8;1;3;4;7;3;0;2;5;5;0;2;7;6;1;5;2;3;1;4;0;1;1;2;3;0;0;0;0;2;0;1;0;1;0;0;0;0;0;0
280490405000002;1;728;728;210;135;191;104;10;9;2;0;53;3;4;0;5;2;0;0;0;0;0;6;1;0;0;1;1;0;1;0;0;2;0;0;15;15;20;11;19;14;12;11;13;12;18;9;19;16;15;9;12;9;12;16;11;11;20;15;25;15;14;15;12;15;10;9;12;10;13;13;10;11;8;14;6;8;8;9;7;7;10;5;2;3;6;7;7;6;3;8;3;1;2;5;4;4;7;1;7;4;3;4;3;2;4;0;0;2;4;3;4;3;1;1;2;0;1;0;1;1;2;1;0;0;0;0;0;0;0;0;0;0;0;0
280490405000003;1;974;974;261;180;305;117;3;16;4;1;60;2;10;1;12;2;0;0;0;0;0;9;0;1;1;0;1;1;0;0;1;2;1;1;16;15;9;24;16;18;17;16;18;25;16;22;18;20;23;18;26;26;20;23;23;18;13;20;28;15;16;15;19;18;17;11;17;11;13;16;8;9;11;15;7;8;15;9;9;15;9;10;7;8;7;10;13;9;11;5;5;5;6;3;2;8;6;6;2;8;5;2;10;5;2;4;4;3;5;2;3;4;2;2;1;2;0;1;2;0;0;1;0;0;1;0;0;0;1;0;0;0;1;0
280490405000004;8;497;497;145;93;142;63;13;4;4;2;22;0;2;0;6;1;0;0;0;0;0;11;2;1;1;2;2;0;0;0;1;2;0;0;14;14;15;6;12;9;7;12;16;9;11;10;8;14;14;16;15;5;12;5;10;8;10;7;8;12;13;5;10;5;7;5;9;4;6;6;4;12;8;6;3;10;5;2;5;4;4;3;2;5;4;3;2;2;2;5;1;3;0;3;3;4;2;6;3;1;0;1;1;2;3;0;0;1;3;2;0;1;0;1;0;0;1;0;2;1;0;0;1;0;0;0;0;0;0;0;0;0;0;0
280490405000005;5;803;800;221;144;236;81;14;11;7;0;65;7;10;1;6;0;0;0;0;0;0;9;1;3;0;0;0;2;0;1;0;2;0;0;13;12;15;22;12;16;14;11;15;13;17;17;15;17;15;12;19;14;23;17;19;17;21;22;19;18;21;12;13;8;11;9;10;16;9;14;10;5;10;8;10;11;7;8;12;12;11;11;9;7;9;6;9;2;4;4;6;4;3;5;2;4;4;4;6;1;1;0;7;5;2;1;4;0;2;3;4;5;0;2;0;0;0;2;0;2;1;0;0;0;0;0;0;1;0;0;0;0;0;0
280490405000006;5;425;425;122;79;133;61;0;5;0;1;22;0;0;0;1;1;0;0;0;0;0;8;0;2;3;0;2;0;1;0;0;0;0;0;7;5;10;9;5;8;6;13;16;9;3;10;7;11;10;6;7;14;10;10;9;7;6;7;14;4;10;5;5;4;6;3;8;12;5;6;1;2;4;6;7;3;7;1;5;2;5;2;4;4;2;2;2;4;4;3;7;3;3;10;3;3;3;1;1;2;2;0;3;2;1;4;1;2;1;0;1;1;1;1;0;0;0;2;0;0;0;0;2;0;0;0;0;0;0;0;0;0;0;0
280490405000007;8;612;599;175;112;192;78;3;6;5;1;29;1;6;0;4;0;0;0;0;0;0;6;2;0;0;0;0;0;1;0;1;1;1;0;5;11;15;13;9;12;16;5;13;17;12;14;19;20;12;9;14;18;9;10;16;10;8;9;11;14;13;6;9;10;7;8;10;9;6;7;6;5;9;12;7;5;6;9;8;4;4;8;5;2;3;4;7;7;6;5;2;5;5;5;2;6;2;1;5;1;4;5;7;1;7;1;3;3;3;3;1;2;1;2;1;0;0;0;0;0;0;0;0;0;0;0;0;0;0;0;0;0;0;0
280490405000008;8;1275;1275;321;214;476;148;17;13;4;1;73;1;1;0;5;0;1;0;0;0;0;19;4;1;1;1;0;3;0;2;3;3;1;0;21;19;22;22;22;38;27;30;23;37;35;39;37;46;40;30;34;26;28;20;25;27;27;14;21;22;19;18;21;16;19;14;18;13;19;18;16;22;10;14;17;13;11;19;10;9;8;7;6;10;12;5;8;6;8;7;6;7;19;4;7;10;4;4;6;5;1;2;4;5;4;5;1;4;2;8;1;1;2;5;1;1;5;1;0;0;1;2;0;1;1;0;0;0;1;0;0;0;0;0
280490405000009;8;300;295;86;64;117;18;4;1;0;0;7;0;2;0;1;0;0;0;0;0;0;8;1;0;4;0;0;1;0;0;1;0;0;1;6;7;9;8;4;3;9;8;6;9;3;5;7;8;9;4;5;7;6;6;7;2;3;5;9;7;3;7;5;5;4;6;3;5;3;5;2;7;3;4;3;2;2;4;0;2;0;1;1;3;2;2;2;5;1;2;1;3;0;5;0;2;1;1;1;3;2;5;0;1;0;4;0;1;1;1;1;0;0;0;1;0;1;0;0;0;0;0;0;0;1;0;0;0;0;0;0;0;0;0
280490405000011;8;878;878;254;163;263;109;16;12;5;0;47;1;2;1;5;0;0;0;0;0;0;10;1;1;0;0;0;0;0;3;1;1;0;3;8;12;20;24;14;15;13;23;18;21;20;20;25;23;27;30;13;19;15;19;18;20;6;14;20;15;17;14;7;9;15;12;13;12;3;12;4;12;7;10;9;10;6;6;7;9;12;9;12;17;8;9;9;5;6;7;5;6;5;5;5;4;5;3;5;4;6;5;4;4;2;5;1;7;1;4;3;2;1;1;3;2;2;0;0;0;1;2;0;2;0;0;0;0;0;1;0;1;0;1
280490405000012;8;1226;1226;321;215;435;138;19;13;1;2;65;2;7;0;8;0;0;0;0;0;0;18;2;2;2;0;4;1;1;1;3;0;2;0;33;28;30;21;24;29;22;28;26;34;27;40;22;27;32;24;23;30;21;15;20;28;21;27;25;24;27;15;19;25;21;20;15;17;18;10;17;13;13;6;7;13;9;10;8;9;14;13;9;13;8;11;9;12;11;8;9;4;9;9;6;5;2;4;5;9;4;6;3;7;4;4;4;5;2;1;1;3;1;3;4;0;1;0;1;2;2;1;0;1;1;0;1;0;0;0;1;0;0;2
280490405000013;8;197;197;58;28;57;46;0;0;1;0;2;0;4;0;1;0;0;0;0;0;0;4;0;0;1;1;0;0;0;0;0;0;2;0;3;10;4;7;8;5;10;4;1;7;3;7;6;6;6;4;1;5;0;4;2;5;3;12;2;10;3;5;3;3;1;0;2;5;3;5;0;0;1;1;0;2;0;2;0;2;2;3;0;2;0;2;0;0;1;0;1;0;3;0;0;1;0;0;1;0;1;0;0;0;0;0;0;0;0;0;1;0;0;1;0;0;0;0;0;0;0;0;0;0;0;0;1;0;0;0;0;0;0;0
280490405000014;5;418;418;105;89;186;22;0;4;0;1;7;0;3;0;1;0;0;0;0;0;0;8;0;1;1;0;0;1;2;0;1;2;0;0;7;4;9;7;9;6;8;9;6;6;8;10;9;9;11;10;11;6;11;8;16;7;11;8;11;7;10;11;9;5;10;8;4;7;3;6;2;7;6;6;4;5;5;5;5;9;2;4;2;3;6;4;2;2;2;2;2;1;3;1;0;2;2;0;0;1;2;1;3;3;0;1;1;2;1;1;1;0;1;0;1;0;0;0;0;0;0;0;0;0;0;0;0;0;0;0;0;0;0;0
280490405000015;4;413;413;110;62;114;65;19;4;2;0;31;2;2;0;2;0;0;0;0;0;0;6;1;0;0;1;1;0;0;1;1;0;1;0;15;9;9;11;11;7;7;13;10;13;9;8;7;13;9;7;9;6;9;9;9;7;12;5;7;7;11;6;7;5;4;2;6;3;5;5;9;5;2;2;9;2;10;3;2;4;1;3;1;3;3;1;0;10;2;2;1;4;1;0;2;0;1;2;1;1;0;1;0;4;1;2;0;3;2;1;2;1;1;0;0;0;1;1;1;1;0;1;2;1;1;0;0;0;0;0;1;0;0;0
280490405000016;5;641;641;166;123;196;76;12;15;2;0;40;4;5;0;2;0;0;0;0;0;0;12;3;1;1;2;1;1;0;0;2;0;1;0;14;16;8;16;13;16;16;14;16;17;11;15;15;13;19;8;17;13;11;14;8;7;7;16;12;14;10;13;9;13;12;9;11;10;9;5;7;9;5;5;6;6;7;5;9;7;2;6;4;2;5;6;5;4;5;9;2;3;5;4;3;2;1;4;5;2;5;0;3;2;1;1;4;5;4;0;3;2;1;5;0;0;0;1;0;0;0;0;0;0;0;0;0;0;0;0;0;0;0;0
280490405000017;5;394;394;117;82;132;28;4;3;0;0;25;0;1;1;1;0;0;0;0;0;0;4;1;0;0;1;0;0;0;1;0;0;0;1;5;10;4;7;5;3;10;8;11;10;12;8;6;5;7;10;10;2;5;3;10;8;4;6;4;6;10;6;5;6;5;9;9;8;2;7;2;5;6;3;5;4;3;4;4;2;2;2;3;4;2;3;5;2;1;4;2;1;6;5;3;6;4;3;2;4;3;4;3;1;3;2;3;1;3;1;1;1;4;1;3;2;0;0;1;0;0;0;0;1;1;0;0;1;0;0;1;0;1;0
280490405000018;5;257;257;74;43;81;35;2;2;0;0;20;0;0;0;0;0;0;0;0;0;0;1;0;0;0;0;1;0;0;0;0;0;0;0;6;4;3;8;2;1;7;3;6;9;6;7;4;5;3;6;3;3;2;5;6;4;7;2;5;5;6;7;5;5;2;5;7;5;3;4;3;2;1;2;1;1;1;4;1;3;3;1;1;1;2;3;2;2;7;4;0;2;2;3;2;2;3;1;3;1;1;1;2;0;0;0;1;0;2;1;1;3;2;1;2;0;0;0;0;0;0;1;1;0;1;0;0;0;0;1;0;0;0;0
280490405000019;5;339;339;82;64;153;15;1;1;4;0;12;0;0;0;7;0;0;0;0;0;0;3;0;0;0;0;1;1;0;0;1;0;0;0;5;8;11;4;12;9;8;5;11;12;12;14;10;6;9;6;7;3;11;3;5;8;5;9;9;4;4;4;6;5;5;4;5;0;9;2;5;2;3;3;0;1;3;5;1;4;2;2;1;4;1;3;2;2;1;2;3;3;4;4;0;2;2;2;0;1;0;1;0;1;0;3;1;2;3;2;0;3;1;0;0;0;0;0;0;1;0;0;0;0;0;0;0;0;0;0;0;0;0;0
280490405000020;5;297;297;66;50;128;33;3;5;0;0;11;0;0;0;1;0;0;0;0;0;0;10;2;0;1;1;0;1;0;2;0;1;1;1;2;3;5;4;6;6;4;7;6;9;13;12;16;6;7;7;5;8;6;10;7;4;4;8;7;8;4;7;5;5;2;5;4;2;2;4;2;4;0;1;3;1;1;2;1;1;1;2;6;3;2;2;2;3;3;2;3;0;3;0;1;0;0;2;0;5;1;1;0;0;1;1;2;2;1;1;0;0;0;0;0;0;0;0;0;1;0;0;0;0;0;0;0;0;0;0;0;0;0;0
280490405000021;5;279;279;68;33;74;56;3;4;11;0;19;0;7;0;4;0;0;0;0;0;0;5;0;0;2;0;0;0;1;0;0;0;0;2;3;8;2;3;7;5;8;6;7;8;9;10;6;12;7;7;5;9;7;4;7;5;7;4;7;4;4;4;5;2;5;2;1;7;2;2;3;4;0;5;6;3;3;2;3;4;3;5;3;2;5;4;1;1;2;1;0;0;5;0;1;0;0;1;0;0;0;0;0;0;0;1;0;1;1;0;0;1;0;0;0;1;1;0;0;0;0;0;0;0;0;0;0;0;0;0;0;0;0;0
280490405000022;5;502;502;109;80;209;75;5;3;2;0;15;0;1;0;3;0;0;0;0;0;0;6;0;1;0;1;1;0;0;1;0;1;1;0;17;12;13;16;23;12;13;12;13;19;15;12;19;15;19;11;10;9;12;9;10;9;8;5;7;7;1;9;8;6;7;5;4;3;4;6;8;3;7;6;4;2;6;12;5;4;1;3;3;4;1;2;3;2;1;4;2;3;3;0;1;0;2;3;3;3;4;2;1;1;3;0;1;0;0;0;0;0;0;0;0;1;0;0;0;0;0;0;1;0;0;0;0;0;0;0;0;1;0;0
280490405000023;7;227;227;63;38;70;18;0;5;3;0;26;1;1;0;2;0;0;0;0;0;0;5;1;0;0;1;1;0;1;0;0;0;1;0;1;2;3;5;5;5;8;2;6;10;6;3;10;6;4;3;3;5;4;2;7;1;2;6;4;5;6;2;3;0;4;4;2;3;5;1;2;4;0;1;2;1;2;0;3;2;2;3;3;4;5;2;0;1;2;4;1;2;4;4;0;1;3;1;1;0;2;2;1;1;1;0;0;1;0;0;1;1;0;0;0;2;0;0;1;0;1;0;0;0;0;0;0;0;0;0;0;0;0;0
280490405000024;5;469;469;125;93;153;37;21;6;1;0;28;1;2;0;2;0;0;0;0;0;0;4;0;1;0;0;0;2;0;0;0;1;0;0;11;4;13;11;9;4;7;12;11;11;13;12;10;9;10;2;10;9;14;10;9;9;8;9;8;9;7;14;5;7;14;12;8;6;7;7;4;2;8;2;2;4;5;7;7;3;4;4;4;3;4;5;3;1;4;4;0;2;4;3;3;1;7;2;4;2;1;4;3;2;1;1;1;0;1;1;2;2;0;2;0;0;1;2;0;0;0;1;0;0;0;0;0;0;0;0;0;0;0;1
280500005000001;1;650;637;191;131;182;89;5;6;2;1;26;1;2;1;11;2;0;0;0;0;0;11;1;3;1;0;1;0;3;1;0;0;0;1;6;3;8;10;9;6;9;10;12;4;5;16;20;13;11;8;15;7;19;15;12;19;12;12;15;10;12;7;5;13;15;8;6;12;8;8;8;8;10;14;5;13;8;12;3;5;13;9;5;8;5;6;3;6;8;11;4;4;6;8;6;3;5;7;3;7;5;1;2;1;4;3;2;6;1;2;0;1;0;3;2;0;0;1;1;2;0;0;1;2;2;1;0;0;1;0;0;1;0;1
280500005000002;8;476;476;153;98;140;31;4;4;10;0;22;1;5;0;8;0;0;0;0;0;0;9;1;0;1;1;1;2;0;2;0;1;0;0;5;3;8;7;8;4;6;8;7;6;12;12;7;6;15;8;8;10;8;7;16;7;9;11;10;7;5;9;3;11;5;4;2;9;7;6;7;4;4;8;8;7;4;10;5;6;8;5;2;5;5;4;4;7;4;3;6;8;7;5;5;3;3;3;5;1;2;1;1;5;0;1;1;3;2;1;2;1;1;2;2;0;1;0;1;2;1;3;0;0;0;0;1;0;0;0;0;0;0;1
280500005000003;8;314;314;82;61;100;20;3;4;9;4;18;0;2;0;9;2;0;0;0;0;0;4;1;0;2;0;0;0;0;0;0;0;0;1;6;2;7;3;3;1;3;5;7;2;8;8;5;9;6;6;5;4;7;2;8;4;5;5;3;6;2;8;4;11;8;2;4;6;7;3;4;3;1;5;0;4;2;4;4;1;2;2;6;5;4;2;3;4;1;2;4;3;6;2;5;5;2;3;2;2;3;0;0;4;2;2;0;3;3;0;3;0;2;2;2;2;2;1;0;0;0;0;0;0;0;1;0;0;0;0;0;0;0;0
280500005000004;8;166;166;41;30;58;8;0;5;6;0;9;0;4;0;2;0;3;0;0;0;0;1;0;0;1;0;0;0;0;0;0;0;0;0;4;0;3;1;0;2;1;2;2;3;1;1;5;4;3;3;5;5;3;6;3;9;2;1;4;1;6;2;3;1;3;1;3;0;4;1;2;0;2;0;4;1;2;1;2;3;3;0;2;5;2;3;5;0;2;4;0;0;4;0;1;1;2;0;1;0;3;2;1;1;1;0;0;1;1;0;0;0;0;0;0;0;0;1;1;0;1;0;0;0;0;0;1;0;1;0;0;0;0;0
280500005000005;8;79;79;22;15;22;7;1;0;1;1;2;0;1;0;3;1;3;0;0;0;0;1;0;0;0;1;0;0;0;0;0;0;0;0;1;3;1;3;0;0;0;0;0;3;1;2;1;2;0;0;2;0;1;1;1;1;2;3;2;1;2;2;4;4;2;0;2;1;2;1;0;0;2;0;0;0;2;3;4;0;1;1;0;2;2;2;0;1;0;1;2;1;0;0;1;0;0;0;0;0;0;0;0;0;0;0;0;0;0;0;0;0;0;0;0;0;0;1;0;0;0;0;0;0;0;0;0;1;0;0;0;0;0;0
280500005000006;1;547;547;157;117;149;63;24;3;4;2;15;0;3;0;5;4;1;0;0;0;0;5;0;1;0;1;0;0;0;2;0;0;1;0;11;11;10;17;11;12;3;9;16;6;18;12;8;14;8;15;7;8;9;12;10;20;10;9;9;14;10;11;12;10;11;13;5;10;13;5;6;8;10;7;6;5;4;2;6;8;2;3;6;7;3;6;1;4;3;4;5;4;5;4;3;4;0;1;1;1;1;2;2;3;3;3;3;1;0;0;1;0;0;0;0;0;0;1;0;0;2;0;0;1;0;1;0;0;0;0;0;0;0;0
280500005000007;5;142;142;42;34;50;9;1;1;0;0;5;0;0;0;0;0;0;0;0;0;0;1;0;0;0;0;0;0;1;0;0;0;0;0;7;1;1;3;0;2;0;2;3;2;5;7;5;2;4;5;3;2;2;4;2;3;0;5;0;1;2;5;1;4;2;2;3;0;2;5;0;1;2;3;2;1;1;4;2;2;3;3;0;2;1;2;0;4;1;0;0;0;0;2;1;2;1;0;0;0;0;1;0;0;0;0;1;0;0;0;0;0;0;0;0;0;0;1;0;1;0;0;0;0;0;0;0;0;0;0;0;0;0;0
280500005000008;5;387;387;121;75;84;43;3;4;21;1;15;0;15;2;2;1;0;0;0;0;0;5;1;0;0;0;2;0;0;1;0;1;0;0;4;5;9;6;4;7;3;6;13;8;9;5;12;8;10;8;5;6;7;11;10;3;5;10;5;3;3;4;6;10;3;14;6;2;4;6;9;10;6;6;5;7;11;3;3;9;2;4;3;4;4;2;3;2;1;1;4;2;1;5;3;2;2;1;1;0;3;1;1;3;1;3;2;0;1;0;2;2;0;0;0;0;2;1;0;0;0;1;1;0;0;1;0;0;0;1;0;0;0;0
280500005000009;5;213;213;64;48;68;21;8;1;0;0;3;0;0;0;0;0;0;0;0;0;0;4;0;0;2;0;0;0;1;0;0;0;0;1;6;9;3;3;1;3;3;2;4;6;2;2;3;7;7;5;4;7;6;6;6;3;7;5;6;3;3;3;2;2;3;4;2;4;2;4;5;2;2;5;2;1;4;2;3;3;3;1;4;1;1;1;1;1;0;3;2;1;0;0;0;0;1;0;1;1;1;0;2;0;0;0;0;2;1;0;0;1;1;0;0;0;0;0;1;1;0;0;0;0;0;0;0;0;0;0;0;0;0;0
280510905000001;1;760;760;213;127;156;158;12;10;5;1;52;2;7;0;9;0;8;0;0;0;0;16;0;2;0;1;3;2;1;0;0;3;3;1;17;19;14;21;13;22;15;22;20;20;12;22;16;21;15;15;10;14;12;14;17;21;15;12;15;20;17;22;7;13;11;9;9;11;10;9;11;10;7;8;13;9;5;8;5;5;9;7;9;5;3;4;7;4;6;4;4;0;2;2;5;2;4;2;3;2;4;1;2;1;2;0;1;1;1;2;1;2;0;2;0;0;1;1;0;1;0;0;0;0;0;1;0;0;0;1;0;1;0;1
280510905000002;1;619;615;179;95;121;108;2;16;7;1;57;5;8;0;14;2;0;0;3;1;0;6;1;2;0;0;0;0;1;0;0;1;0;1;9;7;12;11;7;4;9;9;11;10;6;14;10;13;10;16;12;12;11;21;8;11;17;7;11;11;10;12;9;6;6;8;11;12;11;7;5;5;9;6;9;3;6;8;9;7;8;6;6;5;1;9;6;6;6;8;5;5;4;6;4;6;5;6;7;7;2;2;2;2;5;4;3;5;2;3;5;4;2;1;2;2;2;2;0;2;1;3;0;0;1;0;0;0;0;0;1;0;0;1
280510905000003;1;719;719;186;117;202;117;17;6;4;0;41;2;10;0;16;0;0;0;1;0;0;14;4;1;0;1;0;0;2;3;0;1;2;0;9;14;15;19;16;19;18;17;17;17;24;16;23;15;20;25;7;9;12;12;14;8;16;15;14;10;11;14;12;16;14;6;7;11;6;5;7;14;9;11;15;7;12;11;7;9;6;7;5;5;4;6;3;4;4;3;3;2;4;2;1;2;3;3;2;1;2;2;1;2;2;5;0;4;1;0;2;3;0;0;1;0;1;0;0;1;0;1;0;1;1;0;0;0;0;0;0;0;0;0
280510905000004;1;829;820;235;131;189;141;3;10;6;0;59;7;15;1;22;2;5;0;3;0;0;11;0;1;0;0;0;1;0;0;3;3;1;2;12;5;9;6;14;10;12;5;8;10;25;16;16;26;18;27;19;14;12;16;17;20;9;14;14;15;14;12;14;11;14;10;7;11;6;12;6;14;9;7;14;13;16;12;15;15;15;10;8;7;16;9;1;11;8;11;4;6;6;10;5;3;7;3;4;12;4;3;3;5;4;4;3;4;3;1;6;3;3;2;1;1;1;0;1;1;2;1;0;3;1;0;0;0;1;0;0;0;0;0
280510905000005;1;859;855;256;173;257;83;25;3;4;3;32;1;7;0;14;1;0;0;0;0;0;10;1;2;1;1;0;0;1;0;0;0;1;3;8;10;22;16;20;14;15;13;15;20;24;15;16;19;24;21;16;17;19;12;11;14;9;18;14;14;11;12;10;18;16;16;18;18;16;11;15;9;11;16;10;17;17;8;8;15;10;15;5;8;3;6;10;5;2;7;3;5;5;7;3;7;4;2;5;8;5;4;4;3;2;2;1;5;0;1;3;1;2;2;0;0;2;0;1;0;1;0;0;0;1;0;0;1;0;0;0;0;0;0
280510905000006;8;510;510;128;84;136;100;1;6;2;0;35;2;7;0;8;1;0;0;0;0;0;4;0;0;0;0;1;1;1;1;0;0;0;0;9;11;9;7;8;8;14;11;13;13;17;9;10;12;14;13;11;10;12;9;8;10;6;15;9;12;7;10;10;12;10;9;5;6;10;8;9;9;3;6;6;5;4;4;4;7;6;2;2;3;2;1;4;1;5;4;2;2;2;2;3;4;2;7;1;3;3;3;1;3;1;2;1;1;0;1;2;0;1;0;0;0;1;1;1;0;1;0;0;0;0;1;0;0;0;0;0;0;0;0
280510905000007;8;409;409;107;64;95;66;5;0;20;3;13;1;25;2;7;1;0;0;0;0;0;5;1;0;1;0;0;0;0;0;0;1;1;1;5;3;8;6;9;9;15;13;6;12;9;9;9;10;13;8;11;4;7;3;7;5;6;10;8;7;7;3;7;4;4;6;3;7;7;8;8;3;8;8;5;3;4;6;3;3;6;3;6;4;4;1;4;3;4;2;3;0;0;6;4;3;2;3;1;3;1;4;1;2;0;2;0;1;3;2;2;0;0;1;0;0;2;0;0;0;0;0;1;0;0;0;0;0;0;1;0;0;0;0
280510905000008;8;402;402;103;67;136;48;0;3;4;0;24;3;3;1;9;0;1;0;0;0;0;4;0;1;0;0;1;0;1;1;0;0;0;0;8;4;8;4;6;11;5;12;13;9;8;12;11;15;11;10;8;8;3;8;5;7;9;5;6;4;4;2;3;7;5;8;6;5;2;10;7;4;4;2;7;7;2;6;4;6;5;5;4;4;5;5;4;4;4;2;3;0;1;2;2;1;1;4;3;2;2;4;0;3;2;0;1;0;1;1;1;0;0;1;2;1;0;0;1;1;0;1;0;0;0;0;0;1;0;1;1;0;1;0
280510905000009;8;548;547;137;92;161;85;7;3;4;1;34;1;12;0;7;0;1;0;2;1;0;12;0;0;0;0;2;2;1;1;1;0;3;2;8;10;9;8;12;12;16;7;13;19;17;14;11;13;17;12;18;18;6;7;7;10;9;5;11;9;6;4;8;2;7;7;7;5;9;6;9;13;7;10;11;6;2;6;11;5;8;5;1;7;1;3;2;6;4;3;2;4;0;4;4;3;4;4;3;1;3;2;1;3;2;1;3;1;2;0;2;0;0;0;0;0;3;0;0;1;0;2;0;1;0;0;0;0;0;1;0;0;0;0
280510905000010;8;493;481;126;91;173;35;6;9;2;0;37;0;6;0;6;0;2;0;0;0;0;2;1;0;0;0;1;0;0;0;0;0;0;0;11;7;13;14;14;9;7;10;7;6;14;17;15;9;8;10;10;13;8;10;5;11;8;8;12;6;7;5;9;6;4;6;10;10;0;7;8;5;2;3;8;5;9;6;6;6;5;5;3;6;2;9;1;8;2;4;5;5;4;2;3;2;3;2;1;3;3;1;4;3;4;1;1;2;1;1;0;1;3;1;1;0;1;0;0;2;1;0;0;0;0;0;0;1;0;0;0;0;0;0
280510905000011;1;771;768;216;143;236;107;12;5;4;0;25;1;9;0;11;2;0;0;0;0;0;15;1;0;2;0;2;0;2;1;1;2;4;0;13;15;14;17;17;12;15;17;14;21;17;23;16;20;22;24;19;12;10;14;16;11;10;9;14;6;20;9;19;16;16;12;12;13;23;11;9;10;13;11;10;7;7;8;5;11;4;6;7;12;9;5;5;6;2;2;2;8;3;1;0;4;9;2;4;3;2;2;0;5;2;1;0;3;1;1;0;1;0;0;0;1;0;0;0;0;0;0;0;2;0;0;0;0;0;1;0;0;0;0
280510905000012;1;692;692;200;104;152;146;4;8;1;0;54;3;8;1;9;2;0;0;0;0;0;12;1;1;0;2;0;3;0;0;1;2;2;0;11;6;12;16;19;20;7;19;16;13;16;9;14;12;12;16;16;12;16;15;12;11;19;16;15;14;14;11;9;11;11;6;9;11;7;7;5;8;3;9;6;7;6;6;4;7;9;4;7;11;6;10;4;8;5;6;6;5;10;2;3;3;3;2;3;4;5;2;2;3;5;2;0;4;6;1;1;2;0;3;0;3;1;2;0;1;0;0;1;2;1;1;0;0;0;0;0;0;0;0
280510905000013;1;589;589;149;75;130;103;5;3;35;4;27;0;38;2;15;3;0;0;0;0;0;7;0;0;1;1;0;1;1;1;0;1;0;1;10;10;8;16;11;12;10;8;7;13;17;18;20;16;17;18;18;10;15;17;10;11;13;8;11;8;7;3;6;9;7;5;4;9;10;6;6;5;8;12;4;9;8;6;9;4;8;5;6;2;5;2;4;6;4;8;7;8;2;5;5;4;2;1;4;4;2;2;3;2;1;1;1;1;1;0;1;1;0;1;0;2;0;0;0;0;1;0;0;0;0;0;0;0;0;0;0;1;0;0
280510905000014;1;633;633;170;96;152;126;16;7;4;1;37;2;6;0;12;1;0;0;2;1;0;8;0;0;1;1;2;0;1;0;1;0;2;0;14;10;9;14;7;14;15;13;10;17;14;16;12;17;14;16;18;20;8;15;13;16;8;14;10;9;9;6;9;12;13;4;7;4;11;7;5;4;7;12;9;7;11;6;11;10;7;7;6;5;6;7;6;4;6;5;3;5;2;6;3;2;5;2;2;2;2;2;1;2;1;2;2;4;2;1;2;1;2;0;0;1;0;0;0;0;0;0;0;0;0;0;0;0;0;1;0;0;0;1
280520805000001;1;1054;1050;307;181;224;186;9;20;11;2;61;4;21;2;22;4;0;0;0;0;0;17;2;1;0;1;2;1;1;3;0;3;2;1;18;14;11;15;14;11;10;20;21;22;33;11;24;22;14;26;27;25;22;24;28;16;14;25;17;9;18;16;18;20;19;11;13;15;14;8;18;11;11;19;22;11;9;14;12;19;13;12;13;13;11;10;14;4;9;4;6;16;9;8;8;4;7;0;6;7;3;3;5;2;1;3;6;5;6;1;2;3;4;7;2;0;1;1;4;1;2;0;1;3;1;0;1;0;0;0;2;0;0;2
280520805000002;1;990;989;301;192;248;109;18;16;7;3;70;4;6;1;9;5;1;0;0;0;0;17;1;1;1;0;2;2;1;1;1;4;1;2;9;15;12;9;8;12;19;14;24;17;14;13;14;19;19;12;21;13;19;22;26;14;21;23;21;15;13;16;9;14;24;10;11;9;12;17;9;13;11;22;14;13;15;9;11;16;13;8;22;9;11;10;16;7;8;12;6;13;7;10;11;11;4;10;8;4;6;4;3;10;5;6;1;4;5;1;5;5;2;1;2;1;1;2;3;2;5;0;0;3;1;0;0;0;1;0;0;0;1;0
280520805000003;1;648;643;212;113;128;95;18;12;5;2;41;0;8;1;11;0;2;0;0;0;0;10;0;2;2;1;2;0;0;0;1;0;1;1;7;9;17;7;11;8;15;10;4;11;12;11;11;18;12;13;13;8;11;13;9;18;15;6;8;12;11;14;11;12;7;8;16;7;7;12;8;7;2;10;9;11;9;9;3;3;8;4;4;6;6;5;6;4;13;7;3;7;5;8;3;9;4;3;4;9;6;6;2;3;1;3;4;2;1;3;1;3;0;2;1;5;0;0;1;2;2;0;2;1;0;1;0;3;0;0;0;0;0;0
280520805000004;8;301;301;82;60;84;32;6;4;3;0;22;2;4;0;1;0;1;0;0;0;0;3;0;0;0;0;0;0;1;0;1;0;1;0;6;6;7;6;7;5;6;3;7;10;4;7;8;5;6;4;4;3;5;1;3;6;9;7;5;2;5;7;2;5;1;5;1;2;4;7;6;3;2;1;4;5;3;3;4;1;1;4;4;3;1;0;2;3;4;3;2;1;4;7;3;6;6;3;5;5;2;0;2;0;1;0;0;1;0;2;0;0;0;1;0;0;2;0;1;1;1;0;0;0;0;1;0;1;2;0;0;0;0;0
280520805000005;8;482;482;139;100;171;32;0;7;1;0;18;0;0;1;11;2;0;0;0;0;0;4;1;0;0;1;0;0;0;0;0;0;0;2;7;4;10;5;9;11;4;9;7;9;8;15;6;11;12;9;7;7;10;10;12;6;6;5;4;4;5;4;11;9;7;14;8;5;8;8;10;8;7;6;4;11;3;8;8;9;3;6;5;3;4;7;7;8;5;6;4;4;0;5;2;4;1;3;3;3;2;0;3;3;3;3;6;1;3;2;0;0;3;2;2;0;0;0;0;1;1;0;0;0;0;0;0;0;0;0;0;0;0;0
280520805000006;8;270;268;71;53;93;23;5;3;1;0;17;0;1;1;2;0;0;0;0;0;0;5;0;0;1;1;1;0;0;1;0;1;0;0;2;2;6;3;6;3;8;3;5;10;4;6;4;8;4;4;7;5;4;7;9;4;2;4;7;6;4;5;6;8;3;4;2;2;3;0;2;3;4;3;2;2;1;6;5;3;1;2;2;0;3;1;4;6;4;2;2;4;3;0;0;0;0;0;1;1;4;1;3;4;2;1;1;2;1;1;0;0;0;0;1;0;1;1;1;1;0;1;0;0;0;0;0;2;0;0;0;0;0;0
280520805000007;8;601;601;190;143;182;40;3;8;2;2;22;0;5;0;3;1;0;0;0;0;0;10;1;1;0;0;1;3;0;2;1;0;1;0;10;6;9;7;8;13;11;11;9;9;18;11;14;9;10;5;13;8;11;12;12;7;18;4;10;10;16;10;8;13;6;9;10;6;6;11;9;10;8;15;8;4;10;10;11;8;8;4;7;5;6;4;5;3;5;6;4;4;3;4;3;5;3;10;7;5;7;5;4;2;3;1;0;1;0;1;1;0;0;3;1;1;1;1;1;1;0;0;0;1;1;0;0;0;0;0;0;1;0;0
280520805000008;8;183;183;57;43;54;8;2;1;3;1;10;0;2;0;2;0;0;0;0;0;0;5;1;0;0;0;1;0;2;0;0;1;0;0;3;1;4;2;3;4;2;4;3;5;4;4;3;1;5;1;4;4;4;3;2;3;4;3;3;2;2;5;2;4;4;7;0;3;1;2;2;1;5;2;3;3;0;3;1;2;2;0;0;0;3;1;0;1;2;3;2;1;1;1;2;5;2;1;2;1;1;1;0;0;2;0;1;1;1;0;0;2;0;0;0;2;0;1;1;0;1;1;0;0;0;0;0;0;0;0;0;0;0;0
280520805000009;4;466;466;143;100;105;45;26;6;0;0;26;0;7;0;5;2;1;0;0;0;0;11;1;0;1;5;0;0;1;0;1;1;0;1;14;8;6;13;7;9;10;9;7;5;13;8;11;6;8;9;11;9;3;12;7;6;9;8;9;9;11;8;8;4;2;8;8;5;9;10;7;6;7;5;2;8;3;4;6;4;7;0;6;6;4;5;3;5;10;3;4;4;2;2;7;1;3;5;6;3;1;1;2;3;1;2;0;0;3;0;1;2;0;0;0;1;0;1;0;0;0;0;0;0;0;0;0;0;0;0;0;0;0;0
280520805000010;5;351;351;78;62;115;33;4;10;0;0;39;0;1;0;9;0;0;0;0;0;0;1;0;0;0;1;0;0;0;0;0;0;0;0;9;7;12;5;9;10;7;7;8;14;9;6;12;7;10;3;7;4;4;8;6;6;6;7;5;12;4;9;6;8;4;3;10;4;7;11;4;3;3;3;0;1;1;1;2;0;2;0;4;1;1;3;3;5;0;4;3;0;7;6;4;2;5;1;2;4;3;1;3;1;0;0;0;0;0;0;0;1;0;0;0;0;0;0;0;0;0;0;0;0;0;0;0;0;0;0;0;0;0;0
280520805000011;1;627;627;179;113;183;71;20;7;0;1;39;3;2;0;7;1;1;0;0;0;0;10;4;0;0;2;1;0;1;0;0;2;0;0;5;19;7;7;13;14;15;14;15;17;15;12;21;15;18;23;5;20;5;11;12;4;8;12;2;9;8;10;20;9;14;12;11;9;10;2;8;12;8;13;12;8;11;6;12;8;4;3;4;6;1;7;6;3;5;6;4;2;2;4;3;2;3;1;5;1;4;1;3;0;1;0;2;1;0;0;4;2;2;2;0;0;1;0;1;0;0;0;0;0;0;0;0;0;0;0;0;0;0;0
280530705000001;1;1253;1249;331;221;356;163;20;17;9;1;85;2;12;1;21;4;7;0;3;0;0;26;1;2;4;0;1;1;1;2;3;3;3;5;24;30;23;25;27;32;25;22;24;24;31;47;41;21;28;29;21;19;25;26;18;15;25;20;33;27;23;18;15;14;23;20;18;21;20;20;20;16;22;15;18;13;13;12;7;15;14;12;10;13;14;10;9;7;7;8;6;7;5;3;6;7;3;5;9;7;2;1;2;2;4;4;1;1;2;1;1;0;5;1;2;1;1;1;2;0;2;3;0;0;0;0;0;0;1;0;0;0;0;0
280530705000002;1;1060;1060;282;199;315;119;25;11;4;2;67;4;11;1;10;3;6;0;1;0;0;15;2;1;0;2;1;0;1;1;0;2;1;4;21;14;16;15;13;17;22;11;13;19;12;19;25;30;26;31;21;23;26;20;22;32;22;21;22;20;20;17;15;22;14;16;21;7;22;13;14;16;14;25;11;9;11;9;20;12;11;7;11;11;6;12;6;11;9;10;7;9;9;5;2;4;2;4;6;4;4;1;6;4;2;4;5;2;2;4;3;3;0;3;0;1;2;5;3;0;2;0;0;1;0;0;0;0;1;0;0;0;0;0
280530705000003;1;1048;1037;259;189;280;126;14;22;9;3;80;8;16;0;12;15;3;0;1;0;0;27;1;3;4;4;2;0;0;4;1;3;2;3;24;13;18;23;29;14;34;23;12;28;29;21;20;25;15;28;21;21;10;28;25;29;18;28;14;14;20;18;20;21;14;10;14;19;13;10;23;12;16;15;22;8;9;15;8;17;16;9;10;13;1;9;5;4;5;7;6;4;5;6;2;4;5;2;5;3;2;3;3;4;1;1;1;1;3;2;1;2;1;0;0;3;1;0;0;0;0;0;0;1;0;0;0;1;0;1;0;0;0;0
280530705000004;1;736;736;176;103;132;73;2;7;59;5;60;2;61;4;50;2;0;0;0;0;0;11;3;2;0;1;0;2;1;1;0;0;1;0;21;15;3;14;11;10;9;8;14;9;8;12;22;16;8;12;7;16;16;16;16;23;22;19;20;15;18;16;14;5;11;14;8;7;7;9;7;11;7;7;5;13;10;6;8;10;10;9;8;13;9;4;6;6;7;8;4;5;4;2;5;3;5;5;9;6;4;3;1;3;3;4;4;2;1;1;2;1;1;4;0;2;0;1;1;0;1;0;0;0;0;0;0;0;0;2;0;0;0;1
280530705000005;1;809;809;204;153;240;93;39;9;1;2;54;2;3;0;7;1;1;0;0;0;0;10;0;1;0;1;1;0;1;2;0;1;2;1;22;16;22;27;22;20;22;17;14;21;16;16;25;20;22;20;10;11;12;12;15;17;16;16;18;19;15;19;11;18;11;19;13;8;13;10;12;12;6;7;10;10;6;7;10;5;12;8;4;11;6;3;1;10;6;3;1;4;4;5;0;2;4;1;3;1;3;2;0;3;1;1;2;1;2;0;1;1;1;2;0;0;0;0;0;0;0;0;0;0;0;0;0;0;0;0;0;0;0;0
280530705000006;8;85;"X";"X";"X";"X";"X";"X";"X";"X";"X";"X";"X";"X";"X";"X";"X";"X";"X";"X";"X";"X";"X";"X";"X";"X";"X";"X";"X";"X";"X";"X";"X";"X";"X";"X";"X";"X";"X";"X";"X";"X";"X";"X";"X";"X";"X";"X";"X";"X";"X";"X";"X";"X";"X";"X";"X";"X";"X";"X";"X";"X";"X";"X";"X";"X";"X";"X";"X";"X";"X";"X";"X";"X";"X";"X";"X";"X";"X";"X";"X";"X";"X";"X";"X";"X";"X";"X";"X";"X";"X";"X";"X";"X";"X";"X";"X";"X";"X";"X";"X";"X";"X";"X";"X";"X";"X";"X";"X";"X";"X";"X";"X";"X";"X";"X";"X";"X";"X";"X";"X";"X";"X";"X";"X";"X";"X";"X";"X";"X";"X";"X";"X";"X";"X"
280530705000007;5;422;410;120;77;84;51;0;4;25;2;20;1;22;2;14;0;0;0;0;0;0;3;0;0;0;1;0;0;0;1;0;0;1;0;9;8;6;9;6;3;5;10;7;10;7;10;6;7;12;5;5;7;12;2;9;6;9;9;12;7;10;9;9;7;6;6;4;13;7;6;6;5;7;5;2;11;7;5;4;2;2;6;5;3;3;4;1;2;3;5;2;3;3;4;4;3;4;1;3;5;4;3;2;0;0;1;0;0;1;0;1;0;1;0;0;1;0;0;1;1;3;1;1;0;0;1;1;0;0;0;0;0;0;1
280530705000008;5;257;257;72;41;52;42;1;2;10;0;21;0;7;0;3;6;0;0;0;0;0;3;0;0;0;1;0;0;1;1;0;0;0;0;5;6;7;9;4;8;3;5;1;5;5;8;9;5;10;6;8;5;5;3;4;5;6;5;2;3;6;1;6;5;6;1;5;3;5;3;3;3;4;5;1;4;4;2;4;1;1;2;4;3;2;0;2;2;1;4;1;1;4;4;0;1;0;1;0;1;2;0;0;0;1;0;0;1;0;0;1;0;0;0;0;0;0;0;0;0;0;0;1;0;0;0;0;0;0;0;0;0;0;0
280530705000009;7;295;295;80;56;93;31;5;3;1;0;8;2;1;0;8;7;0;0;0;0;0;5;0;1;0;2;0;0;0;0;1;0;0;1;8;12;6;13;7;4;6;13;11;3;6;5;9;9;9;5;11;4;6;9;3;7;8;3;6;6;8;2;4;5;3;2;1;5;3;1;3;2;1;0;3;3;3;5;5;6;0;3;1;3;2;1;1;0;0;2;1;0;0;4;0;3;0;1;2;1;1;0;0;0;1;1;0;1;2;0;2;1;0;1;0;1;0;0;0;0;0;0;0;0;0;0;0;0;0;0;0;0;0;0
280530705000010;5;210;210;61;37;50;22;0;1;14;0;9;0;9;1;6;0;0;0;0;0;0;1;0;0;0;1;0;0;0;0;0;0;0;0;2;4;5;4;4;5;2;8;5;5;4;3;7;7;6;3;0;8;2;3;4;2;3;2;4;3;5;5;6;2;0;5;1;2;2;1;5;0;1;2;2;2;4;0;4;2;4;3;5;0;0;2;0;2;0;3;4;0;0;1;0;1;1;2;1;0;2;0;0;3;4;3;1;0;2;2;1;1;2;1;1;1;0;0;0;0;0;0;0;0;0;0;0;0;0;0;0;0;0;0
280530705000011;8;192;192;64;37;41;24;10;1;0;0;11;0;2;0;0;2;0;0;0;0;0;4;0;0;1;0;0;0;0;0;0;0;1;2;5;6;2;4;4;2;7;0;3;2;2;6;4;4;2;3;5;2;3;5;7;5;6;5;3;1;3;4;5;1;1;4;1;1;1;1;1;1;3;2;1;3;3;1;1;0;2;4;3;3;3;0;1;0;4;1;1;1;3;2;3;2;3;1;4;2;1;0;1;0;1;0;0;1;0;1;1;0;1;2;0;0;0;0;0;0;0;0;0;0;0;0;0;0;0;0;0;0;0;0
280530705000012;8;436;436;119;72;151;20;0;1;14;2;17;1;23;0;8;8;0;0;0;0;0;1;0;0;0;0;0;1;0;0;0;0;0;0;8;6;6;9;6;12;9;6;9;11;18;7;13;5;13;7;17;9;14;11;5;10;9;6;5;5;6;7;6;3;4;5;12;1;4;11;7;6;6;2;5;8;4;8;7;5;4;6;5;5;1;5;4;1;4;3;4;3;3;2;3;3;4;2;2;5;2;3;0;2;3;1;0;0;1;0;1;0;0;0;0;0;0;0;0;0;0;0;0;0;0;0;0;0;0;0;0;0;0;0
280530705000013;5;435;435;113;85;159;24;11;3;1;1;32;0;3;0;3;0;0;0;0;0;0;4;0;1;1;0;0;1;0;0;0;1;0;0;10;8;6;18;5;15;11;7;8;10;14;13;13;11;15;8;8;11;11;6;6;7;6;11;10;5;7;9;5;7;8;2;6;2;6;4;2;6;2;4;4;8;4;4;1;5;3;2;3;5;2;2;1;1;2;2;3;4;2;4;4;1;1;2;2;3;0;0;2;6;2;1;1;3;0;0;1;3;3;2;1;3;1;0;0;0;1;2;0;0;0;0;0;0;1;0;0;0;0;0
280530705000014;8;104;104;28;18;41;7;0;1;0;1;4;0;2;0;2;0;0;0;0;0;0;3;0;1;0;0;0;0;0;1;0;0;1;0;0;2;2;2;3;1;0;3;4;3;2;0;3;4;4;2;4;1;3;3;4;0;2;3;1;3;0;2;2;1;3;1;2;1;1;0;2;3;0;1;1;1;1;0;0;2;2;2;0;0;1;2;0;0;0;1;0;0;1;0;1;1;1;0;1;0;0;0;0;0;0;1;0;1;1;0;0;0;0;0;0;1;0;0;0;0;0;1;0;0;0;0;0;0;0;0;0;0;0;0
280530705000015;5;175;175;43;33;75;12;3;1;1;0;5;0;0;0;1;0;1;0;0;0;0;2;0;0;1;0;0;0;0;0;1;0;0;0;3;3;4;3;5;1;5;2;4;1;6;1;5;6;3;5;3;6;5;5;3;2;2;4;3;6;3;5;4;4;3;1;1;4;4;2;4;2;1;0;0;2;3;1;1;2;1;3;1;4;1;1;1;1;0;1;1;1;0;1;1;0;0;1;0;3;1;1;1;1;1;0;0;0;1;1;0;0;0;0;0;0;1;0;0;0;0;0;0;0;0;0;0;0;0;0;0;0;0;0
280530705000016;8;304;304;77;60;97;26;4;8;1;0;24;2;0;1;3;0;1;0;0;0;0;5;0;1;0;2;0;0;1;0;0;0;1;0;8;8;5;10;12;8;6;5;3;3;11;11;9;11;10;6;5;3;11;3;7;7;3;6;4;4;5;4;7;5;2;3;3;2;5;3;3;3;5;3;5;3;3;3;1;1;3;1;2;3;2;2;1;0;6;3;1;1;2;1;2;1;1;2;2;0;2;0;1;0;0;0;1;4;0;4;2;1;0;0;0;0;0;0;0;0;0;0;0;0;0;0;0;0;0;0;0;0;0;0
280530705000017;7;195;189;61;31;45;37;7;3;0;1;8;0;0;0;2;0;0;0;0;0;0;2;0;0;1;0;0;1;0;0;0;0;0;0;5;3;4;8;6;5;7;1;3;2;5;6;2;4;6;6;3;3;5;4;3;2;1;4;3;2;3;1;2;5;3;2;2;3;4;2;5;3;4;4;1;3;2;3;1;1;0;1;2;3;1;0;2;3;1;2;0;1;1;2;0;0;0;1;2;1;1;0;0;1;1;1;0;2;1;2;1;0;1;0;0;0;1;1;0;0;0;0;0;0;0;0;0;0;0;0;0;0;0;0
280530705000018;5;351;351;108;61;86;59;0;4;2;2;22;0;2;0;4;0;1;0;0;0;0;6;1;0;1;0;1;0;0;1;0;2;0;0;5;4;4;1;7;3;6;6;7;5;12;12;10;10;8;10;4;9;7;5;6;9;1;5;8;7;2;6;7;3;4;4;4;7;3;5;2;4;0;3;3;8;8;2;2;4;6;6;6;5;2;3;3;6;6;3;2;2;1;3;1;3;1;1;0;2;2;0;3;3;1;0;1;4;2;1;3;2;1;0;2;1;1;1;1;2;0;0;0;0;0;0;0;0;0;0;0;0;0;0
280530705000019;8;2;"X";"X";"X";"X";"X";"X";"X";"X";"X";"X";"X";"X";"X";"X";"X";"X";"X";"X";"X";"X";"X";"X";"X";"X";"X";"X";"X";"X";"X";"X";"X";"X";"X";"X";"X";"X";"X";"X";"X";"X";"X";"X";"X";"X";"X";"X";"X";"X";"X";"X";"X";"X";"X";"X";"X";"X";"X";"X";"X";"X";"X";"X";"X";"X";"X";"X";"X";"X";"X";"X";"X";"X";"X";"X";"X";"X";"X";"X";"X";"X";"X";"X";"X";"X";"X";"X";"X";"X";"X";"X";"X";"X";"X";"X";"X";"X";"X";"X";"X";"X";"X";"X";"X";"X";"X";"X";"X";"X";"X";"X";"X";"X";"X";"X";"X";"X";"X";"X";"X";"X";"X";"X";"X";"X";"X";"X";"X";"X";"X";"X";"X";"X";"X"
280540605000001;1;746;746;197;125;188;89;5;20;5;0;83;5;14;1;8;1;3;0;2;0;0;9;0;0;3;0;1;1;0;0;2;1;1;0;18;12;9;13;16;12;14;7;9;21;7;9;8;18;11;20;12;17;12;10;17;12;15;11;19;14;15;15;13;13;8;12;9;8;7;16;11;6;7;9;5;13;15;12;9;9;9;6;3;13;4;7;5;7;10;6;8;6;3;4;6;9;6;5;3;4;5;0;2;8;3;1;3;4;3;2;1;2;3;2;2;1;0;3;3;3;0;1;0;2;0;1;1;0;2;0;0;0;0;0
280540605000002;1;1077;1072;300;203;321;128;13;7;5;4;70;2;7;0;12;1;3;0;0;0;1;19;2;0;1;3;3;2;1;0;2;3;2;0;17;16;18;11;23;31;25;16;25;25;26;23;24;21;23;19;22;22;23;15;20;20;19;15;18;18;19;17;13;21;17;22;14;20;15;17;17;15;11;11;16;16;9;9;9;10;7;13;7;13;12;11;12;8;6;7;7;4;5;10;4;11;3;7;7;8;4;2;3;5;5;3;1;5;3;4;3;2;2;2;0;2;1;2;3;0;2;1;4;0;0;2;1;0;0;0;0;0;0;1
280540605000003;1;965;965;267;177;275;122;8;17;8;2;59;1;9;2;8;0;10;0;0;0;0;17;0;0;3;1;2;2;1;2;1;1;2;2;26;10;22;12;19;22;16;29;21;15;13;15;15;19;20;24;24;25;22;20;20;24;19;24;14;16;19;11;12;24;14;14;10;16;17;17;10;19;13;11;17;13;9;10;10;8;5;12;12;9;9;2;3;3;3;7;8;4;2;8;6;8;7;0;3;1;5;2;5;2;6;2;2;5;2;1;0;4;3;2;1;2;0;0;0;1;0;0;1;1;2;2;1;0;0;1;0;1;1;1
280540605000004;1;1035;1023;275;206;330;116;7;19;6;2;51;0;11;1;9;2;0;0;0;0;0;14;2;2;0;1;1;4;0;0;1;0;1;2;25;15;14;22;17;22;16;22;29;22;19;21;25;24;33;19;17;24;13;18;21;19;15;17;30;15;14;15;13;21;23;17;15;15;18;15;11;9;12;10;14;15;20;9;12;14;10;10;14;11;6;8;5;5;10;5;8;7;5;3;6;5;4;5;7;6;7;3;4;4;2;3;3;2;4;3;4;2;2;2;1;1;0;1;1;1;2;0;0;0;0;0;0;2;1;0;0;0;0;0
280540605000005;1;1125;1123;308;226;365;104;29;8;8;4;37;3;17;0;12;1;3;0;0;0;0;34;4;4;4;4;4;3;0;3;3;1;2;2;32;23;20;35;28;26;41;18;18;39;22;30;25;22;22;25;27;19;31;16;21;23;31;20;25;20;28;12;18;19;12;18;11;16;17;17;16;16;16;12;9;6;9;10;8;10;11;9;9;3;6;10;4;8;5;5;4;2;1;6;4;5;5;4;1;1;3;2;6;4;2;7;0;0;4;2;4;0;1;4;0;1;0;0;0;0;1;1;1;2;1;1;0;2;0;0;0;0;0;0
280540605000006;1;309;309;83;65;104;33;0;1;0;1;14;0;4;0;3;1;0;0;0;0;0;2;0;0;0;0;0;0;0;0;1;0;0;1;4;8;5;2;6;3;5;4;5;5;9;4;7;7;10;7;8;6;6;7;5;8;6;7;4;2;8;7;3;2;5;5;5;7;4;8;6;2;4;0;3;9;6;9;7;5;0;3;4;3;1;1;2;3;1;1;1;3;1;2;1;1;0;3;0;3;1;5;0;1;1;0;2;2;0;0;0;0;3;0;0;0;1;0;0;0;0;1;0;0;0;1;0;0;0;0;0;0;0;0
280540605000007;1;789;789;219;149;240;92;4;14;0;2;47;0;2;0;17;1;2;0;0;0;0;2;0;0;0;0;0;0;0;1;0;0;0;1;12;12;10;17;15;16;12;14;18;17;12;16;12;15;20;14;16;16;15;13;12;13;12;23;6;10;12;13;13;15;7;16;12;12;12;8;14;18;13;10;7;2;7;9;10;9;13;11;9;6;8;9;6;7;10;5;9;9;5;7;3;6;6;4;6;5;5;8;5;9;0;0;1;3;1;3;0;3;1;0;3;0;2;2;1;2;0;0;1;0;1;1;2;1;1;0;0;0;0;0
280540605000008;5;351;351;91;69;132;27;1;5;8;0;9;0;8;0;1;0;0;0;0;0;0;4;1;0;1;0;0;1;0;0;1;0;0;0;10;10;7;6;10;11;5;7;7;9;6;7;7;8;10;6;4;7;11;7;6;9;7;6;15;5;4;3;4;8;5;2;3;2;7;7;1;1;2;5;4;3;4;2;8;4;6;3;1;4;3;3;2;4;1;4;1;0;0;4;3;1;1;3;3;3;1;0;0;0;1;0;1;2;0;0;1;0;0;2;1;1;0;1;0;1;0;0;0;0;1;0;0;1;1;0;0;0;0;0
280540605000009;8;804;804;198;158;343;64;13;2;1;0;19;0;1;0;2;0;0;0;2;1;0;13;0;0;2;1;1;3;1;1;1;3;0;0;20;19;19;27;28;18;24;17;21;18;23;19;18;23;24;24;21;26;14;9;11;13;7;14;8;9;11;15;10;12;11;17;18;7;13;7;9;10;8;8;13;10;11;8;8;7;8;4;7;6;3;5;9;4;3;3;8;2;1;2;2;4;2;2;4;3;4;1;2;2;1;2;0;0;1;0;1;0;1;2;2;1;0;0;0;0;0;0;0;1;0;0;0;0;1;0;0;0;0;0
280540605000010;5;473;473;124;85;172;39;1;2;4;2;32;0;2;0;7;0;2;0;1;0;0;6;0;0;1;0;0;0;3;0;1;0;1;0;13;2;8;6;7;9;8;8;8;9;6;7;12;19;8;6;6;12;5;11;13;7;9;15;7;14;11;9;7;5;2;6;10;8;6;1;4;4;2;11;4;4;3;4;2;1;2;2;3;3;2;5;2;5;5;9;2;5;4;1;3;5;5;6;6;3;5;2;1;1;3;1;1;3;2;1;2;2;1;4;1;2;1;2;4;0;1;1;0;1;1;2;2;2;0;0;0;0;1;0
280540605000011;8;619;619;164;131;237;51;7;0;7;0;8;0;4;0;9;0;1;0;0;0;0;10;1;0;1;0;2;1;2;0;1;0;1;1;14;10;17;12;14;16;10;8;13;15;20;17;11;14;17;14;23;18;17;15;15;12;8;11;12;8;7;6;14;12;13;6;7;7;6;4;7;9;6;7;8;5;4;11;10;11;5;3;5;4;1;6;3;1;7;2;5;1;4;1;4;2;6;1;3;4;3;1;3;0;3;1;1;0;1;0;0;2;2;0;0;1;0;0;0;0;0;0;0;1;0;0;0;0;0;0;0;0;0;1
280540605000012;8;456;456;120;89;141;67;6;4;0;0;19;0;5;0;5;0;0;0;0;0;0;9;2;0;2;1;0;0;1;1;1;0;0;1;9;8;5;11;14;7;11;6;12;14;15;13;15;12;12;6;11;15;18;8;4;10;5;1;12;8;5;9;8;6;7;5;7;6;3;2;3;5;4;7;3;7;4;5;3;3;3;7;5;2;3;6;3;3;5;1;6;0;1;4;2;5;2;0;2;1;1;4;0;4;0;2;1;2;0;0;3;0;1;0;0;0;0;0;0;1;0;0;0;1;0;0;0;1;0;0;0;0;0;1
280540605000013;5;969;969;263;166;294;133;3;6;12;1;39;0;17;0;12;3;19;0;1;0;0;28;3;2;2;2;3;4;3;2;3;1;1;2;24;18;22;15;26;25;24;15;16;28;18;15;25;16;21;17;21;15;15;18;17;27;21;25;30;16;23;19;17;19;12;11;18;13;16;12;10;9;8;11;8;9;6;4;8;7;10;4;5;6;9;5;6;5;10;12;3;4;4;6;4;7;2;5;3;6;5;2;3;3;3;4;1;3;0;2;1;3;2;6;0;1;1;1;0;3;0;1;3;2;0;2;1;0;0;1;1;0;0;0
280540605000014;5;897;897;251;160;252;117;16;10;3;0;54;5;7;0;12;8;1;1;0;0;0;14;2;1;5;1;2;1;0;1;0;0;1;0;29;21;17;21;22;23;18;14;21;28;25;26;28;16;16;13;16;17;19;18;16;20;22;11;15;18;14;14;10;14;17;18;5;17;15;11;9;10;8;14;9;13;9;9;7;5;4;3;4;7;8;2;3;3;4;3;8;7;5;1;6;7;3;7;4;4;4;6;3;7;2;2;1;6;0;3;1;0;3;1;3;0;0;0;2;0;0;1;1;2;0;0;1;1;1;1;0;0;0;0
280540605000015;5;296;296;90;52;71;64;0;0;2;3;9;0;2;0;1;2;0;0;0;0;0;6;0;1;0;1;0;1;0;0;0;2;0;1;5;5;6;6;2;8;7;4;5;10;11;8;5;8;3;6;7;4;5;10;5;5;8;1;3;2;5;3;5;4;5;7;5;4;4;1;6;1;2;7;3;7;4;5;9;3;9;3;2;0;1;3;0;3;2;3;1;0;0;2;1;3;0;1;0;1;1;0;0;3;0;0;0;1;0;0;1;0;1;1;2;0;1;0;0;1;1;2;0;0;0;1;0;0;0;0;0;0;0;0
280540605000016;8;1188;1188;303;237;424;163;1;11;0;1;39;4;1;0;1;1;2;0;0;0;0;14;0;3;1;0;0;2;1;2;2;1;1;1;29;28;18;35;25;30;25;32;25;34;47;29;20;25;20;29;21;26;19;31;30;19;22;20;17;25;15;28;23;26;27;26;11;15;12;31;15;15;13;12;11;9;10;13;7;13;6;7;11;12;2;5;4;12;7;8;5;6;4;5;2;12;6;0;6;7;6;5;0;3;3;3;1;1;0;2;1;1;1;0;1;2;0;1;1;0;1;0;0;0;0;0;0;0;0;0;0;0;1;0
280540605000017;8;70;70;18;13;18;11;5;2;0;0;2;0;1;0;0;0;0;0;0;0;0;5;0;1;0;0;0;1;1;0;1;1;0;0;1;4;2;0;1;0;3;2;1;3;1;5;0;3;2;1;3;2;0;2;1;1;1;5;0;0;0;3;0;0;0;0;1;1;1;0;0;1;1;2;1;0;0;1;1;0;0;0;1;1;0;1;1;1;0;1;0;0;0;0;0;0;1;0;0;0;0;0;0;0;0;1;0;0;0;0;0;0;0;0;0;0;0;0;0;0;0;0;0;0;0;0;0;0;0;0;0;0;0;0
280540605000018;8;610;567;165;131;232;31;4;6;1;0;27;1;4;0;7;0;1;0;0;0;0;20;0;2;2;0;2;3;2;2;1;1;1;4;13;8;12;12;19;15;11;12;10;11;15;16;14;14;17;10;9;23;7;8;13;8;10;8;11;10;9;9;4;16;9;9;11;5;11;10;10;6;5;15;6;7;4;5;4;10;8;1;5;7;6;6;4;5;2;4;5;3;2;8;5;3;2;4;1;3;2;2;0;2;0;3;3;3;1;1;1;1;2;1;0;0;1;0;0;1;0;0;0;1;0;0;0;0;0;0;0;0;0;0
280540605000019;8;1363;1292;312;245;489;135;35;11;10;1;96;1;10;0;15;2;1;0;0;0;0;18;1;2;1;1;2;1;2;2;0;3;1;2;21;26;23;26;29;32;31;41;32;45;42;26;44;42;40;41;34;32;36;34;31;26;17;22;27;19;14;17;19;12;15;11;17;16;21;14;15;12;7;20;8;11;16;23;12;11;17;13;16;19;14;9;10;9;10;6;9;6;7;9;2;8;7;5;7;3;8;3;5;3;3;2;3;3;1;1;0;1;1;0;2;2;0;3;1;1;0;0;0;1;1;0;1;0;1;1;0;0;0;1
280540605000020;8;843;843;201;168;312;69;16;13;2;3;43;1;3;0;5;6;1;0;0;0;0;22;2;2;1;2;5;3;3;2;0;1;0;1;16;16;20;18;17;26;24;25;27;13;26;15;26;16;20;27;17;14;16;13;16;14;14;14;21;15;15;13;18;11;9;8;9;12;11;15;15;12;7;12;9;7;12;7;7;4;2;4;9;4;6;11;3;5;10;2;2;6;6;3;3;5;2;3;5;7;2;4;1;2;4;1;4;0;0;1;1;0;1;1;1;0;0;0;0;1;0;0;0;0;0;0;0;0;0;0;0;0;0;0
280540605000021;8;771;743;173;137;314;53;14;14;5;0;38;0;4;0;14;0;5;0;0;0;0;14;1;2;1;1;1;1;1;0;1;2;3;0;12;19;13;15;20;19;20;20;22;18;22;18;21;24;20;17;26;22;23;14;16;11;14;14;15;8;8;11;13;7;5;13;8;8;16;8;7;6;5;11;7;7;10;10;9;8;8;7;1;8;5;0;6;8;5;8;4;10;4;7;4;4;1;5;4;0;2;2;3;2;0;1;1;1;0;0;0;1;0;2;0;0;0;0;0;0;0;0;0;0;1;0;1;0;0;0;1;0;0;0
280540605000022;8;546;543;132;110;213;21;19;2;6;0;20;1;7;2;10;1;1;0;1;0;0;9;1;2;1;1;1;0;0;0;0;1;0;2;13;10;14;14;9;17;12;9;14;25;13;15;14;9;11;15;14;5;13;8;12;8;12;11;9;11;7;9;2;9;10;10;9;6;9;7;9;8;3;5;2;6;5;8;6;6;6;2;9;1;5;4;1;4;3;1;2;5;4;2;7;0;4;4;3;0;2;3;1;1;1;1;2;1;1;1;1;0;0;1;0;0;0;0;0;0;1;0;0;0;0;0;0;0;0;0;0;0;0;0
280540605000023;8;1072;1067;253;205;386;96;26;21;3;1;63;1;3;0;4;0;10;0;0;0;0;25;2;1;3;0;3;1;2;3;1;4;3;2;16;18;22;31;28;25;27;31;27;31;30;29;28;27;29;27;27;19;24;27;18;13;18;25;13;20;14;16;16;13;13;14;10;18;7;9;11;8;15;11;10;14;16;15;15;6;11;12;13;12;9;7;5;11;5;10;4;2;4;5;5;1;4;6;7;8;2;1;1;2;2;2;1;1;1;2;1;2;0;1;2;0;0;0;0;0;0;1;0;0;1;0;1;0;1;0;0;0;0;0
280540605000024;8;730;730;188;147;294;58;2;6;2;0;24;1;3;0;4;1;0;0;0;0;0;17;1;2;3;2;3;1;1;0;1;1;1;1;15;20;15;16;21;15;18;17;9;21;25;13;19;19;15;15;15;20;17;13;13;13;18;11;15;6;11;9;8;17;8;9;10;11;4;13;10;4;15;6;5;9;6;6;6;6;8;5;6;2;4;6;6;5;7;3;2;3;2;9;8;6;4;4;4;5;4;2;2;1;0;1;2;1;2;0;0;3;1;1;1;0;2;1;1;0;1;0;0;0;0;0;0;0;1;0;0;0;0;0
280540605000025;5;537;537;148;106;159;78;15;5;1;0;16;1;5;0;2;0;0;0;1;0;0;15;0;1;0;1;1;2;2;0;4;2;1;1;12;10;6;17;8;11;9;10;11;10;13;13;17;18;18;11;11;11;8;14;10;12;12;16;11;10;12;10;3;7;3;7;9;7;8;5;3;8;8;2;6;5;4;8;3;4;5;5;8;2;5;3;2;5;3;3;2;4;3;2;2;4;0;0;1;1;1;2;0;4;2;4;2;1;3;0;0;0;1;1;0;0;0;1;1;1;2;0;0;0;1;0;3;0;0;0;0;0;0;1
280540605000026;5;428;428;125;86;116;54;14;5;0;0;15;0;4;1;7;0;0;0;1;0;0;6;1;1;0;1;0;0;0;0;0;0;3;0;9;6;10;8;9;5;8;6;12;8;14;6;8;11;11;9;7;12;12;6;11;11;6;11;10;6;5;6;8;9;5;5;4;6;8;12;4;6;0;4;5;4;4;2;3;4;7;5;5;3;5;3;3;1;2;0;3;1;0;3;4;2;2;6;1;1;2;0;6;4;2;1;0;3;1;1;1;3;0;1;1;0;1;0;0;0;0;0;1;1;0;0;0;0;0;0;0;0;0;0
280540605000027;5;631;631;166;115;193;80;18;10;0;1;30;1;4;0;9;0;1;0;3;0;0;8;0;1;0;0;2;0;0;0;0;2;2;1;13;12;8;13;15;14;19;10;12;20;21;14;13;17;16;18;14;18;13;18;13;11;14;19;14;3;8;10;9;4;8;7;9;8;13;5;13;11;6;7;7;6;5;6;2;9;5;6;5;2;4;4;4;1;5;5;9;4;1;4;2;1;2;1;1;1;1;2;3;4;2;2;1;1;3;2;1;3;0;2;0;1;0;0;1;0;1;0;0;0;0;0;0;0;0;0;0;0;0;1
280540605000028;5;755;755;209;149;222;102;13;8;0;0;39;1;4;0;5;0;2;0;1;0;0;14;0;0;2;3;4;0;0;3;2;0;0;0;20;19;6;13;18;11;13;12;18;22;14;23;20;12;14;15;25;21;16;19;18;15;13;12;17;18;17;16;14;12;10;14;9;11;7;6;7;13;10;8;12;6;9;11;8;3;3;8;6;7;3;7;2;5;3;1;1;7;3;8;3;4;3;3;5;1;1;3;4;3;1;0;2;2;2;2;1;4;2;1;1;0;0;0;0;2;0;0;0;0;0;0;0;0;0;0;0;0;0;0
280540605000029;8;765;765;194;158;295;61;13;7;2;1;23;0;2;0;2;0;7;0;0;0;0;15;2;0;1;1;1;0;2;1;0;2;3;2;16;11;10;19;22;9;17;26;23;17;24;21;19;27;27;25;14;11;11;15;12;15;10;11;14;9;10;6;12;8;7;11;7;15;9;12;12;12;12;13;8;7;9;14;10;6;7;7;4;6;8;4;7;4;6;5;9;2;6;2;4;3;2;4;2;3;2;3;1;1;1;1;3;0;3;0;0;0;0;1;0;0;0;0;2;0;0;1;0;0;0;0;0;0;1;0;0;0;0;0
280540605000030;8;670;670;167;135;258;36;8;3;6;1;35;0;10;0;6;4;1;0;0;0;0;12;3;3;0;1;0;1;0;0;0;0;3;1;14;5;12;25;11;18;13;11;11;16;13;18;20;13;17;18;12;25;9;9;9;15;16;14;11;15;10;10;10;3;4;7;7;9;5;10;8;6;7;11;4;3;9;7;5;8;6;9;4;3;2;5;9;2;7;6;5;6;4;3;8;6;6;9;3;8;5;1;1;5;1;2;2;4;2;1;1;1;2;0;0;0;2;0;1;2;0;0;0;0;0;1;0;0;0;0;0;0;0;0
280540605000031;7;468;468;97;81;231;24;2;7;0;1;15;0;8;0;2;0;0;0;0;0;0;6;0;0;1;0;1;1;1;2;0;0;0;0;9;11;8;11;11;12;15;14;9;19;12;19;13;18;14;17;6;15;11;11;5;5;8;10;8;5;3;4;5;5;3;3;7;14;9;9;5;3;4;3;2;6;5;4;4;2;4;2;0;4;3;2;9;5;4;3;3;2;2;2;3;2;3;2;1;1;0;1;2;1;0;0;1;0;0;0;1;0;0;0;0;1;0;0;1;0;0;0;0;0;0;0;1;0;0;0;0;0;0;0
280540605000032;5;101;101;28;24;43;4;1;0;0;0;0;0;1;0;0;0;0;0;0;0;0;3;0;0;2;0;1;0;0;0;0;0;0;0;2;1;4;0;2;3;4;1;2;2;1;5;2;4;4;2;1;2;0;3;0;0;1;3;0;0;2;1;1;2;2;2;2;4;1;1;1;1;3;0;0;3;2;1;2;2;5;0;2;1;0;1;0;0;0;0;0;0;0;0;1;0;0;0;0;1;0;1;1;0;0;0;0;0;0;0;1;0;0;0;0;0;0;1;0;0;1;0;0;0;0;0;0;0;0;0;0;0;0;0
280540605000033;8;652;652;153;114;155;160;1;7;0;2;43;2;6;0;4;0;5;0;0;0;0;23;2;2;6;2;3;1;0;3;0;1;2;1;9;6;12;18;9;18;14;11;13;18;9;15;21;17;24;25;9;15;16;23;14;12;12;6;15;13;16;13;8;15;6;3;9;4;8;5;7;7;3;7;7;7;7;9;5;4;3;5;3;5;6;7;0;5;3;8;4;2;3;4;2;5;3;6;7;3;1;1;2;2;2;2;1;0;1;1;1;1;1;0;1;0;1;0;0;0;0;0;0;0;2;0;0;0;0;1;0;0;0;0
280540605000034;8;470;470;122;93;185;36;4;5;0;1;14;0;3;0;7;0;0;0;0;0;0;12;1;1;1;2;2;1;0;1;1;1;1;0;9;11;8;6;11;9;12;8;8;8;12;16;10;12;12;14;5;14;9;6;11;9;10;7;8;11;7;9;9;10;11;6;6;5;8;4;10;2;1;2;6;3;5;6;3;5;6;4;4;1;4;5;3;5;4;3;2;2;3;2;3;2;0;1;3;2;3;0;4;4;0;1;0;0;0;0;0;6;0;2;1;0;0;0;0;0;1;1;0;0;0;1;0;0;0;0;0;1;0;0
280540605000035;8;1063;1063;254;199;461;75;19;5;0;0;25;0;5;0;17;1;2;0;0;0;0;30;5;1;2;4;3;1;2;5;4;2;1;0;25;30;24;29;36;20;19;24;24;27;33;35;23;19;21;29;18;16;32;27;28;17;10;27;15;16;17;12;17;23;14;15;9;23;14;16;12;7;11;12;10;10;10;5;15;13;5;7;9;8;4;5;6;6;10;3;4;4;7;10;3;5;6;7;6;3;3;2;2;0;2;1;0;1;2;2;0;2;2;0;0;1;0;2;1;0;2;1;0;0;0;0;0;0;0;0;0;0;0;0
280540605000036;8;1131;1128;255;203;482;97;10;4;1;0;49;2;1;0;5;3;18;0;1;0;0;24;3;4;2;2;1;1;1;5;2;1;0;2;29;34;34;28;19;22;28;25;31;38;31;29;29;33;26;33;28;29;20;24;26;26;15;23;16;23;17;21;9;23;11;14;13;21;9;14;12;11;8;13;12;10;10;11;12;6;8;9;5;5;2;4;4;3;3;6;9;6;5;11;7;5;5;4;4;5;1;5;2;5;1;2;0;0;5;2;3;3;1;1;2;0;0;1;2;0;1;1;0;0;2;0;0;0;0;0;0;0;0;1
280540605000037;5;728;728;155;136;316;47;9;10;7;2;41;0;1;1;2;1;0;0;0;0;0;10;1;0;0;1;1;2;1;1;1;1;1;0;20;14;14;14;18;19;17;16;10;16;20;20;17;26;19;18;29;26;19;14;18;17;12;18;13;9;9;12;4;9;3;10;6;9;11;6;6;6;14;7;7;7;10;8;5;12;2;8;10;5;2;6;5;4;3;3;5;1;7;4;5;4;2;0;4;2;2;1;3;2;3;2;2;2;1;0;2;0;0;0;0;2;0;0;0;0;0;0;0;0;0;0;0;0;0;0;0;0;0;0
280540605000038;7;240;240;60;47;86;23;0;2;1;1;13;0;0;0;6;1;0;0;0;0;0;5;0;1;0;0;0;0;1;1;1;0;1;0;3;3;4;7;5;7;11;5;4;6;5;6;4;6;6;8;6;9;1;8;6;4;2;1;6;4;1;5;2;2;4;3;5;5;3;3;3;1;2;1;2;2;4;6;4;3;4;0;0;0;3;1;2;0;2;4;1;0;1;1;2;3;2;1;3;3;0;1;0;0;0;0;0;0;0;0;0;1;0;0;0;0;0;1;0;0;0;0;0;0;0;0;0;0;0;1;0;0;0;0
280540605000039;8;401;401;98;79;183;23;3;1;0;1;13;0;0;0;0;0;0;0;0;0;0;9;0;0;2;0;0;1;1;2;0;0;2;1;8;5;9;9;10;8;10;6;5;12;9;11;8;11;10;12;10;9;7;17;6;10;5;9;5;7;6;7;3;9;7;5;5;2;6;3;5;5;4;9;4;4;3;2;3;6;4;1;3;3;3;3;2;1;5;3;3;1;4;3;2;4;2;2;1;2;0;0;2;0;0;0;0;0;0;1;3;2;0;2;0;0;1;0;0;0;0;0;0;1;0;1;0;0;0;0;0;0;0;1
280540605000040;1;883;883;232;165;253;118;30;15;5;1;38;1;7;0;14;0;4;0;0;0;0;18;2;0;2;2;3;0;0;1;1;3;1;3;17;14;26;22;23;23;23;20;16;21;22;32;23;17;28;25;21;27;8;15;14;18;16;16;17;13;18;9;17;15;15;15;11;13;19;14;12;8;10;14;15;10;10;12;9;7;3;4;6;7;2;1;3;3;8;2;2;3;7;4;4;2;1;2;2;5;0;3;2;2;1;2;0;1;2;0;2;2;1;1;1;0;1;0;1;0;0;1;0;0;0;0;0;0;0;0;0;0;1;0
280540605000041;1;727;727;195;134;195;124;17;11;2;1;32;0;7;0;6;1;1;0;1;0;0;21;1;2;1;3;2;1;4;3;2;0;0;2;19;17;17;17;19;20;19;12;15;16;16;20;17;25;13;12;17;20;14;18;9;14;9;12;12;19;12;20;19;12;13;7;9;7;10;8;12;3;7;9;6;7;13;4;5;9;2;4;5;2;4;10;6;4;2;0;4;4;1;5;3;3;1;4;5;4;1;1;2;3;1;1;0;1;1;1;0;0;0;0;0;0;0;4;0;0;1;1;0;0;0;0;3;0;0;1;1;0;0;0
280540605000042;1;882;882;241;163;247;152;6;7;5;1;38;5;5;0;12;0;0;0;0;0;0;30;4;1;2;0;4;3;6;2;2;1;2;3;22;15;14;18;21;30;17;21;18;23;24;23;29;20;21;19;15;24;14;15;21;18;14;18;19;12;15;14;20;16;13;18;11;9;15;10;15;8;7;13;7;10;17;6;9;7;4;7;3;4;2;2;8;5;2;3;4;3;2;3;5;4;4;4;4;2;4;0;3;3;2;1;2;1;3;1;1;0;0;2;0;0;0;1;0;3;0;1;0;1;0;0;0;2;1;0;0;0;0;0
280540605000043;8;1000;981;211;168;428;73;27;18;3;1;47;3;4;0;9;0;8;0;0;0;0;16;2;3;3;0;0;0;1;2;1;2;1;1;19;26;35;18;23;22;21;25;24;25;30;32;26;25;32;24;26;26;21;18;31;23;24;13;11;21;11;17;7;10;9;8;9;16;14;8;7;6;8;13;7;6;10;14;16;9;19;12;12;8;9;4;11;5;7;7;4;7;5;7;3;5;6;7;1;3;2;2;0;2;3;0;2;2;0;1;0;0;0;0;0;0;0;0;1;0;0;0;0;0;0;1;0;0;0;0;0;0;0;0
280540605000044;7;244;244;54;41;112;29;0;0;0;0;8;0;0;0;0;0;0;0;0;0;0;9;0;2;1;1;0;1;1;1;0;1;1;0;7;12;8;10;11;8;11;7;13;9;8;7;4;3;4;5;4;2;3;8;1;6;2;2;1;2;6;9;4;3;4;4;4;4;2;3;4;3;2;0;0;2;1;2;1;3;0;0;0;1;0;1;0;0;1;0;0;0;1;0;2;0;0;1;1;1;0;2;0;2;0;0;1;1;0;0;0;0;1;0;0;0;0;0;0;0;0;0;0;0;0;0;0;0;0;0;0;0;0;0
280550505000001;1;612;612;174;100;159;83;1;11;3;0;65;0;11;0;5;0;0;0;0;0;0;10;1;0;2;1;0;1;0;1;3;0;1;0;4;9;15;10;6;8;11;11;16;15;9;12;12;15;11;20;12;15;12;11;12;14;8;11;7;12;9;2;16;10;8;13;15;12;9;5;5;9;7;10;5;4;6;5;13;4;6;0;3;6;4;5;4;3;6;6;4;4;4;6;2;5;9;5;2;5;4;2;2;5;3;4;3;2;5;0;1;1;2;1;1;1;2;0;2;3;1;0;0;0;2;0;0;0;0;0;0;0;1;0
280550505000002;1;517;517;156;81;129;69;18;2;3;1;30;0;8;0;14;5;1;0;0;0;0;9;2;0;0;1;0;1;2;1;0;1;1;0;11;8;7;12;10;9;3;11;15;11;6;8;16;11;20;11;12;11;8;8;9;10;15;12;9;9;9;6;6;9;5;5;4;4;10;8;3;5;12;10;5;11;6;7;6;9;7;6;0;3;3;8;2;4;3;3;3;6;2;4;1;0;3;3;4;1;4;2;1;5;2;1;2;3;1;2;0;1;1;1;0;1;1;0;1;0;0;0;0;0;0;0;0;0;1;0;0;0;0;0
280550505000003;1;794;794;238;161;221;82;5;7;5;0;39;2;15;0;10;4;4;0;1;0;0;6;0;0;0;2;0;0;0;2;0;0;1;1;8;13;13;17;10;5;9;9;10;13;18;11;15;11;17;10;19;10;8;18;13;14;24;12;9;15;14;10;16;18;5;9;12;8;12;19;13;7;7;16;17;7;15;10;14;10;11;8;9;6;8;5;10;3;7;10;4;6;9;9;6;5;5;10;5;3;7;6;5;6;4;2;3;2;5;6;5;4;1;6;1;2;4;4;1;0;2;2;0;0;0;0;0;0;0;1;0;0;0;0
280550505000004;1;472;469;171;106;110;47;12;2;4;0;5;0;4;1;7;0;3;0;0;0;0;14;1;1;2;1;2;2;1;0;0;2;1;1;11;12;9;7;12;13;7;8;5;8;6;13;6;8;7;4;10;13;5;9;11;7;15;14;10;7;11;16;22;11;14;9;6;10;6;12;8;7;5;7;7;6;3;7;4;2;1;3;3;2;0;4;1;2;1;2;2;3;1;1;2;5;1;1;1;2;1;0;0;3;0;1;0;1;0;0;1;0;0;0;0;1;0;0;0;0;0;0;1;0;0;1;0;0;0;0;0;0;0;0
280550505000005;1;658;658;177;117;167;116;13;5;2;0;49;1;0;1;6;2;2;0;0;0;0;11;0;2;0;0;2;1;0;1;1;1;3;0;11;8;8;13;12;11;23;20;7;16;13;13;13;19;25;12;14;18;17;9;10;6;12;15;13;10;8;7;6;6;9;10;4;12;11;6;10;9;8;8;10;13;8;12;9;5;4;11;7;6;3;5;7;7;5;5;1;5;5;5;2;1;7;3;2;3;3;2;0;7;2;3;0;0;1;4;1;1;3;1;1;2;0;0;0;1;0;1;0;0;1;0;0;0;0;0;0;0;0;0
280550505000006;1;632;632;202;118;157;80;7;9;2;1;38;1;10;0;3;1;1;0;2;0;0;13;0;1;1;1;0;0;1;2;2;4;0;1;8;10;10;10;7;9;10;7;9;12;9;12;4;15;14;12;16;16;10;11;13;14;14;14;9;11;8;15;12;6;2;12;5;10;6;10;10;7;11;12;6;10;8;8;9;10;10;8;7;7;2;6;3;8;10;7;3;0;5;10;3;6;2;2;5;3;5;2;6;2;5;3;3;2;1;1;2;2;2;2;2;2;2;1;0;0;0;0;0;1;0;2;1;0;0;0;0;0;0;0
280550505000007;1;562;562;180;92;132;105;4;3;8;0;19;0;10;1;6;0;2;0;0;0;0;7;0;0;0;0;2;1;0;0;1;0;1;2;12;9;9;8;6;8;8;17;9;12;3;10;14;15;14;12;18;9;13;7;12;11;11;15;7;6;12;8;6;5;9;11;7;8;6;15;11;5;5;4;7;5;6;7;5;7;11;5;5;8;4;2;4;3;6;4;7;7;2;2;2;2;4;4;3;4;6;1;2;1;1;2;3;4;2;2;1;2;0;3;2;1;1;2;1;1;0;0;0;1;1;0;0;2;0;0;0;0;0;0
280550505000008;1;600;593;199;117;136;56;0;10;4;0;47;0;15;0;7;1;1;0;0;0;7;6;2;0;0;0;1;0;1;0;2;0;0;0;8;1;2;5;8;6;4;8;5;13;11;9;10;9;9;10;6;9;8;10;5;7;11;14;13;8;13;11;13;11;6;7;8;14;7;5;9;7;9;8;5;11;8;3;4;9;7;10;10;7;12;3;4;7;8;4;9;8;5;14;4;5;5;7;6;8;3;7;8;5;3;2;6;5;4;0;2;4;0;1;3;2;7;1;3;1;2;0;0;2;0;0;2;0;0;1;0;0;0;0
280550505000009;1;375;375;123;59;81;42;0;9;8;0;30;0;15;0;6;0;0;0;2;0;0;5;1;0;0;1;0;0;0;1;1;0;0;1;1;2;4;3;2;3;2;3;7;5;4;5;1;8;6;6;5;7;12;7;6;8;9;8;7;4;6;3;5;5;4;3;4;6;2;5;5;6;0;5;3;4;11;10;6;6;5;4;8;5;1;5;6;6;3;6;4;7;5;3;3;2;3;1;4;2;4;2;0;5;3;5;2;6;3;4;0;3;2;1;1;2;1;3;1;0;1;0;0;0;2;0;1;0;0;0;1;0;0;0
280550505000010;1;655;640;207;107;152;93;9;5;3;1;43;5;8;0;9;1;0;0;0;0;1;6;0;1;0;0;0;0;0;1;1;2;1;0;8;6;5;2;11;5;11;9;10;12;13;13;9;9;14;12;15;19;10;7;12;15;17;9;8;9;13;9;9;8;8;7;12;12;10;13;10;5;9;2;9;11;9;6;12;3;2;9;3;8;7;12;4;4;9;8;5;2;6;7;8;8;2;4;6;7;2;5;2;3;3;7;3;4;2;5;3;7;4;3;6;4;3;0;4;2;2;0;4;1;0;1;0;0;0;0;0;0;1;0
280550505000011;1;527;527;170;103;140;72;9;8;0;4;12;0;2;0;6;1;0;0;0;0;0;7;0;0;1;1;0;0;1;0;2;0;2;0;10;9;5;9;12;9;3;7;13;12;7;11;12;11;10;12;8;9;7;8;8;12;3;8;13;10;8;8;12;11;7;6;11;7;14;8;5;11;11;12;3;4;4;8;8;6;8;4;1;6;1;4;9;4;3;2;1;4;5;9;2;6;5;6;2;1;5;2;7;2;2;5;0;1;0;0;2;2;1;2;1;0;2;0;0;1;0;0;0;0;0;0;0;0;0;0;0;0;0;0
280550505000012;1;794;794;232;135;189;143;8;10;5;2;46;2;9;0;10;0;3;0;0;0;0;23;3;0;3;1;4;1;2;2;4;0;0;3;5;16;13;18;14;14;18;17;13;27;12;13;13;21;12;13;18;17;18;24;18;7;15;21;16;13;15;7;13;7;8;13;7;6;17;9;9;7;7;18;5;10;10;12;11;6;9;4;9;6;7;12;7;2;3;3;9;9;5;6;9;5;7;2;6;5;6;5;3;5;1;4;2;1;0;1;3;0;1;3;0;1;1;1;0;1;1;0;1;0;0;1;0;0;0;0;1;0;0;0
280550505000013;1;646;646;190;107;170;108;7;10;6;1;29;1;10;1;6;0;0;0;0;0;0;13;2;1;1;0;0;1;2;1;1;1;2;1;11;14;8;12;14;15;8;12;10;19;15;16;14;17;10;16;8;16;13;10;11;8;17;12;12;8;10;11;8;11;11;8;5;10;13;11;5;6;7;7;5;10;8;3;7;3;5;4;7;6;7;8;8;4;8;6;2;5;5;4;4;2;7;4;2;3;5;9;4;1;1;3;2;0;2;1;2;1;1;3;0;2;2;3;0;0;2;1;1;0;1;0;0;0;0;0;0;0;0;0
280550505000014;8;172;169;52;34;60;8;7;1;0;0;6;0;0;0;0;3;1;0;0;0;0;2;0;0;0;0;0;1;0;1;0;0;0;0;2;2;2;6;1;4;4;5;3;9;4;3;2;2;2;5;2;4;0;4;2;3;3;3;1;3;5;2;2;3;5;0;1;1;3;2;3;3;5;3;2;0;1;2;1;0;4;3;0;2;1;0;0;1;0;1;1;0;3;0;5;2;1;2;3;2;3;1;3;1;0;0;0;2;1;0;0;1;1;1;0;0;0;0;0;0;0;0;0;0;0;0;0;0;0;0;0;0;0;0
280550505000015;8;526;526;148;109;158;48;1;10;4;0;30;1;12;1;2;2;0;0;0;0;0;5;1;1;0;0;0;1;0;0;0;2;0;0;7;7;10;12;10;7;6;13;17;18;11;11;10;8;15;10;8;17;10;9;9;11;11;8;3;3;8;7;5;11;6;7;10;11;5;6;8;6;7;6;8;14;4;2;3;6;10;5;1;3;3;3;8;2;5;3;4;10;5;3;0;2;8;4;2;6;1;5;1;4;0;1;4;1;0;1;1;4;3;1;1;1;0;0;1;1;0;2;0;0;0;0;0;0;0;0;0;0;0;0
280550505000016;8;166;165;48;33;62;13;3;1;0;0;4;0;1;0;1;0;0;0;0;0;0;2;0;0;0;0;0;1;0;0;1;0;0;0;4;1;3;3;2;5;2;6;2;2;7;3;4;5;3;9;0;5;4;4;2;2;2;1;0;5;2;1;3;2;1;0;3;3;3;2;3;1;1;2;1;2;3;1;1;5;1;0;2;2;1;2;3;1;2;0;0;1;1;0;4;1;1;0;1;1;3;0;0;1;1;2;0;0;0;1;0;0;2;0;0;1;0;1;2;0;0;0;0;0;0;0;0;0;0;0;0;0;0;0
280550505000017;5;548;547;162;101;159;68;6;4;5;0;20;0;18;0;5;0;0;0;0;0;0;12;1;1;0;2;1;0;1;1;2;1;2;0;9;1;6;12;13;8;8;6;9;7;16;12;8;14;13;11;12;10;9;8;14;5;11;10;11;8;9;9;2;6;9;5;11;10;11;2;6;6;3;8;4;9;5;5;15;7;7;4;4;4;5;7;3;6;5;8;6;6;6;9;1;7;8;3;2;5;5;4;1;1;3;0;2;0;3;0;3;1;2;1;5;1;0;1;0;1;1;0;0;1;1;0;0;0;0;0;0;0;0;0
280550505000018;5;645;645;193;129;210;66;4;4;2;1;29;0;5;0;1;0;1;0;0;0;0;10;0;2;2;0;2;0;1;0;0;0;2;1;14;15;9;10;9;10;13;10;13;11;13;11;14;14;12;12;12;16;8;7;20;9;13;13;13;4;8;13;12;7;8;8;6;9;8;11;11;8;7;10;3;10;7;6;9;7;4;2;6;5;7;3;3;8;3;10;7;7;4;11;3;8;6;5;7;2;6;4;3;7;4;4;1;2;1;1;2;1;1;1;1;2;2;0;0;2;1;2;1;0;0;1;0;1;0;0;0;0;0;0
280550505000019;5;516;507;151;100;172;55;7;3;3;1;19;1;1;0;2;1;0;0;0;0;0;11;1;1;2;0;2;0;0;0;2;1;0;2;5;8;8;9;15;12;7;8;13;11;8;16;17;12;7;10;6;7;6;5;8;11;5;7;7;11;10;9;5;10;6;3;7;12;12;6;11;9;10;3;7;8;5;4;2;3;6;1;6;3;4;3;5;3;3;6;5;5;5;3;5;8;2;3;0;5;2;1;1;6;2;1;4;0;2;1;5;2;3;4;1;2;0;2;0;2;0;1;0;0;0;0;0;0;0;0;1;0;0;0
280550505000020;5;443;443;124;91;166;48;1;2;2;2;6;0;0;0;0;0;1;0;0;0;0;1;0;0;0;0;0;0;0;0;0;0;1;0;6;6;8;4;5;9;6;9;8;11;10;13;8;14;11;9;12;15;14;12;9;7;3;11;2;4;7;7;9;8;4;3;9;8;7;7;2;6;6;7;2;7;7;4;6;8;6;4;4;3;1;4;3;2;4;4;3;3;4;3;2;4;1;1;0;2;1;3;2;2;4;2;2;3;1;1;2;2;0;1;1;1;0;1;1;2;0;0;1;0;0;0;0;1;0;0;0;0;0;0
280550505000021;8;554;554;176;111;192;33;4;5;0;1;21;0;2;0;4;0;0;0;4;1;0;11;1;1;0;0;3;0;1;2;0;1;1;1;8;5;12;9;8;4;11;21;9;20;17;7;11;7;12;14;16;7;9;13;9;9;7;7;4;6;2;8;5;9;9;7;9;7;11;12;10;4;2;6;8;8;5;6;8;6;6;6;7;8;6;4;5;5;5;8;5;3;5;7;7;2;3;4;6;1;2;1;4;5;1;2;0;3;3;3;3;0;0;2;1;1;0;0;2;0;0;0;1;1;1;0;0;0;0;0;0;0;0;0
280550505000022;8;764;759;232;159;255;66;1;7;1;1;25;0;7;0;7;0;3;0;0;0;0;11;1;1;1;1;2;0;0;1;0;3;1;0;12;8;12;19;11;13;14;20;9;16;14;11;24;19;16;14;14;27;12;5;11;9;8;15;7;7;13;12;5;14;13;9;11;14;18;12;12;8;7;8;12;5;3;10;10;7;9;7;9;9;10;8;13;4;3;7;11;4;7;12;7;6;4;5;9;3;8;6;6;2;3;5;3;2;1;1;2;2;3;7;3;0;0;0;0;1;0;0;0;0;1;0;0;0;0;0;0;0;0;0
280550505000023;8;441;441;123;91;172;19;4;2;1;0;20;0;2;0;4;0;3;0;0;0;0;4;1;0;0;1;0;0;2;0;0;0;0;0;5;3;11;9;5;13;5;7;12;11;6;8;14;12;13;16;6;10;4;8;8;3;6;1;8;4;4;5;11;8;5;5;8;4;10;5;4;5;5;5;8;8;4;7;6;2;10;1;5;2;7;3;2;4;6;2;4;3;5;10;1;0;2;2;5;4;1;1;3;3;4;0;0;3;2;2;4;0;1;1;0;1;0;0;2;1;0;0;0;0;0;3;0;0;0;0;0;0;0;0
280550505000024;8;549;549;162;116;178;43;6;3;1;1;26;0;6;0;5;0;2;0;0;0;0;5;2;0;0;0;0;0;0;0;2;1;0;0;5;13;9;7;7;6;6;19;11;13;20;6;12;6;12;12;13;6;11;7;11;12;6;4;7;2;11;8;14;12;7;10;11;11;9;4;4;5;9;3;4;10;4;12;8;2;4;3;7;4;8;6;2;5;6;6;5;5;4;10;2;4;4;5;1;4;2;9;4;5;3;9;2;1;1;3;2;2;0;2;0;0;0;1;1;0;0;0;1;0;0;0;0;0;0;0;0;0;0;0
280550505000025;8;820;820;221;169;325;51;5;3;4;3;30;0;8;0;1;0;0;0;0;0;0;10;1;1;1;2;1;1;0;0;1;2;0;0;9;11;12;16;12;16;20;19;20;21;25;23;25;17;17;15;16;20;10;21;13;15;9;15;9;5;13;5;12;16;11;14;13;8;16;15;13;7;5;12;9;14;13;6;4;5;9;9;8;8;7;5;6;4;5;5;8;6;5;5;6;9;4;10;1;3;5;8;5;3;3;3;2;2;4;3;1;5;2;2;2;1;3;3;2;0;0;1;1;2;2;0;0;0;0;0;0;0;0;0
280550505000026;8;268;268;69;51;98;8;12;2;0;0;19;0;1;0;4;0;4;0;0;0;0;1;0;0;0;0;0;0;0;1;0;0;0;0;5;7;3;3;5;7;8;4;9;6;6;8;8;7;9;7;6;8;6;4;3;3;6;3;2;2;2;4;4;7;5;2;3;4;6;3;3;7;1;4;3;5;3;3;1;1;1;2;1;1;1;0;2;0;3;4;1;1;3;1;2;2;6;0;3;1;2;2;3;2;1;4;0;0;0;1;0;1;0;0;0;0;0;0;0;0;0;0;0;0;0;0;0;0;0;0;0;0;0;0
280550505000027;5;441;441;140;89;142;35;5;1;4;1;15;0;2;0;5;1;1;0;0;0;0;5;0;1;1;0;0;0;0;0;2;1;0;0;8;11;4;11;8;6;12;7;11;12;8;10;14;9;12;7;6;6;9;2;5;7;8;7;5;10;8;6;6;11;1;4;7;5;8;5;7;5;5;7;6;9;8;4;5;0;7;4;5;2;2;4;4;3;4;2;2;5;4;6;3;5;4;4;4;0;1;4;1;5;1;0;1;1;1;1;3;4;1;0;1;0;0;0;0;1;2;0;1;1;0;0;0;0;0;0;0;0;0;0
280550505000028;8;278;278;69;56;106;25;2;2;1;3;7;0;0;0;7;0;0;0;0;0;0;2;1;0;0;0;0;0;0;0;1;0;0;0;1;4;3;1;3;5;4;5;6;8;8;3;11;6;5;8;5;8;8;8;6;5;6;4;4;5;7;7;9;5;3;1;1;1;5;3;3;1;2;3;3;7;3;3;1;4;5;3;1;4;4;1;2;2;4;2;0;0;4;4;2;2;2;4;1;0;1;1;2;0;0;0;0;1;1;0;2;2;0;0;1;0;2;0;0;0;2;0;0;0;0;1;1;0;0;0;0;0;0;0
280550505000029;8;206;206;55;38;77;20;2;2;1;0;10;0;1;0;0;0;0;0;0;0;0;3;0;0;0;0;0;1;0;0;0;0;2;0;1;1;0;2;4;6;4;5;4;6;9;3;3;4;2;1;9;4;4;4;3;2;5;4;8;2;4;6;4;1;4;4;2;7;2;7;1;4;1;3;3;1;1;3;1;0;2;3;1;1;3;2;1;2;0;3;5;0;2;2;1;2;2;0;0;1;0;2;1;0;0;2;0;1;0;1;1;0;3;0;0;0;0;0;0;0;0;0;0;0;0;0;0;0;0;0;0;0;0;0
280550505000030;5;287;287;81;53;91;37;7;1;0;0;12;0;2;1;2;0;0;0;0;0;0;6;0;1;0;0;1;0;1;0;1;1;0;1;8;6;5;8;9;10;5;8;8;10;11;9;6;8;9;1;6;5;1;1;3;7;7;4;4;1;2;4;8;6;7;6;3;7;6;4;2;2;3;1;2;4;2;3;5;2;2;0;0;3;0;0;3;0;5;3;3;2;2;1;2;4;0;0;2;1;2;1;0;0;0;0;0;0;3;0;1;0;0;0;0;1;0;0;1;0;0;0;0;0;0;0;0;0;0;0;0;0;0;0
280550505000031;8;528;528;140;102;209;44;3;3;1;1;20;1;0;0;3;1;0;0;0;0;0;5;0;0;2;0;0;1;0;0;1;0;1;0;11;3;4;13;11;7;6;11;14;17;9;10;10;12;16;14;8;18;10;17;9;16;6;4;11;2;9;8;9;9;7;6;9;9;10;5;4;1;4;7;3;7;9;3;2;5;6;3;10;2;3;3;4;5;6;6;6;6;6;8;5;7;5;3;5;4;0;3;3;1;1;2;3;3;0;2;2;0;1;0;1;0;0;1;0;0;0;0;0;1;0;1;0;0;0;0;0;0;0;0
280550505000032;8;377;377;113;78;130;27;4;1;0;0;14;0;7;0;1;1;1;0;0;0;0;1;0;0;0;0;0;0;0;1;0;0;0;0;7;2;9;4;8;5;8;9;5;7;8;10;7;9;13;4;7;6;8;7;9;2;8;6;6;5;8;4;3;7;6;10;4;4;5;6;6;3;6;4;5;7;4;5;8;3;5;4;6;3;3;3;4;3;1;3;3;4;3;2;1;4;3;2;2;1;2;2;1;0;4;2;1;1;1;3;0;1;1;0;1;4;0;1;0;0;0;1;1;0;1;0;0;0;0;1;0;0;0;0
280550505000033;8;631;631;194;140;216;39;1;2;2;2;15;1;10;0;8;1;0;0;0;0;0;9;3;0;1;1;3;0;0;0;1;0;0;0;10;6;4;10;12;6;9;8;14;16;13;12;14;13;18;19;8;17;9;13;15;7;7;3;9;7;8;5;6;8;8;8;4;11;11;12;7;7;11;14;17;9;8;9;9;10;5;4;8;10;8;3;4;4;5;6;7;7;5;5;2;5;7;4;2;3;2;6;0;6;8;2;1;2;3;2;0;4;0;3;2;0;3;1;1;3;2;2;1;0;2;0;1;0;0;0;0;0;0;0
280550505000034;8;511;511;142;87;172;59;5;4;6;2;21;1;8;0;3;1;0;0;0;0;0;3;0;0;0;0;0;1;0;0;0;1;1;0;3;6;11;5;8;8;11;12;15;13;16;13;24;16;10;10;9;16;4;8;11;4;5;6;3;8;4;3;5;10;8;5;5;5;7;10;6;7;4;7;8;5;5;8;3;10;0;6;3;7;3;6;4;6;6;5;1;7;2;8;1;2;4;2;1;9;4;1;1;7;3;4;1;5;3;1;2;0;1;3;1;0;3;1;0;0;1;0;0;0;1;0;0;0;0;0;1;0;1;0
280550505000035;1;537;537;159;80;115;97;10;7;3;1;49;5;5;0;2;1;3;0;0;0;0;6;1;0;1;0;0;0;1;1;2;0;0;0;5;7;8;5;6;9;7;13;8;10;12;11;11;16;17;11;12;13;8;11;13;9;9;12;3;5;5;9;5;4;8;1;4;3;11;5;8;7;9;9;8;15;8;5;9;6;6;5;6;9;2;8;3;3;4;6;3;4;3;5;2;7;7;5;3;2;3;8;4;2;2;3;1;2;1;2;1;2;1;1;1;1;2;3;0;1;2;1;2;0;1;0;0;0;1;0;0;0;0;0
280550505000036;1;654;651;208;144;193;66;8;6;2;1;19;2;4;0;1;0;0;0;0;0;0;9;0;0;0;1;0;0;2;2;1;1;1;1;7;13;8;15;9;6;11;8;12;18;9;10;19;12;9;10;11;14;8;10;9;11;16;9;12;17;11;7;7;8;16;11;14;9;12;9;13;8;5;7;5;9;7;15;8;8;10;6;6;7;4;6;2;7;9;3;6;6;8;8;5;5;5;5;3;5;2;4;3;1;0;2;1;3;3;4;1;5;2;2;0;3;1;0;0;0;3;1;3;0;2;1;0;0;0;0;0;0;0;0
280550505000037;1;643;643;178;102;149;150;10;6;3;0;37;0;6;0;0;2;0;0;0;0;0;14;2;1;2;1;2;0;0;0;1;2;2;1;14;18;12;8;14;8;14;16;14;17;15;16;22;16;16;26;10;22;13;23;10;11;10;9;11;8;8;9;8;11;6;4;11;8;17;9;6;4;9;11;7;10;9;6;8;7;6;4;6;5;9;2;2;1;3;3;2;3;4;3;3;2;2;3;3;0;0;5;1;1;0;1;3;1;0;0;2;0;0;2;0;0;1;1;1;1;0;0;0;0;1;0;1;0;0;0;0;0;0;0
280550505000038;1;570;570;179;113;143;56;3;5;7;0;28;0;19;0;17;0;0;0;0;0;0;10;0;0;3;0;1;0;2;0;2;1;0;1;8;10;6;9;8;10;10;13;9;8;5;8;18;7;14;14;4;13;11;7;6;19;18;15;12;6;8;10;8;9;10;9;10;11;9;9;14;10;6;7;3;4;4;6;7;7;6;4;5;4;8;5;3;4;4;5;1;4;5;7;1;1;4;8;1;5;6;6;3;3;3;1;2;3;1;1;3;3;2;1;2;0;1;1;1;0;0;0;0;1;0;1;0;0;0;1;0;0;0;0
280550505000039;1;781;781;226;122;202;152;7;9;4;0;38;0;15;2;4;0;0;0;0;0;0;7;0;0;1;1;2;1;1;0;0;0;1;0;15;13;17;17;16;14;13;26;20;12;17;24;15;25;20;16;14;20;16;15;11;20;14;15;10;16;11;12;11;6;6;11;13;10;16;13;5;4;9;10;8;9;9;5;7;18;10;9;8;6;9;7;5;5;5;3;3;3;4;10;3;4;4;2;4;1;3;6;3;3;1;1;3;2;4;2;1;3;4;1;0;0;0;1;1;1;1;0;0;0;2;0;0;0;0;0;0;1;0;1
280550505000040;1;380;377;119;66;108;35;1;4;1;0;19;1;7;1;11;1;2;0;1;0;0;5;1;0;0;0;0;0;0;0;0;0;2;2;5;3;2;1;4;2;1;7;5;3;3;5;4;9;6;7;11;8;8;8;10;8;6;11;6;4;5;5;3;6;6;7;3;4;1;3;5;5;6;9;7;5;5;12;12;7;6;3;2;4;3;5;2;3;3;7;5;6;2;6;7;1;1;0;4;2;1;1;4;1;2;2;1;3;3;2;4;4;0;2;1;2;1;1;1;0;1;1;0;0;0;1;1;0;0;0;0;0;0;0
280550505000041;1;903;902;290;178;226;118;5;6;9;1;42;5;6;2;12;2;0;0;1;0;0;15;1;0;2;2;0;2;1;1;0;4;1;1;11;10;7;11;14;10;16;12;14;14;17;21;13;18;8;17;19;14;15;13;16;17;12;15;12;6;12;12;22;22;11;12;12;18;19;16;12;16;11;17;9;8;9;10;11;11;14;13;6;16;7;11;12;9;6;7;5;6;4;15;9;6;7;8;5;8;4;5;6;7;13;4;5;7;3;2;3;2;4;4;2;2;1;1;5;2;0;2;2;0;0;0;1;2;0;0;1;1;0;1
280560405000001;1;635;633;183;131;213;36;9;1;3;0;31;0;14;1;7;1;3;0;0;0;0;8;0;1;0;0;1;1;1;0;0;3;0;1;4;7;9;5;10;9;10;9;11;12;16;14;13;18;7;9;11;12;17;17;5;9;7;9;15;9;8;6;10;13;12;11;9;14;10;10;8;10;10;9;7;9;6;10;7;9;10;5;8;12;6;3;5;4;6;5;11;7;5;8;6;5;6;8;6;4;3;4;2;2;4;1;3;5;0;2;0;1;0;0;1;0;1;1;1;1;0;0;1;0;0;0;2;0;0;0;0;0;0;0
280560405000002;1;714;704;213;151;243;48;3;4;7;2;20;0;9;0;9;0;4;0;0;0;1;15;2;0;2;1;3;2;1;1;1;1;0;1;17;14;6;14;11;11;15;10;7;22;9;14;14;12;11;14;7;16;12;22;9;5;12;17;16;10;11;21;11;18;12;6;17;9;12;11;13;10;10;11;6;9;16;12;5;7;6;3;6;3;5;7;6;5;4;4;5;3;0;4;0;3;2;7;5;2;1;5;9;5;0;7;3;4;3;3;3;0;0;3;2;2;4;3;1;0;0;1;1;1;1;0;0;0;2;0;0;0;1;0
280560405000003;1;686;686;194;130;225;70;10;6;5;1;26;0;13;1;3;1;1;0;0;0;0;12;1;1;0;2;2;1;1;0;1;0;1;2;15;9;13;14;12;12;12;12;11;8;20;12;12;13;22;10;9;18;11;18;16;16;13;21;6;8;17;10;14;12;14;13;17;12;7;13;9;8;7;5;7;5;4;5;7;10;7;6;3;7;9;6;4;5;5;10;0;7;9;6;4;5;1;5;3;2;2;2;2;2;2;3;1;0;1;1;0;2;3;2;2;1;0;1;0;0;0;0;0;0;0;2;1;0;0;1;0;0;0;0
280560405000004;1;556;556;170;117;160;44;3;5;0;1;32;1;10;2;10;0;0;0;1;0;0;10;1;0;4;0;0;0;0;1;2;0;2;0;8;9;4;6;10;8;3;10;4;9;7;8;12;13;20;8;6;10;8;12;10;8;6;17;6;7;10;9;8;15;8;13;10;4;9;10;8;7;7;2;9;6;10;13;7;3;7;4;3;7;3;3;6;4;4;2;6;5;6;7;9;5;2;4;2;5;10;2;1;2;2;3;2;4;2;5;3;1;3;2;1;1;2;0;2;0;3;0;1;1;0;0;0;0;0;1;0;0;0;1
280560405000005;1;504;504;140;97;164;47;3;6;4;3;18;3;9;0;9;1;0;0;0;0;0;13;0;2;2;5;1;1;0;1;0;0;1;0;6;8;7;8;11;7;11;8;3;6;8;14;10;8;16;13;9;8;11;5;12;13;8;8;5;5;12;6;8;6;7;19;7;13;6;4;6;4;7;11;6;7;4;9;6;5;3;5;5;10;3;4;7;3;5;5;2;3;4;1;2;1;5;3;3;1;2;3;0;5;3;2;0;4;2;5;2;2;1;1;0;0;0;0;0;0;1;0;0;0;1;0;0;0;1;0;0;0;0;0
280560405000006;1;843;837;246;158;229;112;19;9;1;1;37;2;8;1;8;9;3;0;0;0;0;24;2;1;2;4;1;2;3;5;1;0;1;2;12;11;7;15;14;12;7;15;30;25;21;29;17;20;18;19;11;15;7;18;12;19;19;14;10;13;11;11;19;13;19;8;17;12;10;11;7;10;10;8;9;12;13;13;10;11;7;7;1;9;8;6;8;2;8;6;3;4;6;7;4;2;2;9;11;3;3;6;6;6;7;4;4;1;4;2;1;2;0;1;1;0;2;3;5;1;1;0;1;0;0;0;1;0;0;0;0;0;0;0
280560405000007;1;569;569;155;111;181;65;9;1;7;2;27;1;4;0;2;2;2;0;0;0;0;7;0;1;2;0;1;1;0;0;1;0;1;0;11;8;6;7;9;6;8;12;11;10;10;16;9;16;11;9;10;13;10;19;10;15;10;12;11;10;9;10;6;4;6;5;7;8;7;13;5;6;4;7;7;6;10;5;9;9;12;11;5;7;8;3;4;3;3;5;4;2;1;5;6;1;3;4;4;3;5;2;2;5;3;3;3;1;4;2;2;2;1;0;3;0;0;1;1;0;2;1;1;0;0;0;0;1;0;1;0;0;0;0
280560405000008;1;597;596;165;127;216;32;4;6;2;1;26;0;4;0;7;4;3;0;0;0;0;9;1;0;1;0;4;1;1;1;0;0;0;0;5;9;11;10;8;8;11;9;11;13;15;10;8;14;14;14;8;11;9;13;15;10;11;13;7;8;13;17;14;17;12;9;6;10;10;8;5;7;11;7;10;7;5;9;8;5;4;7;8;4;3;4;4;4;2;7;4;9;6;2;7;3;2;4;3;3;0;3;2;3;4;2;2;2;2;1;3;1;0;0;1;0;2;0;0;0;1;0;2;1;1;0;0;0;0;0;0;0;0;0
280560405000009;1;953;953;269;201;292;77;40;9;1;1;41;2;10;0;7;2;1;0;0;0;0;19;3;3;2;0;3;1;2;2;1;0;2;0;20;24;11;10;20;16;24;25;21;22;18;18;20;21;27;23;16;18;16;20;23;24;22;22;12;15;21;14;26;22;13;14;7;9;22;13;11;12;22;16;5;8;12;12;10;11;11;2;7;8;6;8;3;7;8;7;6;10;2;4;2;4;3;1;6;5;2;4;4;1;3;0;2;1;4;3;1;1;5;1;1;1;0;2;0;0;0;0;0;0;0;0;0;0;0;0;0;0;0;0
280560405000010;1;848;848;237;178;266;79;9;6;9;2;31;0;3;0;16;0;12;0;0;0;0;10;0;0;3;3;0;0;0;0;1;2;1;0;23;16;15;22;17;16;18;11;18;15;11;20;13;20;21;15;10;15;16;13;19;21;17;21;17;16;26;22;13;13;17;18;12;9;18;8;12;8;8;10;11;12;6;6;11;14;12;9;8;7;8;9;6;4;2;6;4;4;6;4;1;10;4;5;4;3;2;1;0;5;3;1;0;0;5;2;2;1;1;0;0;1;0;1;2;0;2;0;1;0;0;0;1;0;0;0;1;0;0;0
280560405000011;8;1024;1024;274;220;418;41;8;4;12;1;23;0;13;0;10;0;0;0;0;0;0;19;1;1;3;4;0;1;3;0;2;2;0;2;24;28;27;21;13;20;15;19;23;23;28;28;29;29;22;30;22;15;28;17;26;25;18;17;24;6;14;13;14;18;14;10;12;16;13;14;13;9;12;19;17;12;17;10;14;7;8;10;10;11;8;10;7;5;4;12;4;7;6;6;2;3;3;5;5;5;4;3;1;3;0;2;2;1;2;2;1;0;2;0;1;0;0;1;0;0;1;0;0;1;0;0;1;0;0;0;0;0;0;1
280560405000012;8;453;453;132;108;165;28;2;1;0;2;9;0;1;0;0;2;2;0;1;0;0;12;0;1;1;1;2;0;0;3;0;0;1;3;6;12;6;7;6;12;5;7;12;10;6;5;11;8;4;8;11;10;7;11;7;6;7;6;11;3;9;11;7;4;10;9;4;11;7;9;5;4;10;8;6;5;7;3;6;1;3;8;4;3;2;1;2;2;3;3;3;1;5;5;4;1;6;5;6;1;3;2;3;2;3;1;6;2;3;2;0;0;3;0;0;0;1;1;0;0;0;0;0;0;1;0;0;0;0;0;0;0;0;0
280560405000013;8;520;520;131;103;199;61;4;2;1;1;9;0;0;0;0;0;9;0;0;0;0;12;0;3;3;2;1;0;0;0;1;2;0;0;6;10;8;10;6;8;9;12;11;10;16;23;20;12;11;14;5;14;9;14;14;9;13;13;7;6;13;9;10;7;9;7;5;4;7;3;8;2;6;6;6;5;7;9;6;7;5;4;5;2;4;4;2;6;3;4;2;3;3;2;5;2;4;0;2;1;2;1;0;1;0;1;0;1;1;1;1;1;1;3;0;0;3;0;0;0;0;1;0;0;1;0;0;0;0;0;0;0;0;0
280560405000014;5;630;630;191;152;217;34;8;1;2;0;15;0;3;0;6;0;1;0;0;0;0;13;1;0;2;1;3;0;0;1;0;1;3;1;10;17;3;13;12;11;8;5;11;6;13;8;8;9;11;18;14;9;16;20;14;15;17;17;19;5;10;5;13;10;11;12;8;10;8;8;6;8;8;4;5;7;6;9;14;4;10;5;9;7;10;7;4;8;4;5;4;2;3;6;4;3;4;3;4;3;1;3;4;1;1;2;1;2;2;2;6;1;4;1;0;0;1;0;1;0;1;1;0;1;0;0;0;0;1;0;0;0;0;0
280560405000015;5;534;534;162;106;160;69;11;0;1;0;15;2;3;0;4;1;0;0;0;0;0;10;0;1;1;1;0;0;0;1;1;1;2;2;9;6;11;12;13;10;8;6;10;11;12;11;12;16;15;16;16;4;9;13;14;7;5;11;8;7;11;6;0;6;11;9;4;6;5;4;6;7;6;5;6;4;10;6;6;13;8;6;5;8;4;10;2;5;1;5;4;3;7;6;2;4;1;2;2;2;1;3;3;5;3;0;2;1;1;0;1;0;0;3;0;2;1;4;2;0;0;0;0;1;0;0;0;1;0;0;0;0;0;0
280560405000016;8;650;649;160;135;292;26;4;2;4;1;11;0;6;0;0;4;5;0;0;0;0;12;1;2;0;1;2;0;1;0;1;3;0;1;17;11;19;21;13;13;12;13;16;8;19;17;21;18;19;15;17;14;16;13;17;11;7;6;8;12;10;9;11;10;8;8;9;13;8;6;7;9;5;6;2;5;4;7;9;6;1;4;7;9;4;2;4;7;7;8;6;4;3;7;2;3;6;3;0;2;2;2;0;3;3;1;1;2;1;2;0;2;0;0;0;1;0;1;1;0;1;0;1;0;0;0;0;0;0;0;0;0;0;0
280560405000017;5;619;618;178;138;219;37;17;3;3;1;19;0;2;0;1;0;1;0;0;0;0;16;0;3;0;0;1;0;2;2;4;0;2;2;9;11;7;8;9;11;15;10;12;9;22;13;16;12;19;13;12;17;16;10;15;5;14;12;16;9;10;13;4;11;8;6;8;9;3;9;6;6;4;10;5;11;4;4;10;10;12;8;1;8;2;2;10;6;4;1;6;4;2;3;3;4;3;1;7;4;3;6;2;4;0;5;0;1;3;2;1;1;2;1;0;0;2;0;0;0;0;0;2;1;1;1;1;0;0;0;0;0;0;0
280560405000018;5;717;711;187;124;234;111;3;5;0;1;41;0;7;0;4;0;0;0;0;0;0;14;2;2;1;0;4;0;2;1;0;0;1;1;9;17;12;13;17;14;15;17;22;19;16;23;19;18;22;19;20;21;17;16;11;16;20;14;5;12;4;6;11;9;5;7;10;12;7;10;8;7;8;11;7;10;11;11;6;5;11;6;5;2;4;3;3;3;5;2;2;3;4;2;2;5;6;2;2;4;3;2;2;4;0;2;2;4;5;1;0;1;2;3;1;1;0;0;0;1;0;0;0;0;2;0;0;1;1;0;0;0;0;0
280560405000019;5;632;632;172;125;203;56;12;4;2;4;31;0;10;1;4;8;0;0;0;0;0;10;1;0;1;0;2;1;1;0;0;2;2;0;8;11;16;7;11;8;10;9;12;16;20;17;20;16;12;13;11;20;6;8;16;15;12;15;13;14;5;9;10;8;3;12;7;6;9;8;8;10;5;4;2;7;5;5;4;6;12;4;3;8;5;4;3;7;3;2;2;6;2;7;4;1;2;9;2;1;4;3;1;5;6;1;2;6;6;1;2;2;1;2;3;4;2;1;2;4;2;2;0;1;0;0;1;1;0;0;1;0;0;0
280560405000020;5;365;365;106;80;131;17;6;3;3;0;12;0;4;1;2;0;0;0;0;0;0;3;0;0;0;0;0;0;1;1;1;0;0;0;10;4;8;7;3;7;5;5;10;9;9;7;10;7;9;4;6;9;5;9;4;0;4;9;5;1;7;7;11;8;10;8;8;2;4;4;7;3;6;4;8;4;5;4;4;1;2;2;2;1;3;4;3;2;1;1;1;4;2;0;3;3;1;2;4;2;3;1;4;2;3;5;6;2;2;1;0;3;0;1;2;0;0;1;0;1;0;0;0;1;0;0;0;0;0;0;0;0;0;0
280560405000021;8;547;547;143;121;192;39;7;6;3;1;21;0;4;0;9;0;1;0;0;0;0;12;2;2;0;0;0;0;1;3;1;1;1;1;8;13;16;11;10;9;7;7;14;11;13;12;10;16;10;14;12;11;7;10;11;12;8;12;10;11;9;8;10;9;7;7;9;10;9;8;9;2;3;5;9;4;8;7;5;4;8;3;4;6;5;2;3;3;3;3;4;6;2;7;3;4;4;4;6;2;2;0;4;1;2;3;2;2;0;2;0;0;1;0;1;0;1;1;1;1;0;0;0;1;0;0;0;0;0;0;1;0;0;0
280560405000022;5;640;633;174;128;221;85;2;1;5;0;11;0;6;0;7;0;0;0;0;0;0;6;1;1;1;1;0;1;0;0;0;0;0;1;14;10;11;17;7;7;12;20;13;16;30;24;20;18;18;20;13;7;9;12;7;4;0;5;11;9;5;8;6;13;14;6;9;14;14;11;6;12;10;7;5;11;6;7;5;2;5;5;3;8;6;3;5;6;9;1;3;7;2;2;7;1;2;5;4;3;3;5;3;2;2;3;1;2;2;0;4;2;1;0;3;0;1;2;1;1;0;1;0;1;1;1;0;0;0;0;0;0;0;0
280560405000023;5;354;354;93;66;134;41;5;0;0;0;12;0;0;0;3;0;0;0;0;0;0;4;1;0;1;1;0;0;0;1;0;0;0;0;4;4;2;6;8;8;5;13;11;10;6;15;12;14;17;9;12;4;8;7;7;6;5;6;6;3;5;7;3;7;7;4;6;4;5;4;6;0;4;3;6;4;4;3;5;3;0;3;1;4;1;4;2;2;2;1;5;2;3;1;0;3;2;1;0;2;0;3;0;1;0;1;0;0;0;1;3;0;0;0;1;0;0;2;1;0;0;0;0;0;0;0;0;0;0;0;0;0;0;0
280560405000024;8;989;989;233;203;417;72;6;6;0;2;41;0;1;0;4;2;1;0;1;0;0;17;2;0;1;1;1;3;3;1;1;1;1;2;12;22;23;29;16;13;28;22;23;24;33;29;30;21;34;25;21;14;16;19;19;15;15;9;12;12;9;16;20;16;13;16;15;18;15;13;11;10;8;17;17;18;12;3;9;9;11;8;9;3;6;14;6;3;5;6;6;3;3;11;4;5;4;7;2;7;7;0;6;5;3;4;2;2;2;1;0;3;0;3;1;3;0;0;0;1;1;0;0;1;0;2;0;1;0;0;0;0;0;0
280560405000025;8;665;665;162;136;288;33;2;2;4;2;21;0;7;0;7;1;0;0;0;0;0;11;0;2;0;0;1;1;1;1;0;2;2;1;12;12;14;15;13;14;14;11;13;17;16;15;23;11;10;19;15;16;15;10;12;16;12;14;9;12;12;5;11;9;14;7;15;10;8;5;9;9;11;3;6;8;7;5;4;6;4;2;7;4;6;5;4;6;7;4;6;2;6;7;4;2;4;2;3;6;6;3;2;6;2;0;2;3;2;2;2;1;0;2;1;0;0;2;0;1;0;0;0;0;0;0;0;0;1;0;1;0;0;0
280560405000026;8;315;315;76;58;131;35;1;2;2;0;7;0;0;0;2;1;0;0;0;0;0;8;1;0;2;0;0;0;0;1;2;0;1;1;6;3;3;7;7;3;5;8;8;5;11;8;7;12;7;12;6;5;13;10;5;10;10;11;3;4;4;1;0;3;2;5;3;5;6;3;1;2;3;6;1;4;1;3;5;3;5;2;2;0;4;3;1;4;2;2;4;1;1;3;0;3;1;0;4;0;0;0;0;3;3;1;2;2;0;0;0;1;0;0;1;0;0;1;0;0;0;1;0;0;0;0;0;0;0;0;0;0;0;0
280560405000027;5;444;444;123;86;177;31;3;2;0;0;15;0;4;0;2;1;0;0;0;0;0;7;1;1;0;1;0;0;2;0;1;1;0;0;17;7;7;9;11;3;9;6;10;10;8;8;10;10;14;8;12;14;11;10;11;11;12;7;8;5;7;7;3;4;6;7;6;9;7;6;9;0;4;6;5;2;3;4;4;5;6;1;5;4;2;5;1;1;5;4;2;2;1;6;2;2;1;3;2;2;0;1;0;1;0;3;1;1;3;4;2;0;1;2;2;2;0;1;0;1;0;0;1;2;0;0;0;0;0;0;0;0;0;0
280560405000028;8;10;"X";"X";"X";"X";"X";"X";"X";"X";"X";"X";"X";"X";"X";"X";"X";"X";"X";"X";"X";"X";"X";"X";"X";"X";"X";"X";"X";"X";"X";"X";"X";"X";"X";"X";"X";"X";"X";"X";"X";"X";"X";"X";"X";"X";"X";"X";"X";"X";"X";"X";"X";"X";"X";"X";"X";"X";"X";"X";"X";"X";"X";"X";"X";"X";"X";"X";"X";"X";"X";"X";"X";"X";"X";"X";"X";"X";"X";"X";"X";"X";"X";"X";"X";"X";"X";"X";"X";"X";"X";"X";"X";"X";"X";"X";"X";"X";"X";"X";"X";"X";"X";"X";"X";"X";"X";"X";"X";"X";"X";"X";"X";"X";"X";"X";"X";"X";"X";"X";"X";"X";"X";"X";"X";"X";"X";"X";"X";"X";"X";"X";"X";"X";"X"
280560405000029;7;325;"X";"X";"X";"X";"X";"X";"X";"X";"X";"X";"X";"X";"X";"X";"X";"X";"X";"X";"X";"X";"X";"X";"X";"X";"X";"X";"X";"X";"X";"X";"X";"X";"X";"X";"X";"X";"X";"X";"X";"X";"X";"X";"X";"X";"X";"X";"X";"X";"X";"X";"X";"X";"X";"X";"X";"X";"X";"X";"X";"X";"X";"X";"X";"X";"X";"X";"X";"X";"X";"X";"X";"X";"X";"X";"X";"X";"X";"X";"X";"X";"X";"X";"X";"X";"X";"X";"X";"X";"X";"X";"X";"X";"X";"X";"X";"X";"X";"X";"X";"X";"X";"X";"X";"X";"X";"X";"X";"X";"X";"X";"X";"X";"X";"X";"X";"X";"X";"X";"X";"X";"X";"X";"X";"X";"X";"X";"X";"X";"X";"X";"X";"X";"X"
280560405000030;8;376;376;107;85;141;22;0;2;2;0;7;2;4;0;3;0;1;0;0;0;0;7;0;2;2;0;0;0;1;2;0;0;0;0;7;8;12;8;3;8;7;7;9;9;11;8;12;4;13;5;5;4;12;6;11;7;9;8;4;2;6;6;6;6;6;4;2;9;5;7;11;5;9;4;4;3;4;3;1;3;1;5;2;2;4;3;0;2;4;5;1;2;1;1;1;3;1;2;4;2;1;3;2;2;0;0;1;1;1;0;0;1;2;0;0;3;0;0;2;0;1;0;0;0;0;0;0;0;0;0;0;0;0;0
280560405000031;5;827;827;245;164;248;106;6;2;4;0;34;0;5;0;5;2;6;0;0;0;0;23;1;0;2;2;5;1;3;2;1;2;0;4;19;19;16;24;17;22;16;16;20;14;24;17;12;24;15;16;14;20;8;14;13;15;11;15;15;19;14;12;13;8;17;14;17;8;10;13;10;12;9;18;11;3;12;9;8;8;8;4;5;3;6;8;2;8;6;5;6;4;4;2;5;2;6;1;2;4;2;4;3;5;1;3;1;5;1;2;1;4;2;1;2;4;2;2;1;0;3;2;0;0;0;0;0;1;0;0;0;0;0;0
280560405000032;5;954;948;275;189;301;114;23;5;1;1;29;2;6;0;5;0;3;0;0;0;0;26;3;2;1;3;1;2;5;2;1;2;3;1;21;19;25;20;30;10;23;19;23;23;20;20;18;23;27;20;19;14;17;20;28;17;17;21;19;12;14;21;14;19;18;12;15;19;15;14;10;7;6;13;12;6;7;7;10;9;7;7;5;4;9;4;6;7;11;7;6;5;6;5;5;5;5;4;2;1;4;2;3;6;1;1;5;1;1;1;2;1;1;1;4;1;1;1;1;2;0;2;0;0;0;0;0;0;0;1;0;1;0;0
280560405000033;8;364;364;96;80;142;19;3;3;0;0;14;0;3;0;1;1;2;0;0;0;0;4;0;0;0;2;0;1;0;0;0;0;0;1;8;6;9;10;9;8;9;8;8;11;6;10;9;7;9;9;10;4;10;6;9;5;6;10;7;6;9;2;4;7;6;3;5;9;2;1;4;2;4;7;2;5;4;5;5;3;3;1;1;5;3;3;4;3;2;3;2;1;6;2;2;1;1;1;3;1;1;2;1;1;0;2;1;1;1;1;0;1;0;0;0;2;0;0;0;0;0;0;0;0;0;0;0;0;0;0;0;0;0;0
280560405000034;8;392;387;101;85;169;16;0;2;1;0;10;0;0;0;1;0;7;0;0;0;0;8;0;0;1;2;0;2;0;0;2;1;0;0;8;10;11;14;10;8;6;7;9;5;12;10;6;9;9;8;6;13;5;5;4;8;8;7;5;11;7;9;4;5;4;8;3;8;3;6;4;6;9;3;5;4;3;3;1;5;3;4;3;6;4;9;0;1;2;2;3;0;2;1;2;0;2;2;2;1;0;1;2;1;1;1;0;1;3;1;2;0;2;0;1;1;1;0;1;1;0;0;0;0;0;0;0;0;0;0;0;0;0;1
280560405000035;5;276;276;76;51;95;37;2;0;1;0;8;0;2;0;0;0;4;0;0;0;0;5;0;1;0;0;1;0;0;1;0;1;1;0;3;3;6;3;6;4;6;3;4;9;9;13;7;8;4;8;7;3;6;2;6;5;5;7;7;4;7;4;7;3;1;5;4;3;4;2;1;6;3;2;2;1;2;2;3;9;3;1;3;6;4;2;2;2;3;1;2;1;0;4;1;2;2;0;0;2;2;0;2;1;1;0;1;0;0;0;0;1;0;0;1;0;0;0;0;0;0;2;0;0;0;0;0;0;0;0;0;0;0;0
280560405000036;8;535;535;125;93;219;59;0;3;0;0;18;0;12;0;3;1;2;0;0;0;0;7;0;0;1;1;1;0;1;0;1;1;0;1;10;11;14;8;14;7;13;12;15;14;19;16;18;15;16;14;13;10;7;12;12;9;8;10;7;6;6;9;4;11;8;8;7;9;10;7;6;4;6;6;2;6;6;4;3;4;5;2;3;4;3;5;4;4;6;2;5;4;2;5;0;2;6;2;3;2;0;2;1;1;0;1;3;0;2;1;1;0;2;1;1;3;2;0;0;0;0;0;0;0;0;1;0;1;0;0;0;0;0;0
280560405000037;5;459;459;135;81;126;66;5;1;3;1;23;2;10;1;5;0;0;0;0;0;0;9;1;0;2;0;0;1;0;2;2;0;0;1;5;13;4;10;11;5;14;11;11;9;10;12;10;6;12;9;13;7;5;5;8;10;6;8;8;8;7;17;10;7;9;10;6;6;10;7;3;4;5;3;2;4;4;5;8;3;3;2;2;8;4;6;1;2;2;2;6;1;2;3;3;1;3;3;1;5;3;2;1;0;2;2;1;2;1;2;1;0;1;0;1;0;1;0;0;0;2;1;1;1;0;1;1;2;0;0;0;0;1;0
280560405000038;8;501;500;112;89;202;52;8;9;2;3;22;0;1;0;0;0;1;0;0;0;0;13;2;1;0;0;0;1;2;1;1;3;1;1;6;14;17;9;8;9;10;11;14;11;11;18;3;8;18;12;11;13;8;8;13;11;10;10;12;9;7;7;6;7;8;6;10;5;4;5;2;4;4;10;7;4;7;2;6;6;6;5;1;6;2;4;4;2;5;5;0;1;2;7;1;4;2;6;3;2;3;2;2;1;1;0;1;3;1;0;0;1;0;1;0;2;0;0;0;1;0;0;0;0;0;0;0;0;0;0;0;0;0;0
280560405000039;8;306;306;86;63;116;18;4;2;1;0;10;0;0;0;2;0;4;0;0;0;0;5;0;0;0;0;1;1;0;0;1;2;0;0;3;6;2;5;5;9;3;10;11;8;7;8;11;5;8;9;9;6;5;7;4;4;2;6;3;3;3;6;3;3;5;5;4;7;8;3;6;3;6;4;4;3;0;2;4;2;4;4;2;3;5;5;5;2;1;1;1;1;4;3;1;4;2;2;1;2;1;0;2;2;1;0;0;1;0;0;0;0;0;0;0;0;0;1;0;0;0;0;0;0;0;0;0;0;0;0;0;0;0;0
280560405000040;5;664;642;176;133;221;50;15;7;3;4;33;3;7;0;12;0;0;0;0;0;0;8;0;2;0;0;1;0;0;3;2;0;0;0;15;10;10;10;8;8;10;13;10;11;12;16;16;18;13;10;26;15;12;13;11;22;12;14;12;10;13;8;7;10;10;8;6;14;8;8;8;8;9;11;12;6;9;7;6;9;7;8;5;2;5;7;4;6;4;6;5;5;8;4;5;3;2;3;7;2;2;2;2;1;2;2;2;1;3;3;2;4;1;2;2;3;3;1;0;2;0;0;0;1;0;0;1;1;0;0;0;1;0;0
280560405000041;8;531;531;125;103;235;31;4;5;3;1;15;0;2;0;4;0;3;0;0;0;0;5;0;0;0;0;0;1;0;0;1;1;1;1;8;8;11;15;10;13;16;10;16;15;17;24;12;18;13;11;15;12;8;9;7;11;10;7;6;7;13;10;8;13;7;4;9;3;8;4;7;7;6;8;5;8;9;2;2;6;6;3;1;3;2;2;4;1;6;4;1;2;2;4;4;4;3;2;1;5;1;1;1;1;2;0;1;1;0;1;0;1;0;0;2;1;2;0;0;0;0;0;0;1;1;0;0;0;1;0;0;0;0;0
280560405000042;1;521;521;152;117;139;71;3;4;1;1;24;0;1;0;5;0;3;0;0;0;0;11;0;2;0;2;0;1;0;0;2;1;1;2;6;7;15;10;9;10;8;6;13;10;11;13;13;11;22;13;14;17;9;11;15;17;11;12;8;8;12;5;6;8;10;8;3;11;4;8;10;1;8;6;4;7;4;8;6;5;7;3;6;6;1;4;2;3;6;1;2;3;1;2;4;2;1;2;1;2;5;3;1;0;2;1;2;1;0;0;0;0;1;0;0;0;1;0;0;0;0;0;0;0;0;1;0;0;0;0;0;0;0;0
280560405000043;1;613;613;169;115;195;62;1;2;10;1;28;1;14;1;9;2;3;0;0;0;0;8;2;1;1;0;1;1;0;0;0;0;2;0;5;5;8;7;12;8;10;11;8;6;10;10;9;14;14;7;13;14;11;8;11;11;6;9;9;7;7;6;10;8;7;4;12;12;11;4;12;8;13;13;10;10;10;5;11;12;8;6;8;4;6;6;6;4;2;7;8;4;5;6;3;5;1;3;4;2;4;4;8;4;4;3;3;5;3;6;2;6;0;1;0;4;2;2;3;3;4;1;2;3;1;0;0;1;0;0;0;0;0;0
280560405000044;1;760;740;189;147;262;84;13;5;5;1;29;0;12;0;13;0;0;0;0;0;0;18;2;1;3;2;2;1;0;0;1;4;1;1;17;12;7;11;27;10;23;13;22;17;20;25;18;26;21;23;16;11;16;18;15;14;16;9;17;16;19;15;10;15;15;12;13;15;11;9;8;8;6;6;6;4;8;10;5;5;6;4;3;5;4;6;9;3;5;1;2;1;5;4;7;2;2;2;1;4;3;4;3;3;0;1;0;2;1;0;1;1;0;1;0;0;0;2;0;0;2;1;0;1;0;0;0;0;0;0;0;0;0;0
280560405000045;1;443;442;148;89;105;46;1;4;3;1;22;0;7;0;6;2;4;0;4;1;0;5;1;0;0;0;0;1;2;0;0;1;0;0;5;3;5;6;6;4;5;4;6;6;7;4;7;7;10;6;7;7;5;6;12;4;13;7;7;6;11;7;10;11;7;5;7;8;6;6;2;6;2;9;6;7;8;7;9;7;10;5;3;9;5;4;2;5;5;7;8;2;1;3;5;3;5;7;1;4;4;3;0;2;0;1;3;0;2;2;2;1;1;0;4;3;0;2;2;0;0;2;0;0;1;0;0;0;0;0;0;1;1;1
280560405000046;1;713;697;214;160;228;63;5;3;5;0;21;0;10;0;4;0;0;0;0;0;0;24;3;3;3;4;2;1;3;0;0;2;3;0;14;16;16;10;11;11;16;22;13;19;19;10;7;18;19;14;13;8;14;9;17;21;20;17;16;10;25;22;17;17;13;18;11;6;12;9;11;11;15;11;7;10;3;5;7;7;9;4;5;1;3;4;3;1;1;5;3;1;3;3;1;0;3;2;2;1;3;1;1;2;0;3;1;2;1;0;0;0;1;0;0;0;0;1;0;0;1;0;0;0;0;0;0;0;0;0;0;0;0;0
280560405000047;8;573;567;154;114;184;79;9;2;1;0;17;0;4;0;6;2;1;0;0;0;0;12;0;3;0;0;0;3;0;0;2;2;0;2;16;9;16;12;15;12;11;14;13;15;9;13;20;14;20;12;8;11;15;8;9;15;7;11;12;9;10;7;10;6;10;7;11;7;6;4;5;2;7;8;9;4;5;9;8;1;5;6;5;3;2;3;2;4;8;4;6;6;3;2;4;1;0;2;3;3;4;2;3;2;2;2;2;0;1;1;1;1;0;1;0;0;1;1;0;0;0;0;1;1;0;0;0;0;0;0;0;1;0;0
280570305000001;1;460;458;148;88;100;51;6;11;3;3;30;3;7;0;5;2;1;0;2;0;0;5;2;0;0;0;0;0;0;0;0;1;2;0;4;8;4;13;6;4;6;7;9;3;11;3;12;5;7;6;15;4;4;8;7;7;11;4;6;13;9;5;8;8;7;7;6;6;6;4;8;8;7;4;8;5;9;6;8;5;6;8;7;4;7;6;5;5;2;3;4;4;4;7;5;5;4;1;2;0;4;4;7;3;4;1;3;4;0;2;2;1;2;1;0;1;0;0;1;1;2;2;0;0;0;0;0;0;0;0;0;0;0;0
280570305000002;1;962;961;291;166;210;123;9;14;28;2;52;0;38;0;20;1;2;0;6;0;0;13;2;0;1;1;1;0;0;1;2;2;2;1;15;12;13;15;9;13;16;14;11;10;16;19;18;11;16;10;25;16;14;20;16;18;25;22;17;16;14;12;20;17;11;12;14;19;16;14;14;11;18;12;13;16;12;19;8;14;8;14;6;16;8;9;9;10;13;8;6;4;5;9;5;7;3;10;6;3;7;7;3;11;9;7;5;1;2;8;4;2;5;5;1;1;3;3;0;2;2;2;1;1;2;1;0;0;0;1;0;0;1;0
280570305000003;1;636;635;198;123;158;65;3;9;7;3;37;1;11;0;18;0;2;0;1;0;0;6;0;0;1;1;0;0;1;2;0;1;0;0;5;7;8;10;12;8;11;3;11;7;9;13;11;9;8;7;11;8;14;11;10;15;12;12;6;14;7;7;8;14;7;7;11;7;6;6;9;15;8;14;15;11;5;5;14;8;13;9;8;7;10;11;6;8;9;3;8;2;6;4;3;5;4;4;4;4;1;3;3;4;8;6;4;4;4;2;4;1;7;3;0;0;3;0;4;3;0;1;0;1;0;0;0;0;0;0;0;0;0;0
280570305000004;1;904;901;275;158;204;107;3;10;9;3;53;3;20;1;26;3;12;0;13;1;1;11;1;1;0;1;1;1;1;0;0;2;2;1;12;9;14;9;10;9;16;9;11;13;12;11;7;13;16;14;12;12;16;16;18;20;12;25;18;10;21;17;9;8;20;13;21;9;14;17;11;11;14;13;10;21;11;15;16;11;10;14;10;14;8;6;9;6;10;5;6;6;6;7;8;4;13;5;11;8;9;5;5;10;7;8;3;5;7;5;3;4;5;5;2;2;3;2;1;2;1;2;0;2;0;0;1;2;0;0;0;0;0;0
280570305000005;1;429;428;132;73;100;43;6;3;6;1;33;0;12;0;15;0;2;0;2;0;1;3;0;0;0;0;0;2;0;0;0;0;1;0;8;6;5;6;6;9;3;3;5;7;8;3;2;7;7;7;10;4;2;8;5;11;8;10;2;3;6;7;9;3;3;6;6;6;4;7;2;4;7;10;8;12;7;5;9;4;6;4;7;9;10;7;7;2;2;4;2;2;5;3;2;5;3;3;0;6;3;2;3;1;5;2;3;2;2;3;4;2;4;2;1;4;2;1;2;1;1;2;2;0;1;1;0;0;0;0;1;0;0;0
280570305000006;1;797;771;226;131;167;101;4;20;13;2;71;4;22;0;17;3;3;0;0;0;4;15;3;3;1;2;0;0;0;0;2;1;1;2;16;17;21;9;12;10;6;10;8;18;10;19;9;13;10;16;16;12;17;16;15;17;17;21;9;16;12;12;13;11;15;13;14;7;9;11;10;12;10;11;10;8;14;10;10;8;12;8;8;8;10;8;4;9;9;6;3;6;8;9;3;7;6;2;7;3;4;4;6;6;5;5;5;1;1;1;2;4;2;2;4;3;3;1;2;0;1;0;0;3;0;0;0;0;0;0;0;0;0;1
280570305000007;1;536;535;132;88;130;94;4;10;4;1;54;0;5;0;11;1;2;0;0;0;0;11;1;1;0;1;0;1;0;0;1;1;1;4;9;13;14;14;11;11;14;13;11;15;9;14;11;5;15;14;10;10;14;11;11;11;7;14;7;11;5;11;8;6;11;7;8;6;4;5;4;3;13;5;4;5;5;6;4;7;5;8;8;4;7;4;6;6;1;3;1;4;2;3;2;2;3;0;1;4;2;1;0;4;4;3;1;2;0;1;1;2;0;0;0;1;2;1;0;0;0;0;0;0;0;0;0;0;0;0;0;0;0;0
280570305000008;1;847;842;213;148;237;87;20;15;14;2;76;2;13;0;19;0;0;0;1;0;0;13;1;3;0;1;1;1;3;0;2;1;0;0;17;14;15;10;7;14;13;25;14;19;18;18;18;23;22;28;18;24;14;13;13;18;10;18;25;9;13;17;16;12;12;12;3;12;13;14;13;6;7;12;17;17;12;12;11;14;9;9;13;10;5;11;5;7;7;6;5;6;1;7;2;3;2;3;4;3;2;3;1;3;1;2;3;3;3;2;1;1;2;1;0;0;0;1;1;1;2;0;0;0;0;0;0;0;0;1;0;0;0;0
280570305000009;1;807;789;219;152;197;104;19;10;6;0;47;2;5;0;23;2;3;0;0;0;13;12;0;0;1;0;2;2;2;2;1;1;0;1;15;19;16;21;18;13;12;19;21;18;11;10;19;22;26;21;16;16;9;14;19;17;15;18;18;15;15;14;12;17;10;15;18;15;10;10;13;9;8;6;19;14;15;11;10;6;8;9;8;9;6;4;5;3;2;4;4;5;4;4;1;1;3;1;2;2;4;3;3;1;1;1;0;1;0;1;0;3;0;1;1;0;1;1;1;0;0;0;0;2;0;0;0;0;0;0;0;0;0;0
280570305000010;1;817;817;238;133;169;95;14;10;14;0;81;5;25;1;27;1;2;0;2;0;0;8;0;1;1;1;1;1;1;1;1;0;0;0;13;11;16;14;12;13;16;12;22;17;10;15;15;16;12;11;15;16;6;17;7;10;17;7;20;10;20;13;12;19;10;9;18;7;12;12;9;15;11;14;11;15;9;11;15;11;7;6;4;7;5;10;7;5;3;7;8;3;9;10;8;8;5;12;5;5;8;7;5;3;5;4;6;1;5;2;0;3;1;4;1;3;3;1;1;0;2;1;0;3;1;1;1;0;0;0;0;0;0;0
280570305000011;1;1113;1104;310;201;266;157;18;18;7;0;82;2;12;1;23;4;3;0;0;0;0;15;1;4;2;2;0;0;1;0;2;0;2;1;18;17;20;15;18;19;11;18;20;21;23;15;18;30;26;22;17;25;22;26;34;24;26;25;17;17;22;23;19;14;18;23;15;14;20;15;8;17;5;16;12;19;15;16;15;11;16;13;13;14;15;12;7;7;8;4;7;6;6;5;11;8;12;6;6;5;5;6;8;6;3;2;0;3;3;8;0;3;0;1;0;0;1;0;0;0;0;0;1;0;0;0;0;0;2;0;1;2;0;1
280570305000012;1;290;290;87;59;80;28;8;3;2;0;14;0;5;0;2;1;0;0;1;0;0;4;3;0;0;0;0;0;0;0;0;0;0;1;5;5;3;4;11;1;7;3;8;10;2;6;4;2;9;9;5;4;6;4;6;6;5;1;8;3;6;5;10;4;2;5;6;4;6;2;5;4;3;11;2;5;6;2;5;4;3;2;2;2;3;5;1;4;6;1;5;4;0;0;3;3;1;3;0;1;0;1;0;0;0;0;1;1;0;0;0;0;0;0;0;0;0;0;0;0;0;0;0;0;0;0;0;0;0;0;0;0;0;0
280570305000013;1;966;966;269;174;200;200;20;11;8;4;48;0;15;0;13;1;3;0;0;0;0;15;0;2;1;0;1;4;2;1;1;0;1;2;21;20;18;19;14;25;20;25;23;23;20;24;21;20;29;19;24;13;18;14;18;21;13;15;19;14;22;14;17;16;9;17;16;19;17;14;14;9;7;17;14;12;18;12;14;9;7;13;11;7;5;10;5;4;7;6;4;8;5;9;3;2;4;5;2;5;4;3;3;3;6;2;0;2;2;2;0;0;1;1;1;0;0;0;0;0;0;0;0;1;0;0;1;0;0;0;0;0;0;0
280570305000014;1;891;891;249;161;235;113;22;7;9;4;53;0;7;0;18;0;11;0;2;0;0;15;3;1;3;3;0;0;1;2;0;0;2;0;23;11;14;14;19;21;20;13;16;25;12;26;21;23;17;20;15;12;22;16;24;16;17;19;22;15;15;17;11;15;11;11;18;11;13;16;4;7;14;10;11;17;7;9;9;10;11;11;14;14;10;8;10;12;2;3;5;5;6;3;3;4;5;3;5;2;1;4;1;4;2;2;2;0;1;1;2;0;0;0;4;2;3;0;0;1;0;0;0;0;0;0;0;0;1;0;0;0;0;0
280570305000015;1;844;843;241;148;177;90;30;11;6;7;86;8;19;1;15;2;2;0;0;0;1;9;0;1;0;1;1;0;0;0;2;2;2;0;16;16;9;15;10;15;12;19;13;19;12;19;14;10;21;18;16;15;18;15;27;14;14;15;11;6;18;17;14;13;11;11;8;6;16;11;13;13;13;9;11;10;17;10;10;15;12;12;12;8;12;8;5;7;10;4;4;6;4;3;4;4;11;6;5;4;7;6;6;4;3;3;4;4;2;2;3;2;1;2;1;0;1;1;3;2;1;0;1;0;0;0;0;0;0;0;0;0;0;0
280570305000016;1;703;667;198;128;156;85;30;7;1;1;46;2;3;0;9;0;1;0;0;0;6;12;1;0;2;1;2;1;1;3;0;0;0;1;12;12;12;14;15;7;13;6;17;21;9;21;20;16;15;14;12;10;12;12;13;17;18;21;6;14;13;16;12;9;14;11;9;8;8;9;14;13;10;7;4;11;7;4;7;10;4;9;8;7;5;0;6;5;4;4;2;3;1;5;3;3;5;4;8;5;3;1;3;5;0;3;2;1;4;5;0;1;2;2;2;2;2;0;0;0;0;0;1;0;2;1;0;0;0;1;0;0;1;1
280570305000017;1;559;556;173;95;111;61;16;5;6;2;50;2;10;0;24;1;0;0;0;0;0;11;1;2;1;1;1;0;1;2;0;0;2;0;18;11;9;5;7;13;6;9;11;9;8;14;5;14;8;12;12;10;15;8;7;8;11;14;8;11;10;11;15;6;6;7;10;9;6;9;6;9;4;12;9;3;6;11;10;4;9;5;6;10;7;4;4;7;3;4;2;3;5;3;2;3;4;0;3;2;4;3;0;3;3;3;1;0;4;1;3;2;1;1;1;1;0;0;0;1;0;0;1;1;0;0;0;0;0;1;0;0;0;1
280570305000018;1;874;873;255;169;226;87;13;13;10;2;55;5;9;2;9;9;8;1;1;0;0;16;0;2;2;3;2;1;2;1;1;0;1;1;10;19;12;9;6;7;20;20;13;18;16;17;17;16;17;20;13;16;14;18;19;26;19;25;17;15;21;18;14;12;13;6;11;13;12;11;10;5;10;10;12;16;12;16;21;12;11;8;9;20;9;6;5;12;11;4;1;6;3;5;2;6;10;4;1;2;1;2;4;7;3;2;0;3;4;0;2;3;2;3;1;1;2;3;1;2;0;0;1;0;1;0;0;0;1;0;0;0;0;0
280570305000019;1;627;627;193;105;144;78;4;10;7;1;46;0;13;1;23;1;0;0;1;0;0;5;1;0;0;0;0;0;1;0;2;1;0;0;7;11;6;8;4;8;6;12;12;15;14;6;8;9;14;14;13;8;4;12;14;14;11;9;11;14;8;15;12;6;5;11;7;12;11;5;9;3;14;10;11;14;14;7;13;10;10;8;10;8;5;7;1;6;7;4;5;6;4;4;6;3;5;5;2;2;5;5;6;4;1;4;2;2;2;3;1;2;3;2;1;3;1;1;0;0;1;0;0;0;0;0;3;0;0;1;0;0;0;0
280570305000020;1;957;948;280;158;220;138;1;14;6;3;80;6;14;0;13;1;13;0;1;0;9;10;0;1;0;2;1;0;0;0;1;2;1;2;14;13;7;18;12;12;13;18;20;17;22;22;13;16;21;22;17;18;18;15;16;20;16;12;19;13;10;18;12;12;11;10;14;16;17;11;15;16;17;14;12;16;10;15;11;13;9;16;13;13;12;12;8;11;4;17;8;9;8;3;4;8;10;9;3;4;4;5;2;6;5;4;4;3;5;3;3;4;4;1;3;2;2;1;2;3;1;1;2;0;0;1;1;0;0;0;0;0;0;0
280570305000021;1;580;580;179;100;132;88;4;6;4;3;39;2;5;0;9;8;1;0;0;0;0;13;3;1;0;0;2;3;0;0;2;0;2;0;15;15;10;8;6;10;12;9;9;12;4;11;10;9;8;12;4;10;11;11;15;7;16;9;12;13;16;16;8;12;3;1;9;10;7;6;7;12;8;6;10;17;9;9;4;9;10;3;3;4;7;4;3;3;4;3;3;6;7;3;2;2;1;2;4;5;4;3;3;5;4;1;3;1;2;1;1;0;0;4;0;1;0;1;0;3;0;0;1;2;0;0;0;0;0;0;1;0;0;0
280570305000022;1;891;878;256;177;238;108;7;10;11;6;28;2;9;0;16;8;2;0;0;0;0;14;0;2;2;1;0;1;1;2;2;3;0;0;13;19;7;9;9;13;20;21;14;15;26;16;14;21;20;18;17;12;15;15;22;23;18;14;11;14;16;9;19;15;23;9;19;19;19;21;10;15;13;16;14;12;15;15;11;12;15;9;11;6;7;12;7;5;3;6;5;3;2;8;6;5;5;7;4;2;3;4;1;2;3;2;2;1;0;1;0;2;2;2;0;1;0;1;0;1;0;0;0;1;0;1;0;0;1;0;0;0;0;0
280570305000023;1;622;622;178;115;169;59;9;10;7;1;50;0;10;0;14;0;0;0;0;0;0;11;0;2;1;0;0;1;1;1;0;4;1;0;9;6;8;6;11;9;7;8;8;9;6;15;16;5;8;13;5;15;9;12;6;14;9;12;6;5;4;6;14;10;17;6;4;10;13;3;7;11;15;18;7;10;10;8;10;13;6;9;15;6;6;4;6;8;6;6;4;6;3;5;5;4;1;4;6;6;2;2;2;5;6;2;5;7;3;3;2;3;1;5;4;1;1;0;2;0;0;1;0;1;1;0;2;0;0;0;1;0;0;0
280570305000024;1;973;973;265;163;187;212;53;7;7;2;45;0;10;0;15;0;7;0;0;0;0;18;3;0;2;1;3;0;1;0;3;3;1;1;28;23;25;21;35;28;27;30;24;40;27;22;18;26;20;26;20;15;20;17;22;24;16;17;21;12;16;26;13;17;12;17;11;6;14;13;9;11;9;12;10;11;10;6;11;12;8;8;7;4;7;4;5;3;6;6;4;2;5;5;1;3;3;1;4;5;0;1;2;0;2;1;0;2;0;0;0;1;0;0;0;0;1;0;0;0;0;0;1;0;0;0;0;0;0;2;0;0;0;1
280570305000025;8;458;458;122;93;167;31;7;6;1;0;17;0;1;0;7;5;1;0;0;0;0;5;0;0;2;0;1;0;0;1;0;1;0;0;10;10;14;8;10;8;14;10;12;17;11;8;12;9;10;13;4;13;5;10;8;8;11;6;14;4;7;5;8;5;9;10;8;2;5;7;5;3;7;6;3;2;7;2;2;5;6;6;3;4;1;4;2;3;6;3;3;3;3;1;4;2;3;1;3;2;2;4;1;3;3;3;1;1;0;0;1;0;0;2;0;2;0;0;0;0;0;0;0;0;0;0;0;0;0;0;0;0;0;0
280570305000026;5;477;477;129;83;137;64;10;7;1;1;35;2;3;0;5;0;0;0;0;0;0;9;0;1;0;1;0;0;3;0;2;0;2;0;2;4;7;9;8;6;5;8;7;14;10;11;14;5;12;16;11;9;11;7;11;19;6;6;10;9;10;6;11;8;8;6;10;8;8;7;4;4;6;4;5;2;3;7;6;5;7;1;5;5;3;5;3;4;4;4;2;2;4;2;4;2;4;3;2;3;4;3;1;4;2;3;0;5;1;2;0;1;0;1;1;0;0;2;0;0;0;1;1;0;1;0;0;0;0;1;0;0;0;0
280570305000027;5;279;279;61;46;103;26;3;3;4;0;10;1;8;0;13;0;1;0;0;0;0;3;0;0;1;0;1;0;0;1;0;0;0;0;3;3;1;4;6;3;6;9;6;8;7;8;8;8;10;5;10;11;4;2;6;9;6;4;5;4;6;5;3;5;4;6;1;2;3;1;0;2;1;6;4;3;3;2;0;4;6;4;0;2;2;2;1;5;2;2;3;3;2;4;0;1;2;0;0;1;1;2;0;0;1;1;0;1;1;1;0;0;0;2;1;1;0;1;0;2;0;0;0;0;0;0;0;0;0;1;0;0;1;0
280570305000028;8;227;218;64;42;67;26;5;4;2;0;10;1;5;0;0;1;0;0;0;0;0;3;0;0;1;0;0;1;0;0;0;0;1;0;3;0;4;5;3;6;2;0;4;4;3;3;2;4;6;4;3;7;6;3;6;4;5;3;2;9;2;5;6;2;1;2;2;2;4;1;4;6;2;2;4;3;2;4;2;0;2;3;1;1;4;8;3;0;2;1;1;1;1;2;2;5;1;3;1;0;5;1;1;3;0;1;2;2;3;3;1;1;0;2;0;0;0;0;0;0;0;0;0;0;0;0;0;0;0;0;0;0;0;0
280570305000029;5;545;541;153;103;183;47;2;6;8;0;28;0;6;0;6;0;3;0;0;0;0;5;0;0;2;1;0;0;0;0;1;1;0;0;3;13;7;10;13;10;9;16;12;11;10;15;13;9;22;11;8;8;9;6;12;13;14;12;8;4;7;3;7;6;11;2;4;12;13;4;9;8;6;17;8;6;6;9;8;12;4;6;8;2;6;8;5;8;5;1;0;1;1;2;1;2;1;1;4;2;3;0;1;3;2;0;2;4;4;1;1;2;2;2;2;1;1;0;2;0;1;0;1;0;0;0;0;0;0;0;0;0;1;0
280570305000030;5;560;560;158;104;159;56;0;12;10;0;40;3;5;0;11;1;1;0;0;0;0;9;0;0;1;1;0;0;1;2;2;1;1;0;8;11;6;11;7;11;10;8;6;12;10;15;7;11;12;6;13;9;7;7;16;12;13;4;6;8;11;10;10;13;4;8;9;7;4;8;5;5;5;1;7;10;7;11;4;5;6;6;8;3;6;3;6;9;9;13;6;5;5;6;2;2;3;3;2;4;5;3;5;2;1;3;3;3;1;5;2;1;2;4;0;3;0;1;3;1;1;0;0;0;0;1;1;0;0;1;0;1;0;1
280570305000031;8;178;175;50;37;61;12;7;0;2;0;3;0;3;0;3;0;0;0;0;0;0;3;0;0;0;0;0;0;1;0;1;1;0;0;4;5;7;6;2;4;2;2;4;2;4;2;1;12;4;3;5;4;2;4;2;3;3;4;4;5;5;1;3;1;0;3;3;2;5;1;1;0;3;1;2;5;0;2;2;1;3;1;0;0;1;2;0;3;3;1;1;2;0;2;2;0;0;2;1;2;0;0;1;1;1;1;1;0;2;0;0;0;0;0;0;0;0;0;0;0;0;0;0;0;0;0;0;0;0;0;0;1;0;0
280570305000032;5;728;715;185;125;225;103;28;8;1;2;35;0;0;0;8;0;8;0;0;0;0;18;0;5;1;2;1;3;0;2;1;1;1;1;18;26;12;15;22;13;21;15;13;17;24;23;22;18;16;14;13;14;20;13;20;11;17;8;12;12;11;12;15;11;8;14;6;8;15;7;7;7;14;8;7;7;4;8;5;8;6;1;4;7;2;5;3;2;7;3;4;5;4;2;2;7;2;3;9;1;2;2;2;2;1;1;1;0;4;2;0;0;0;1;0;0;0;0;1;0;0;0;0;0;0;0;0;1;0;0;0;0;0;0
280570305000033;5;269;269;68;60;111;9;6;1;1;0;11;0;1;0;1;0;0;0;0;0;0;6;0;2;0;0;0;0;0;1;2;0;1;0;5;10;7;8;11;7;3;6;7;5;4;8;9;5;10;1;10;5;7;4;3;7;5;7;3;3;5;3;3;3;2;6;7;4;5;1;3;1;3;0;0;2;2;4;2;2;4;1;2;1;1;1;3;3;2;2;1;2;0;3;1;1;1;1;0;1;0;1;1;2;2;2;1;0;2;1;0;0;0;0;0;0;0;2;0;0;0;0;0;0;0;0;0;0;0;0;0;0;0;0
280570305000034;8;340;339;106;69;88;39;10;0;1;0;17;1;2;0;5;1;1;0;0;0;0;6;0;0;1;0;1;1;0;0;0;0;1;2;5;2;5;7;8;7;5;5;5;8;8;7;9;4;9;7;7;6;5;4;10;5;11;3;6;6;5;4;6;7;10;5;1;4;6;6;2;3;2;1;3;4;3;5;5;6;4;3;4;2;2;7;4;5;1;4;3;0;6;4;0;1;3;0;1;0;2;0;3;5;0;0;1;2;0;1;1;3;2;1;1;1;2;1;0;0;0;0;0;1;0;0;1;0;0;0;0;0;0;0
280570305000035;1;711;711;212;142;183;82;7;12;6;1;38;0;5;0;20;1;2;0;0;0;0;11;0;0;2;0;2;0;0;1;0;3;3;0;12;6;12;5;14;7;16;10;17;12;10;15;18;12;8;15;16;18;6;16;12;11;9;19;18;14;13;9;11;9;15;9;9;8;9;7;14;8;11;5;13;14;10;11;9;8;11;8;11;7;9;7;11;9;5;9;4;5;2;3;5;6;4;0;4;4;2;3;3;1;5;2;1;2;3;4;3;0;2;3;1;4;2;0;1;0;1;0;1;1;0;0;0;0;0;0;0;0;0;1
280570305000036;1;697;696;210;131;191;66;3;8;3;3;30;0;22;1;19;3;5;0;2;0;0;13;0;0;1;2;3;1;2;1;0;1;2;0;8;10;6;12;8;3;10;6;9;12;10;11;12;9;18;12;6;19;11;11;20;13;13;8;6;17;10;12;14;17;5;6;11;4;11;9;12;13;7;17;13;15;14;10;6;14;11;6;10;6;7;13;7;9;15;5;3;6;3;8;6;7;5;4;5;5;1;1;3;2;1;2;1;2;1;3;4;6;3;0;1;1;3;0;0;4;0;0;1;1;0;0;0;0;0;0;2;0;0;0
280570305000037;1;706;705;193;132;210;86;8;7;5;1;31;0;14;1;18;0;0;0;0;0;0;17;1;0;2;1;3;2;0;2;0;0;5;1;8;10;9;12;13;10;14;16;15;17;16;9;11;10;13;17;14;19;25;11;15;15;15;15;19;11;17;16;14;6;14;13;12;8;15;6;6;10;9;10;12;7;7;8;11;5;8;4;7;10;8;7;6;5;7;2;9;2;5;3;4;2;2;2;0;1;4;0;2;4;4;4;3;4;0;0;0;0;1;0;0;0;0;1;0;1;1;0;0;0;0;0;0;0;0;0;0;0;0;1
280570305000038;1;815;815;202;141;219;110;18;15;11;2;74;0;9;0;13;0;0;0;1;0;0;19;1;0;3;1;2;4;1;0;1;2;1;3;13;18;14;12;11;17;15;13;6;16;20;15;12;11;22;23;18;21;25;21;27;18;17;16;21;12;11;14;16;11;11;10;11;12;15;9;13;4;18;10;9;8;14;11;17;9;11;4;10;11;10;2;6;4;5;6;5;3;5;4;3;1;2;0;3;2;3;4;3;0;1;2;2;4;4;2;1;0;0;1;0;0;0;0;1;2;0;0;0;1;0;0;0;0;1;0;0;0;0;0
280570305000039;1;783;783;216;138;204;126;16;16;3;2;49;3;1;0;7;1;0;1;0;0;0;13;1;2;1;1;1;0;0;4;0;1;0;2;17;7;9;17;23;11;12;14;17;25;17;18;20;22;21;18;17;16;22;17;20;20;8;13;14;13;10;13;9;6;13;11;6;9;19;9;9;10;10;14;11;20;7;12;9;7;9;7;7;4;8;11;5;4;4;2;2;6;7;3;2;4;3;3;5;6;2;3;2;1;3;4;0;2;0;3;0;0;1;0;0;1;0;1;0;0;0;0;0;1;0;0;1;0;0;1;0;0;0;0
280570305000040;1;545;545;149;99;151;64;12;3;7;0;28;0;7;0;21;0;4;0;0;0;0;12;1;1;3;0;1;1;1;1;1;0;1;1;21;8;12;12;6;11;13;8;13;11;12;13;10;12;24;14;21;10;12;11;16;11;5;7;9;10;7;11;7;7;8;8;7;7;5;6;4;7;5;13;4;6;9;4;4;6;4;9;5;9;1;1;2;2;1;6;3;1;5;1;1;2;1;1;3;6;1;1;2;5;1;1;3;0;1;1;1;1;2;0;0;1;0;0;0;0;0;0;0;0;1;0;0;0;0;0;0;0;0;0
280570305000041;1;664;664;194;116;171;104;9;6;8;1;24;1;6;1;16;2;1;0;1;3;0;10;2;1;0;3;1;0;2;0;0;1;0;0;15;9;13;6;9;11;6;12;11;15;9;10;11;16;15;11;13;18;13;18;18;20;11;14;13;16;9;10;10;13;9;9;5;11;11;17;8;8;14;6;5;14;11;12;9;2;10;7;4;7;7;4;6;8;3;4;3;4;1;3;4;0;4;1;2;1;4;2;2;3;3;1;1;1;2;2;2;5;2;5;2;0;0;1;1;0;1;1;0;1;1;0;0;0;0;0;1;0;1;0
280570305000042;1;671;671;199;124;151;89;8;11;4;2;59;5;6;0;10;0;1;1;1;0;0;9;1;2;0;2;1;0;0;0;2;1;0;0;13;13;15;10;9;7;8;12;8;13;8;10;14;10;15;12;13;12;10;12;11;12;9;21;14;12;13;15;8;16;14;15;9;11;16;9;6;9;10;12;15;6;5;9;12;3;13;12;7;10;8;2;5;3;4;4;5;5;5;0;7;8;5;3;3;2;2;2;2;2;3;3;2;2;0;3;2;0;2;1;1;3;2;0;1;1;0;0;1;0;0;0;0;0;0;0;0;0;0;0
280570305000043;1;713;711;211;145;202;69;16;7;6;1;30;0;7;1;14;2;2;0;0;0;0;11;0;0;0;1;1;0;1;1;2;2;1;2;16;15;12;11;6;8;13;16;15;18;17;13;15;12;11;17;18;17;10;14;13;12;11;7;12;11;19;13;9;11;8;10;11;8;13;10;7;14;9;21;3;16;13;5;14;13;5;11;6;5;8;13;7;6;5;3;2;2;3;2;4;6;5;1;2;4;2;0;4;1;2;3;2;0;2;1;2;0;1;3;1;3;2;1;2;0;0;2;0;0;0;0;0;0;0;0;0;0;0;1
280580205000001;1;1322;1322;347;200;401;211;16;18;3;0;74;4;21;0;22;1;2;0;2;0;0;29;3;3;3;6;2;0;1;1;2;4;2;2;15;22;21;35;26;22;29;26;26;28;29;35;21;17;43;28;32;28;27;31;27;43;26;30;17;23;27;23;14;27;21;29;17;21;20;15;19;18;17;22;11;21;11;21;25;22;7;11;5;12;9;8;7;7;6;8;5;6;4;5;4;6;4;3;7;5;5;2;3;11;5;5;4;2;2;2;0;2;1;1;0;1;1;0;0;2;1;2;2;0;0;0;0;0;0;0;0;0;1;1
280580205000002;1;1443;1443;348;217;413;254;34;17;2;6;103;3;12;0;27;4;0;0;3;0;0;18;1;1;6;1;1;1;1;1;1;0;3;1;20;21;27;33;28;24;27;26;39;35;32;41;35;25;42;39;43;30;20;32;33;29;30;30;27;20;25;16;12;24;29;26;18;24;18;19;14;17;17;28;13;21;19;21;13;17;10;13;11;11;19;11;8;12;13;9;8;8;0;7;5;6;7;4;4;5;8;3;4;5;5;4;5;2;5;2;5;4;1;3;3;0;1;3;1;2;1;3;0;1;1;0;1;0;1;0;0;1;0;0
280580205000003;1;1026;1026;277;153;234;208;9;18;5;1;86;0;12;1;15;4;3;0;0;0;0;14;1;3;0;1;2;0;0;2;0;3;1;1;18;16;18;15;12;15;15;10;17;22;13;22;19;15;19;22;21;17;25;18;15;15;16;21;24;12;17;20;18;22;11;26;23;15;19;15;10;17;10;9;23;19;9;13;9;9;7;11;16;9;12;11;9;5;10;9;9;7;6;9;10;5;6;3;5;6;5;8;5;2;4;3;7;5;4;3;3;7;5;2;3;2;1;5;1;0;2;0;0;1;0;2;1;0;0;0;0;0;0;0
280580205000004;1;519;519;152;88;127;87;1;3;4;0;29;0;10;0;15;0;1;0;1;1;0;2;0;0;0;0;1;0;0;1;0;0;0;0;8;5;10;4;7;8;7;7;4;4;14;6;8;9;8;9;11;12;9;9;10;5;8;11;13;6;8;10;10;11;6;3;7;5;13;9;6;5;4;12;11;8;13;7;9;3;12;1;2;3;6;6;4;4;4;2;2;2;3;4;3;3;6;3;6;3;8;2;1;3;1;3;3;7;2;5;2;2;2;3;2;3;3;1;2;2;1;2;0;1;1;0;1;0;1;0;2;0;0;0
280580205000005;8;170;170;46;31;68;8;2;3;0;0;6;2;2;0;1;1;0;0;0;0;0;4;0;0;0;0;0;0;1;0;1;0;0;2;4;1;2;2;2;4;1;3;4;4;3;3;4;4;4;0;4;6;4;4;3;4;5;1;2;2;3;3;4;2;2;4;4;3;1;2;1;3;1;3;3;0;2;1;1;2;4;4;3;1;1;2;1;1;0;0;0;2;0;3;0;3;0;0;1;1;0;1;1;1;2;0;1;0;0;0;2;1;0;0;0;1;1;2;0;0;0;1;0;0;0;0;0;0;0;0;0;0;0;0
280580205000006;8;689;689;180;111;222;112;3;7;2;0;37;0;3;0;11;1;0;0;0;0;0;8;0;0;1;0;2;0;1;1;1;0;1;1;7;10;9;13;11;10;10;17;19;19;16;14;12;13;16;24;14;13;12;11;13;12;12;11;6;5;8;11;12;15;4;17;12;5;8;7;10;9;9;8;6;8;16;6;11;4;8;9;5;8;7;6;8;2;9;6;11;6;7;3;3;4;2;3;3;3;4;2;4;3;8;2;4;3;3;1;5;3;0;2;0;3;2;0;1;0;0;0;0;0;0;1;0;2;0;0;0;0;0;0
280580205000007;8;423;423;118;73;102;68;11;5;1;1;30;3;9;0;0;2;0;0;0;0;0;5;0;0;1;0;0;0;0;1;3;0;0;0;8;4;5;7;9;8;6;5;10;7;5;10;11;8;6;10;6;5;5;6;10;5;6;10;5;2;7;12;9;14;8;8;9;9;4;11;8;7;4;8;5;6;5;5;4;2;7;2;5;3;0;6;2;3;0;3;5;3;2;3;4;3;3;5;6;2;3;0;0;2;2;3;1;0;1;1;2;1;1;3;0;2;1;0;0;0;0;1;1;0;0;0;1;0;0;1;0;0;0;0
280580205000008;8;556;556;137;91;193;54;9;8;1;1;46;5;2;0;8;0;1;0;0;0;0;10;1;1;2;0;1;1;0;0;2;0;1;1;8;11;13;12;14;8;14;15;12;13;15;11;16;16;15;9;13;11;12;11;12;11;6;7;8;4;6;5;8;11;6;11;10;7;5;9;13;8;6;11;9;9;4;10;4;6;0;4;6;3;4;5;3;4;3;7;5;4;2;3;4;2;3;3;6;1;2;1;1;2;2;1;3;0;0;0;0;1;1;0;1;0;1;0;0;0;0;1;0;1;0;0;0;0;0;1;0;0;0;0
280580205000009;8;932;929;201;153;335;133;3;8;2;2;70;3;13;0;7;0;2;0;0;0;0;16;0;1;2;1;2;1;3;1;1;1;1;2;17;14;20;13;27;10;18;19;34;25;30;26;24;17;19;14;22;17;20;15;20;26;19;19;18;18;13;18;21;14;15;15;13;19;16;12;6;11;14;17;4;6;10;8;9;11;4;6;9;5;8;3;2;3;5;6;4;8;6;4;5;5;8;5;6;4;3;1;1;7;3;3;2;3;3;1;1;3;1;0;0;1;0;1;0;1;0;0;0;1;0;0;0;1;0;0;0;0;0;0
280580205000010;8;797;794;190;142;318;65;6;7;12;2;39;0;11;1;3;0;1;0;0;0;0;7;1;0;0;0;2;0;1;2;1;0;0;0;4;16;10;19;12;14;16;20;16;25;21;29;21;16;20;22;21;13;17;13;10;10;14;12;6;15;10;12;15;12;12;11;15;11;15;10;6;9;7;16;11;10;13;10;6;12;6;4;6;1;4;5;6;9;4;6;4;2;4;7;3;9;4;6;11;5;3;9;3;5;4;1;2;4;1;2;0;2;1;2;1;3;0;1;2;1;0;0;0;1;0;1;0;0;0;0;0;0;0;0
280580205000011;8;586;586;130;96;235;86;2;7;0;1;22;0;0;0;5;0;2;0;0;0;0;6;0;0;1;0;3;0;0;0;1;0;1;0;16;8;18;11;12;11;18;14;16;21;18;17;13;12;25;15;12;19;9;7;9;12;8;11;10;8;12;9;6;8;6;6;7;7;12;3;8;7;3;5;11;6;6;5;9;4;8;3;4;2;3;4;6;4;6;5;1;2;4;5;3;1;3;3;3;1;0;0;0;2;1;2;4;1;0;0;0;0;3;1;0;1;1;1;0;1;0;0;1;0;0;0;0;0;0;0;0;0;0;0
280580205000012;5;659;659;183;115;180;101;8;4;4;0;38;3;8;0;11;0;4;0;0;0;0;9;0;0;2;3;1;1;0;1;0;1;0;0;14;10;6;7;12;17;13;14;14;20;5;10;16;16;22;13;8;17;10;9;12;16;13;12;13;11;7;11;12;3;3;12;8;5;10;12;7;13;18;15;9;8;8;4;7;2;6;8;5;10;3;3;4;3;9;6;4;4;5;5;3;5;4;2;7;1;5;4;2;3;1;0;4;3;2;1;4;1;5;4;1;2;1;1;0;0;0;1;1;0;2;0;0;0;0;0;1;0;0;0
280580205000013;5;507;507;148;95;133;71;10;6;2;1;30;3;7;0;0;1;0;0;0;0;0;10;2;2;1;2;0;0;0;0;1;0;1;1;5;9;8;5;15;11;9;14;11;9;12;9;9;11;10;8;16;17;10;11;2;8;7;8;6;5;5;6;5;4;6;8;6;6;5;7;13;8;13;9;11;9;6;5;5;3;3;2;5;5;4;4;3;4;3;4;1;2;3;4;6;2;2;3;3;4;5;3;3;3;2;2;3;3;5;3;1;1;1;1;2;1;2;2;0;2;0;0;0;0;0;0;0;0;0;0;0;0;0;0
280580205000014;5;539;522;154;102;150;53;0;11;10;1;29;0;21;0;1;2;2;0;3;0;0;5;0;1;1;0;1;0;1;0;0;0;1;0;5;6;7;14;5;5;7;7;8;10;6;11;4;8;15;4;11;12;5;10;14;7;19;11;12;7;7;10;8;10;8;7;2;11;8;9;10;7;8;10;18;6;5;3;10;11;5;5;9;6;8;5;2;8;4;4;2;2;4;3;6;5;6;3;5;5;4;4;5;6;2;1;0;1;3;2;3;1;0;1;0;1;1;0;0;0;0;0;0;2;0;0;1;1;0;0;0;0;0;0
280580205000015;5;675;675;189;132;205;65;7;7;5;1;54;0;3;0;6;0;1;0;0;0;0;5;0;1;1;0;0;1;1;0;0;1;0;0;5;11;12;11;11;11;12;13;5;17;9;10;10;17;14;15;10;18;15;9;14;11;8;9;17;13;12;10;14;10;12;12;16;11;9;12;11;10;7;5;10;8;8;10;13;4;6;1;6;1;2;6;6;6;5;10;4;3;5;2;8;6;6;7;6;2;9;2;4;7;3;2;1;4;2;1;2;4;3;2;0;2;1;4;0;0;1;1;0;1;0;1;0;0;1;0;0;1;0;2
280580205000016;8;174;174;55;36;60;11;0;1;0;0;8;0;3;0;0;0;0;0;0;0;0;5;0;1;0;1;0;1;0;0;0;1;0;1;2;2;3;1;4;1;2;0;0;4;2;2;6;1;3;4;3;2;2;5;2;3;2;3;2;4;3;4;3;4;1;2;2;3;6;2;3;1;7;3;1;2;3;1;3;1;2;1;1;1;1;3;2;1;3;3;1;1;1;2;1;2;2;1;4;1;4;0;4;0;0;1;1;0;1;0;0;1;1;0;0;0;0;0;1;0;0;0;0;1;0;0;0;0;0;0;0;0;0;0
280580205000017;5;575;575;175;107;183;56;5;7;2;1;23;0;3;3;9;1;0;0;0;0;0;4;1;2;0;0;0;0;0;0;1;0;0;0;6;10;10;8;6;11;9;9;5;12;10;11;17;8;12;15;15;9;5;10;11;11;5;9;8;6;8;9;13;12;6;8;7;13;8;6;12;10;7;8;8;9;7;12;5;6;5;8;2;7;5;2;2;4;3;4;5;8;4;5;4;3;6;8;5;7;6;4;2;10;1;3;1;2;1;3;1;2;2;0;0;1;2;1;1;1;2;0;0;1;1;2;0;0;0;1;0;1;0;0
280580205000018;5;249;249;78;48;83;22;0;2;3;0;6;0;3;0;2;0;0;0;2;0;0;1;0;0;0;0;0;0;0;0;0;0;0;1;1;1;2;2;3;5;3;3;5;5;1;7;5;6;4;9;3;13;6;0;6;2;3;4;3;2;2;2;5;6;1;1;2;3;3;5;2;3;5;5;7;1;1;4;4;4;3;6;4;3;2;3;1;3;2;3;3;2;6;3;0;2;0;1;2;3;1;2;4;1;1;1;1;0;1;1;1;2;0;3;0;1;0;0;1;1;1;1;0;0;1;0;1;0;0;0;0;0;0;0
280580205000019;8;498;498;112;88;248;20;4;0;7;0;15;0;3;0;1;0;0;0;0;0;0;11;0;0;0;0;2;2;1;1;1;0;2;2;6;4;6;15;11;10;12;13;13;18;11;11;12;14;10;14;12;13;11;14;4;13;10;11;5;8;4;2;5;9;3;8;2;2;7;2;8;6;6;1;6;3;11;10;6;3;7;3;4;5;2;3;3;5;1;1;2;4;2;4;1;3;2;3;3;5;3;3;4;6;1;4;3;2;2;2;3;2;1;0;0;0;0;0;0;0;0;0;0;1;0;0;1;1;0;0;0;0;0;0
280580205000020;8;431;431;111;82;148;49;2;8;1;1;23;0;2;0;2;1;1;0;0;0;0;13;0;2;0;3;3;0;1;1;1;1;0;1;8;12;9;10;5;4;6;11;7;7;7;7;9;11;8;13;3;8;11;11;8;12;9;6;5;7;9;13;7;9;7;4;6;11;3;5;6;1;9;4;3;4;8;6;2;3;3;3;4;3;7;1;2;4;4;5;3;4;0;4;4;5;2;4;4;2;1;1;0;2;0;0;3;0;0;0;2;1;2;1;0;0;0;0;2;0;0;0;0;0;1;0;0;0;0;0;0;0;0;0
280580205000021;8;541;541;130;84;195;85;0;7;1;0;34;1;1;0;1;0;1;0;1;0;0;11;0;1;2;1;1;1;2;1;1;0;0;1;12;13;12;13;8;6;13;11;14;14;12;11;14;16;7;14;14;15;18;15;19;12;8;9;9;10;9;7;6;11;5;9;15;7;4;7;8;8;6;9;3;5;1;2;4;6;5;2;4;2;3;4;3;3;1;6;1;1;8;2;3;4;3;1;3;0;2;4;1;2;1;1;1;1;1;1;0;2;0;0;0;0;0;0;0;0;1;1;0;0;0;0;1;0;0;0;0;0;0;0
280580205000022;8;625;625;163;118;217;76;6;6;4;0;23;0;5;0;7;0;0;0;0;0;0;11;1;0;2;1;0;1;1;2;2;0;1;0;11;10;8;11;6;11;12;14;15;18;10;9;20;16;13;14;18;17;11;7;6;11;14;13;9;11;15;5;12;8;8;12;11;14;6;5;6;8;3;11;11;6;9;7;11;6;8;7;9;10;3;7;5;3;6;6;7;3;3;2;5;2;4;3;1;3;0;1;3;2;2;3;2;0;1;1;3;0;4;1;1;1;0;0;1;0;0;1;1;0;0;0;0;0;0;0;0;0;0;0
280580205000023;8;898;898;233;161;315;98;11;10;2;0;37;2;9;0;17;0;3;0;0;0;0;8;1;1;1;0;1;0;0;2;0;0;0;2;12;14;15;11;14;12;20;16;21;25;29;10;21;15;24;18;15;25;16;14;22;20;14;13;19;27;15;19;12;12;14;15;15;23;11;15;7;16;12;6;11;8;15;6;10;4;9;7;2;9;4;8;5;6;4;9;3;7;7;6;7;3;7;8;5;9;5;4;3;8;3;3;3;3;1;2;3;1;2;3;0;0;0;6;2;1;0;0;0;2;1;0;0;0;0;0;1;0;0;0
280580205000024;8;184;184;47;32;82;10;0;0;1;2;6;0;2;0;1;1;0;0;0;0;0;4;0;0;0;0;1;0;0;1;0;0;2;0;2;4;3;2;5;7;2;3;6;4;4;3;2;8;10;2;2;1;3;5;6;2;4;4;3;4;3;2;3;1;2;3;2;3;3;3;2;0;3;1;1;2;3;1;3;2;3;1;3;1;1;2;1;0;3;0;1;0;3;2;1;1;2;0;1;0;0;1;0;1;2;2;1;1;0;0;0;0;0;1;0;0;0;0;0;0;0;0;0;0;0;1;0;0;0;0;0;0;0;0
280580205000025;8;734;734;178;128;267;78;11;7;1;2;43;0;12;0;6;0;1;0;0;0;0;7;1;0;1;1;2;0;0;0;0;1;1;0;13;16;18;15;11;20;11;16;15;10;24;12;16;14;10;13;14;15;19;13;5;18;10;10;17;8;16;18;13;13;9;11;13;11;8;9;14;13;15;11;9;8;8;9;12;6;2;4;3;5;4;7;4;4;9;5;7;6;10;3;5;10;4;4;5;10;3;2;4;3;2;2;0;3;0;1;2;2;1;1;0;0;0;0;0;0;1;0;0;0;0;0;0;0;0;0;0;0;0;0
280580205000026;8;874;874;216;156;329;104;10;5;9;3;30;0;6;0;6;0;0;0;0;0;0;14;2;0;1;4;1;2;1;1;1;1;0;0;14;13;22;13;15;25;23;21;18;26;21;31;26;30;20;19;16;13;17;9;19;11;11;7;12;14;13;16;16;13;10;16;17;13;10;12;7;9;12;12;11;15;14;3;6;7;14;9;10;6;4;8;6;3;5;6;3;3;3;1;3;5;5;2;4;4;3;6;5;6;6;6;0;0;4;3;4;1;1;3;0;0;0;0;0;2;3;3;0;0;0;0;0;0;0;0;0;0;1;1
280580210000001;1;562;562;165;98;180;71;2;2;4;1;32;0;3;0;2;0;2;0;0;0;0;11;1;1;2;2;0;0;1;0;1;0;1;2;6;9;7;10;9;10;12;14;10;12;9;16;11;16;13;14;23;5;10;11;10;3;6;4;5;6;7;3;7;7;5;4;2;5;14;7;5;11;12;4;6;5;12;8;7;6;14;8;8;4;8;3;1;9;2;2;5;4;5;2;6;3;5;4;0;4;4;4;3;5;4;5;1;1;3;1;5;2;2;1;2;0;0;4;2;1;1;0;2;0;0;2;0;0;1;0;0;0;0;0
280580210000002;8;135;135;34;26;61;5;1;1;0;0;4;0;1;0;0;2;0;0;0;0;0;5;0;0;0;0;0;0;2;1;1;0;0;1;4;4;6;2;2;5;2;1;5;5;1;5;4;5;2;4;3;1;1;1;0;2;2;0;0;0;0;2;1;1;0;9;1;3;2;5;2;1;3;0;1;1;1;2;3;0;2;1;1;0;4;2;0;0;1;0;0;1;0;0;2;1;0;0;0;0;1;1;0;0;0;1;2;1;0;1;0;1;0;0;0;1;0;1;0;0;0;0;0;0;0;0;0;0;0;0;0;0;0;0
280580210000003;8;484;484;122;80;172;71;10;3;1;0;18;1;0;0;3;3;0;0;0;0;0;6;0;0;1;1;0;1;1;0;1;0;1;0;7;10;11;8;9;12;14;18;12;17;15;14;9;13;19;16;11;12;11;3;3;9;10;8;8;4;4;6;4;7;4;3;9;5;6;5;3;4;1;4;0;2;1;4;4;4;2;5;3;9;11;6;1;6;1;3;4;1;6;4;4;4;6;2;2;2;4;2;0;5;1;1;3;3;0;1;0;0;2;2;1;1;0;1;2;0;1;0;0;2;0;0;0;0;0;0;1;0;0;0
280580210000004;8;910;905;224;162;372;72;9;7;3;1;54;1;4;0;1;0;0;0;0;0;0;16;2;3;1;0;1;0;3;2;2;0;2;0;10;16;20;19;26;14;22;22;33;29;16;26;29;36;30;24;20;15;19;17;8;16;9;9;15;11;12;9;10;10;10;11;10;15;15;12;12;7;5;10;5;10;13;6;5;13;6;6;15;10;6;10;9;8;6;5;5;10;5;7;5;8;5;0;6;4;6;6;3;5;3;1;2;3;2;1;1;0;1;5;1;0;0;1;1;0;0;0;0;1;1;1;0;1;0;1;0;0;0;0
280580210000005;8;190;190;54;34;69;8;0;2;5;1;3;0;13;0;1;0;0;0;0;0;0;4;1;0;0;0;1;1;0;0;0;0;0;1;1;7;2;6;1;5;5;2;4;3;5;3;1;5;3;3;5;3;3;3;5;3;11;2;3;3;8;3;6;3;4;3;2;1;2;2;3;2;3;0;1;1;3;0;2;0;4;2;5;1;0;3;1;1;2;2;0;0;1;1;2;2;0;0;2;3;0;1;3;0;0;0;1;0;0;0;0;0;1;0;0;0;0;0;0;0;0;0;0;0;1;1;0;0;0;0;0;0;0;0
280580210000006;5;479;479;147;98;157;38;5;4;7;1;8;0;8;1;5;0;0;0;0;0;0;8;0;2;1;1;1;0;0;1;0;0;2;0;3;4;2;6;6;9;10;10;8;8;14;10;7;20;11;15;12;13;6;8;6;6;7;6;8;5;5;9;2;6;4;6;5;8;7;12;8;4;5;8;8;7;9;5;7;7;13;3;7;8;4;1;0;1;1;1;3;1;4;3;1;1;2;7;2;1;3;2;1;3;6;3;1;6;4;3;4;4;3;2;2;1;0;0;0;1;1;0;0;0;0;2;0;1;1;0;0;0;0;1
280590105000001;1;1046;1046;257;155;265;193;7;17;10;3;106;6;8;0;7;12;0;0;0;0;0;26;3;1;1;1;3;0;3;1;7;1;2;3;12;22;28;23;21;25;27;24;34;35;24;26;22;25;28;20;25;18;17;18;24;19;21;13;17;18;22;23;18;16;9;14;24;22;17;11;19;7;12;8;13;13;9;15;9;8;7;8;6;5;10;5;6;3;6;7;4;3;4;1;7;5;4;3;4;7;1;3;5;6;2;1;1;1;3;3;1;3;4;0;0;1;2;1;0;0;0;0;0;0;0;0;0;0;0;0;1;0;0;1
280590105000002;1;867;866;244;133;194;141;10;10;8;0;75;4;25;0;22;1;0;0;0;0;0;14;1;1;4;1;2;1;1;1;1;1;0;0;12;9;19;12;12;15;11;8;16;15;19;16;14;20;18;23;17;10;13;20;11;18;14;17;13;19;16;19;20;9;16;6;15;13;6;15;12;11;19;14;14;11;12;9;14;20;9;11;13;8;7;5;6;8;7;5;7;6;4;5;2;7;3;6;5;4;5;4;8;6;5;4;1;6;2;2;0;1;4;2;2;0;2;1;4;0;0;0;1;0;0;0;1;1;0;0;0;1;0;0
280590105000003;1;638;635;160;90;142;115;6;9;6;1;67;2;21;2;13;0;1;0;0;0;3;11;1;1;1;0;0;1;1;0;0;0;1;5;5;11;12;7;16;8;11;11;11;16;18;13;9;8;10;13;12;13;6;13;7;7;20;12;16;10;13;17;17;12;11;13;14;12;8;9;11;9;12;8;2;6;4;4;8;10;3;7;1;9;10;4;5;1;8;5;3;1;2;2;5;7;5;4;4;2;2;5;1;3;1;3;4;3;4;4;3;0;0;1;1;1;2;0;1;0;0;2;0;1;1;0;1;0;0;0;0;0;0;0
280590105000004;1;1159;1159;304;202;288;132;6;6;59;1;33;0;73;8;44;0;2;0;1;0;0;33;4;1;2;2;3;4;4;6;2;3;0;2;25;23;20;27;18;23;23;22;42;28;26;38;24;19;25;30;22;18;14;18;18;24;15;10;21;26;27;30;25;22;21;27;23;23;18;20;17;19;17;17;17;7;15;14;14;8;7;10;4;12;6;7;1;5;12;7;6;6;7;4;4;7;4;4;3;3;2;1;2;2;3;2;3;2;0;0;2;2;3;0;0;0;0;0;0;0;0;0;0;1;0;1;1;0;0;0;0;0;0;0
280590105000005;1;1258;1258;323;192;264;213;19;14;41;0;88;4;52;3;40;0;5;0;0;0;0;24;1;4;2;1;1;0;4;3;1;1;2;4;29;22;11;37;22;19;25;23;31;34;24;27;25;26;28;30;33;21;20;26;25;26;32;18;24;20;23;28;32;30;22;30;13;12;14;20;15;16;26;19;18;16;20;14;11;10;14;12;9;14;11;9;4;8;5;8;4;9;5;7;2;7;5;1;3;4;3;1;6;1;3;2;3;1;3;3;1;4;3;1;1;1;0;4;0;2;1;0;0;0;1;0;0;0;0;0;0;0;0;1
280590105000006;1;871;871;245;147;175;175;13;12;4;1;74;3;10;0;11;1;0;0;0;0;0;23;1;2;0;2;7;1;2;1;2;1;2;2;25;14;21;20;12;16;16;14;16;9;22;14;11;13;12;19;18;17;20;18;17;15;31;27;19;16;15;19;13;17;9;16;17;12;9;14;6;11;19;9;7;15;7;12;13;14;12;11;11;11;6;3;6;8;7;6;9;5;1;5;3;4;3;5;5;4;0;2;1;2;1;0;1;1;2;1;0;1;0;0;0;0;3;0;0;0;0;0;0;0;0;2;0;0;0;0;0;0;0;0
280590105000007;1;653;650;173;78;146;110;6;17;8;1;68;3;18;1;22;2;0;0;0;0;0;12;1;0;2;0;0;2;0;2;1;0;1;3;8;10;14;11;6;11;15;6;13;17;16;16;10;13;15;16;13;9;11;11;16;25;15;9;10;11;13;16;11;15;9;11;9;7;4;8;4;12;6;12;14;6;4;10;6;5;8;9;7;6;9;5;5;4;3;4;3;4;1;5;1;6;1;3;3;3;2;6;2;3;1;3;3;0;2;2;2;1;1;1;1;1;1;0;0;2;1;1;0;1;0;1;1;0;3;0;0;0;0;0
280590105000008;8;542;430;167;94;138;67;14;4;1;1;44;0;7;0;3;2;0;0;0;0;0;14;1;1;4;1;1;1;0;1;1;1;1;1;11;17;9;14;13;13;10;12;9;18;13;13;17;9;10;12;8;7;7;9;5;12;8;5;9;6;14;13;8;7;7;13;4;6;4;5;9;4;8;4;4;4;6;1;2;5;7;6;7;11;6;3;5;6;7;7;3;2;2;5;6;3;4;6;1;4;3;2;3;1;3;2;1;2;0;0;2;1;0;0;2;0;0;0;1;0;0;0;0;0;0;0;0;0;0;0;0;0;0;0
280590105000009;6;418;413;105;80;120;35;14;5;8;1;16;2;13;2;12;5;0;0;0;0;0;8;0;0;2;2;1;1;0;0;1;1;0;0;13;9;9;2;8;8;9;11;4;7;9;13;8;8;8;10;3;7;6;12;9;14;7;14;12;14;14;10;9;15;10;8;5;6;3;6;6;2;5;9;4;3;4;1;2;5;2;1;1;2;0;9;1;1;5;4;3;1;2;2;2;2;2;1;0;1;1;1;0;0;0;0;1;0;0;0;0;0;0;0;0;0;0;0;1;1;1;0;0;0;1;0;0;0;0;0;0;0;0;0
280590105000010;7;282;282;75;46;102;38;2;1;0;0;13;1;2;0;2;0;0;0;0;0;0;5;0;0;1;1;1;0;0;1;1;0;0;0;7;5;10;6;9;10;7;8;9;7;11;3;6;5;11;8;7;5;3;6;7;2;6;10;6;4;7;5;1;9;6;0;5;4;3;2;5;3;3;5;4;3;1;3;3;2;0;3;1;2;1;2;1;2;1;1;1;0;0;1;1;0;1;1;1;2;0;0;0;0;2;0;0;0;0;0;0;0;0;1;0;0;0;0;0;0;0;0;0;0;0;0;0;0;0;0;0;0;0;0
280590105000011;4;258;258;61;44;89;15;0;4;2;0;20;1;4;0;16;2;0;0;0;0;0;6;0;0;1;1;0;0;0;1;1;0;2;0;4;5;4;5;9;4;9;4;8;5;4;3;6;8;5;5;5;4;5;3;4;2;5;6;5;6;7;11;8;2;3;3;1;2;6;0;3;3;0;2;4;5;4;3;1;4;1;2;4;3;0;0;3;2;0;2;0;2;0;1;0;3;0;1;1;2;0;0;5;1;0;0;1;3;1;1;3;0;0;0;0;1;0;2;1;1;0;0;0;0;0;0;0;0;0;0;0;0;0;0
280590105000012;1;713;712;189;107;173;112;17;15;8;2;62;2;10;0;14;0;2;0;0;0;0;6;0;0;1;0;0;0;0;0;0;2;3;0;13;11;18;14;11;3;14;13;13;12;11;18;15;15;13;14;15;14;16;23;21;16;17;9;10;18;16;15;14;11;15;12;9;10;5;8;7;11;9;6;5;11;12;8;6;7;12;5;5;13;6;3;8;7;5;6;5;7;1;6;3;5;5;1;6;1;2;5;2;2;2;0;2;3;3;1;1;0;2;0;2;3;1;0;0;0;0;0;1;0;0;0;0;0;0;0;0;0;1;0
280590105000013;1;650;650;167;110;160;107;18;6;2;3;51;2;9;0;12;1;2;0;0;0;0;13;2;2;2;1;1;2;0;2;0;0;1;0;8;11;16;9;12;12;10;19;18;18;15;18;12;13;25;17;12;11;13;13;12;13;10;15;12;10;15;18;13;7;12;10;8;11;10;10;7;7;6;15;6;4;7;7;7;9;6;9;5;7;3;5;7;3;4;2;5;4;3;2;5;0;1;0;2;3;0;1;0;2;4;1;1;0;1;1;0;1;1;1;2;0;0;0;0;0;0;0;1;0;0;0;0;0;0;0;0;0;1;0
280600805000001;1;497;492;171;104;123;49;0;3;1;2;23;0;10;0;4;3;0;0;4;0;0;2;0;0;1;0;0;0;0;0;0;0;0;1;4;4;1;6;5;7;8;5;10;12;11;4;4;5;15;6;10;1;7;7;8;9;8;4;6;3;6;8;6;7;10;8;8;3;10;10;8;8;7;6;10;7;5;8;8;6;8;9;7;3;6;2;5;6;8;8;3;9;3;5;6;2;6;3;4;4;4;3;9;4;2;2;3;5;6;3;2;7;1;6;1;2;3;1;1;1;1;0;0;0;1;0;1;0;0;0;0;0;0;0
280600805000002;1;770;770;253;154;196;82;5;5;14;0;32;0;11;0;7;2;9;0;0;0;0;15;2;0;1;1;2;2;0;2;0;4;1;0;8;9;10;8;9;3;12;11;11;13;12;20;15;14;15;17;13;14;17;14;16;10;14;9;14;8;13;14;12;13;13;13;11;12;22;8;19;11;8;12;12;10;7;8;7;10;4;7;6;3;6;5;0;6;4;6;5;9;10;1;4;12;6;8;4;5;8;3;6;13;3;4;3;4;3;6;2;2;4;3;2;3;2;6;4;1;1;0;2;2;1;2;0;1;1;0;0;1;0;0
280600805000003;1;676;673;227;126;132;58;1;3;40;4;18;0;37;2;22;0;5;0;1;0;0;7;0;1;1;0;0;0;2;0;3;0;0;0;7;3;6;5;10;5;4;12;7;9;9;7;6;11;7;8;12;12;9;13;15;16;16;16;8;9;11;11;15;13;11;11;3;12;10;6;9;7;10;8;7;8;10;13;7;9;15;7;8;10;10;8;7;10;5;6;5;8;9;7;11;6;6;8;8;7;6;6;6;4;5;7;2;3;4;2;1;3;4;2;2;2;3;2;2;2;1;1;0;0;1;1;0;0;0;1;2;0;0;0
280600805000004;1;555;552;191;106;127;34;3;3;27;1;15;0;18;0;20;1;4;0;5;0;0;6;1;0;1;1;1;0;0;1;0;1;0;0;7;5;8;8;11;6;7;6;6;11;10;8;9;8;13;15;6;5;7;12;9;7;5;7;8;6;10;9;14;13;7;15;7;8;8;3;8;5;8;12;6;6;16;8;10;8;4;8;6;5;5;4;1;6;3;3;4;6;2;4;11;3;6;7;5;4;8;4;4;1;4;1;2;1;4;4;4;2;3;0;2;1;4;1;3;1;1;0;0;0;2;2;0;0;0;0;1;0;0;1
280600805000005;1;711;710;229;155;192;70;8;8;5;2;24;2;7;0;4;0;1;0;2;2;0;14;0;2;0;0;2;1;0;3;0;0;1;5;7;14;7;7;7;9;5;10;11;8;13;9;6;10;12;8;10;14;12;9;13;19;11;17;18;7;16;12;6;9;8;12;10;7;15;17;11;8;12;6;9;13;7;11;12;4;11;9;7;15;6;7;9;7;6;3;10;6;7;5;12;5;6;5;9;9;6;4;0;4;3;10;2;7;8;0;3;4;1;2;1;2;2;2;0;0;3;0;0;0;1;0;0;0;0;0;0;0;0;0
280600805000006;1;969;969;290;213;286;99;12;8;4;1;45;2;3;0;4;0;2;0;0;0;0;16;1;1;0;2;1;2;0;2;0;4;2;1;16;20;12;14;20;15;15;17;26;18;16;15;16;30;22;21;17;26;19;14;19;17;30;24;17;12;18;23;15;16;15;21;20;16;16;13;10;15;13;10;9;11;4;14;13;14;4;10;11;5;2;6;2;6;7;4;9;6;10;5;7;8;9;12;5;4;4;2;5;1;1;3;2;5;2;1;0;3;1;2;2;1;4;2;0;1;0;2;1;1;0;0;0;0;0;1;0;0;0;0
280600805000007;1;549;523;161;116;153;58;1;8;1;1;19;0;0;0;2;3;0;0;0;0;24;5;0;0;0;0;2;2;0;0;0;1;0;0;6;10;5;6;10;5;8;4;6;5;10;9;11;8;12;10;7;12;7;7;15;15;16;12;9;7;6;8;6;10;7;9;13;7;10;6;5;6;13;7;7;12;6;5;8;5;5;8;6;5;5;6;3;8;9;8;3;4;3;4;6;6;4;9;5;3;4;3;1;8;5;3;1;1;0;4;0;2;2;2;4;0;0;1;0;1;1;0;0;0;0;0;0;1;0;1;1;0;0;0
280600805000008;1;555;555;171;119;168;56;4;2;1;3;19;1;5;0;4;1;1;0;0;0;0;5;0;1;0;0;1;0;0;0;1;1;1;0;12;7;9;9;5;7;11;10;7;13;10;13;10;18;11;9;10;8;13;7;15;13;7;6;8;8;13;12;8;12;7;9;15;7;3;10;11;9;8;7;10;13;11;6;11;10;1;4;4;6;5;8;2;6;4;4;1;0;3;5;4;1;0;3;5;1;3;2;0;2;1;2;1;5;0;2;1;4;2;1;1;0;2;1;0;0;1;1;2;0;0;0;0;1;0;0;0;0;0;0
280600805000009;1;864;864;263;182;217;126;24;5;2;3;23;0;7;0;10;1;1;0;0;0;0;17;4;2;0;1;2;1;2;3;1;0;1;0;15;17;15;19;15;18;23;16;21;20;21;17;24;16;20;21;12;22;21;19;17;24;11;16;13;8;21;13;15;16;14;18;12;13;14;12;7;14;9;14;11;12;12;8;8;11;11;11;11;3;6;5;4;9;6;7;6;3;4;2;4;0;3;6;2;2;2;3;3;2;2;1;0;2;0;2;0;0;0;1;0;1;1;2;0;1;1;1;0;0;1;0;0;0;1;0;0;0;0;0
280600805000010;1;625;625;203;137;156;79;19;1;2;0;17;2;3;0;5;0;1;0;0;0;0;13;0;2;0;0;1;1;3;0;1;1;2;2;7;15;18;5;20;7;17;9;14;6;14;14;8;12;14;13;10;8;9;8;10;11;13;13;8;14;14;11;11;10;15;10;7;14;13;9;15;8;4;15;3;7;2;8;8;3;6;8;7;6;4;8;5;5;2;4;3;1;8;2;3;5;6;8;5;4;1;1;3;3;1;3;1;3;0;3;0;2;0;0;0;1;3;0;0;0;0;1;1;0;0;0;0;0;0;1;0;0;0;0
280600805000011;1;890;890;275;178;232;124;3;8;3;1;42;0;9;0;7;2;4;0;2;0;0;12;0;1;0;1;1;2;1;1;1;2;0;2;13;11;12;15;9;8;7;13;7;10;22;12;19;16;23;19;21;19;16;22;32;21;22;27;18;11;11;15;19;13;15;17;18;15;13;15;12;6;10;9;10;12;15;10;17;14;15;3;9;10;7;9;9;7;6;14;4;4;7;6;3;2;9;3;2;8;3;4;3;1;2;2;7;0;5;1;3;1;1;2;5;1;4;0;2;1;0;1;0;1;0;0;0;0;0;0;0;0;0;0
280600805000012;2;675;675;212;138;172;92;16;5;4;2;25;0;3;1;4;1;0;0;0;0;0;10;2;1;1;1;0;0;1;0;1;3;0;0;15;8;10;9;10;12;7;20;17;15;19;18;13;13;19;10;9;16;12;11;14;10;11;8;11;15;16;19;13;13;6;8;18;8;9;10;8;7;12;6;11;13;9;9;9;10;4;4;4;6;4;3;3;4;4;6;4;5;2;6;3;5;3;2;3;1;2;4;2;5;1;5;0;2;5;2;1;4;2;2;1;1;2;0;1;0;0;0;0;0;1;0;0;0;0;0;0;0;0;0
280600805000013;8;153;153;50;37;56;1;3;2;0;0;1;0;2;0;0;1;0;0;0;0;0;1;0;0;0;0;0;0;1;0;0;0;0;0;2;1;0;1;0;1;4;1;2;3;2;6;1;4;6;3;2;4;1;4;1;3;4;5;2;3;3;0;2;5;4;3;1;2;2;1;2;2;1;1;1;3;1;3;3;2;2;2;5;1;3;0;1;2;3;2;0;2;1;0;0;1;1;1;2;2;3;1;0;3;0;1;0;2;0;0;0;0;0;0;0;1;1;0;1;0;0;0;0;0;0;0;0;0;0;0;0;0;0;0
280600805000014;8;204;204;60;47;81;6;4;0;0;0;4;0;1;0;1;0;0;0;0;0;0;3;0;0;0;0;1;0;0;1;0;1;0;0;4;2;1;2;1;4;3;5;5;9;6;3;5;3;9;3;2;1;3;2;3;3;3;3;1;1;4;6;3;3;1;1;3;3;6;1;3;3;5;3;1;3;2;0;0;0;1;4;2;1;2;1;1;1;0;3;2;2;2;2;1;5;5;3;2;4;3;1;0;2;1;0;1;0;1;0;1;1;0;0;0;1;3;1;0;0;0;0;0;2;0;0;0;0;1;0;0;0;0;0
280600805000015;8;159;159;48;33;45;10;0;2;0;0;8;2;4;0;6;1;0;0;0;0;0;2;0;0;0;1;0;0;0;1;0;0;0;0;0;2;1;0;1;2;3;3;3;5;2;3;3;1;3;3;4;2;4;2;2;4;1;3;2;3;2;1;2;4;1;3;4;0;3;2;4;2;0;3;2;0;3;0;3;1;1;2;0;3;3;1;1;0;2;0;3;0;1;3;3;3;2;0;3;0;0;3;3;2;3;0;2;2;0;0;0;2;0;1;0;0;0;0;0;1;0;0;2;0;0;1;2;0;0;0;0;0;0;0
280600805000016;8;574;569;185;133;183;49;9;4;2;0;4;0;2;0;1;0;2;0;0;0;0;9;2;0;0;1;0;1;0;2;1;1;0;1;6;13;10;11;6;11;8;9;8;11;9;14;8;8;14;11;7;8;5;5;16;13;10;18;16;18;8;13;15;7;9;7;15;5;17;7;15;6;8;5;11;4;3;2;6;8;2;3;2;5;7;5;3;4;4;5;3;5;7;6;1;5;5;3;3;6;3;2;3;4;0;5;2;2;0;2;2;0;0;1;3;3;0;0;1;0;0;0;3;0;1;0;0;0;0;0;0;0;0;0
280600805000017;5;263;262;83;50;78;37;4;1;0;0;5;0;3;0;2;0;0;0;0;0;0;3;0;1;0;0;1;0;0;1;0;0;0;0;2;2;6;3;0;2;4;6;3;2;4;4;10;6;8;1;7;5;5;6;3;4;2;4;6;5;3;4;4;5;3;6;2;3;3;5;3;2;4;4;6;3;4;4;3;2;2;5;3;5;2;5;2;5;3;2;4;1;6;3;2;2;0;1;0;3;2;0;0;2;3;0;1;0;2;0;0;2;2;0;1;1;2;0;0;1;1;0;0;1;0;0;0;0;0;0;0;0;0;0
280600805000018;5;668;631;229;141;172;58;7;0;1;1;9;2;8;0;2;0;1;0;0;0;37;6;1;0;2;0;0;0;1;0;0;1;0;1;6;12;3;8;10;9;3;10;8;5;11;11;6;11;13;6;13;7;9;11;15;9;10;12;7;10;8;11;18;18;8;9;4;6;10;11;8;13;7;9;8;8;8;11;7;9;3;3;8;10;10;6;6;7;4;5;3;6;3;7;10;8;9;7;8;6;10;6;4;4;3;3;4;4;5;3;2;6;9;4;3;3;6;6;3;1;2;2;4;4;0;1;0;2;0;0;0;0;2;1
280600805000019;5;190;189;58;44;68;17;0;1;0;0;1;0;1;0;0;0;0;0;0;0;0;1;0;0;0;0;1;0;0;0;0;0;0;0;2;2;4;4;1;3;2;6;2;3;2;2;3;7;6;8;6;3;1;7;4;7;3;3;1;2;4;5;1;2;1;1;3;5;4;2;1;1;2;3;3;0;3;1;5;0;5;1;0;6;3;2;0;2;1;2;0;1;6;0;2;3;0;1;0;2;1;0;1;0;1;0;1;0;0;1;2;0;0;0;2;0;1;0;0;1;0;0;0;0;0;0;0;0;0;0;0;0;0;0
280600805000020;8;192;192;51;39;89;3;4;1;0;0;2;0;3;0;0;0;0;0;0;0;0;1;0;0;0;0;1;0;0;0;0;0;0;0;2;2;3;6;1;5;6;8;8;4;5;2;2;5;5;5;2;7;3;1;0;4;2;5;3;4;10;3;7;4;1;4;6;1;3;3;1;3;1;4;0;2;4;0;3;3;2;1;1;1;0;1;3;0;2;0;1;0;2;1;2;2;0;0;2;0;0;2;0;0;0;0;1;1;0;0;0;0;0;1;0;0;0;0;0;1;0;0;1;0;0;0;0;0;0;0;0;0;0;0
280600805000021;8;246;246;66;50;94;19;3;1;2;1;8;0;2;0;0;0;0;0;0;0;0;4;1;1;0;0;0;1;0;0;1;0;0;0;3;1;3;2;2;3;1;2;2;3;2;5;6;8;4;7;7;7;10;5;10;4;2;9;4;4;2;0;4;3;5;1;5;2;0;4;5;3;4;3;6;4;2;3;5;2;1;2;2;4;4;5;1;3;4;2;3;1;3;0;1;2;0;4;1;1;1;1;1;2;0;0;0;1;0;0;0;1;1;2;0;0;0;0;0;1;2;3;0;2;0;1;0;0;0;0;0;0;0;0
280600805000022;8;251;251;73;50;91;18;2;0;4;0;10;0;1;0;1;0;1;0;0;0;0;2;0;0;1;0;0;0;0;0;1;0;0;0;2;3;6;4;4;3;0;6;3;4;6;3;7;8;6;3;4;7;4;6;1;4;5;5;3;1;7;3;0;3;3;3;4;1;5;6;3;3;4;4;4;6;3;2;3;6;3;5;3;3;3;2;1;2;1;1;4;3;2;2;0;3;2;1;0;0;2;4;1;1;0;5;2;2;0;0;0;2;1;0;0;1;2;1;0;1;1;0;1;0;0;0;0;0;0;0;0;0;0;0
280600805000023;8;389;389;115;89;142;22;0;1;2;0;12;0;4;0;2;0;0;0;0;0;0;7;1;0;1;2;1;1;0;0;0;0;0;1;2;6;4;3;6;7;7;6;7;4;4;8;10;11;17;8;9;9;9;5;9;4;3;6;4;2;5;5;4;7;5;3;6;5;5;1;5;2;7;11;5;3;4;3;6;6;4;2;5;5;4;9;4;5;3;4;5;4;0;5;5;3;4;0;4;4;2;1;2;0;2;5;2;1;2;3;2;2;2;3;0;2;1;0;0;0;1;0;0;0;0;0;2;0;0;0;0;0;0;0
280600805000024;5;264;264;91;53;82;21;0;1;1;0;9;0;2;1;3;0;0;0;0;0;0;2;0;0;0;0;0;0;0;1;1;0;0;0;5;2;3;1;1;5;1;5;5;7;5;2;4;5;7;7;6;3;4;6;4;4;1;8;3;3;4;6;1;3;4;4;1;4;4;4;7;4;1;3;0;1;4;4;3;2;2;2;1;2;3;2;3;3;3;5;2;3;2;2;4;8;1;6;4;2;4;0;2;1;1;2;1;3;1;0;1;1;0;0;2;1;2;0;0;1;0;1;1;0;3;2;0;1;0;0;0;0;0;0
280600805000025;8;586;578;166;122;186;23;3;0;24;1;6;0;48;0;6;0;0;0;1;0;0;11;0;1;4;1;1;1;0;2;0;1;0;0;9;8;13;10;7;9;11;13;14;14;14;20;13;16;21;12;9;16;7;6;16;12;11;9;12;10;11;10;2;14;10;11;9;8;6;9;13;7;8;2;10;9;9;7;8;5;3;2;7;7;5;1;5;9;2;3;5;2;7;2;3;2;3;1;3;0;2;3;2;0;3;1;0;1;1;0;0;2;1;1;0;1;2;2;0;1;0;0;0;0;0;0;0;0;0;0;0;0;0;0
280600805000026;8;644;642;178;124;232;58;1;5;1;0;29;3;7;0;4;0;2;0;0;0;0;7;0;0;2;0;0;1;0;2;1;0;0;1;13;6;12;13;14;12;9;10;12;18;18;19;13;14;14;21;13;9;9;13;11;14;10;9;8;12;6;11;15;12;8;13;6;9;3;11;8;8;7;4;4;11;4;3;6;10;12;8;9;8;5;4;5;5;5;5;2;7;4;3;5;2;3;7;5;5;6;3;3;7;3;0;1;1;3;0;3;0;1;1;0;1;2;1;1;1;0;1;2;0;0;0;0;0;0;0;0;1;0;1
280600805000027;8;68;65;19;17;32;0;0;0;0;0;0;0;0;0;0;0;0;0;0;0;0;1;1;0;0;0;0;0;0;0;0;0;0;0;2;2;1;0;3;1;0;2;1;1;2;2;2;3;3;1;2;1;1;1;1;1;2;0;0;1;1;1;2;3;1;0;1;0;3;3;1;0;1;1;0;0;0;0;1;1;0;0;0;1;1;2;0;0;0;1;1;0;0;0;1;0;1;0;0;1;0;0;0;0;1;0;0;0;0;0;1;0;0;0;0;0;0;0;0;0;0;0;0;0;0;0;0;0;0;0;0;0;0;0
280600805000028;8;248;248;69;41;70;31;0;1;1;0;25;1;5;0;1;1;2;0;0;0;0;3;1;1;0;0;0;0;0;0;0;0;1;0;4;7;2;1;2;4;6;2;4;6;7;6;3;5;11;5;5;7;2;5;7;4;4;4;3;3;0;2;4;5;1;2;6;2;3;7;1;1;4;2;1;3;5;6;1;3;4;1;3;2;1;4;0;3;1;2;4;2;2;3;2;3;3;4;4;2;1;0;3;1;1;1;0;1;1;1;1;0;0;1;1;1;0;1;0;0;0;1;0;0;1;0;0;0;0;0;0;0;0;0
280600805000029;1;901;899;281;213;258;75;16;2;4;2;31;0;8;0;7;2;2;0;0;0;0;8;1;0;0;1;0;1;1;1;0;0;0;3;15;10;18;17;8;17;13;13;21;20;25;16;19;23;15;13;19;24;17;12;19;18;19;13;14;14;22;26;17;22;19;10;18;20;19;11;12;7;17;16;14;14;11;15;13;11;12;8;6;8;9;7;5;5;6;6;3;2;5;4;2;7;7;4;5;1;7;2;3;3;1;3;1;4;0;1;0;0;4;2;0;0;0;2;1;0;1;0;0;0;0;0;0;0;0;0;0;0;0;0
280600805000030;1;562;562;185;119;142;66;5;3;1;0;27;0;9;0;4;0;1;0;0;0;0;4;0;0;1;0;0;1;0;0;1;1;0;0;5;8;6;8;11;3;12;11;4;7;12;8;7;7;5;11;6;13;10;14;8;7;21;9;8;10;11;10;9;15;3;9;11;14;7;5;7;7;6;8;4;5;6;5;6;3;9;8;5;10;10;2;2;8;2;8;7;11;2;6;4;3;4;4;5;5;5;1;3;3;2;6;3;5;6;8;2;5;2;2;1;4;0;1;0;0;1;0;0;0;0;0;0;0;0;0;0;0;0;1
280600805000031;1;673;673;201;154;201;52;21;8;7;1;7;0;9;1;10;0;1;0;0;0;0;8;1;2;1;0;2;0;0;0;0;0;1;1;14;11;9;19;15;11;15;9;11;13;16;15;16;17;10;13;14;10;9;4;5;12;8;17;11;11;17;10;15;13;15;10;7;16;14;16;10;11;10;15;7;11;15;8;7;6;5;5;8;8;9;5;4;3;5;3;6;0;2;2;2;4;0;2;6;4;1;4;2;2;3;4;1;4;0;1;1;3;0;0;3;0;0;1;0;1;1;1;0;0;0;0;0;0;0;0;0;0;1;0
280600805000032;1;601;598;190;114;125;61;1;3;43;1;12;0;31;3;10;1;5;0;1;0;0;7;0;0;1;0;0;0;1;3;1;0;0;1;13;12;10;7;9;8;17;7;7;12;11;14;11;18;12;8;10;9;13;9;11;17;13;14;13;18;5;12;8;9;14;13;8;6;6;7;11;11;8;11;10;13;7;5;8;3;7;5;4;5;4;4;2;3;3;9;2;5;4;6;5;2;3;1;2;3;2;2;4;2;1;3;1;3;1;0;1;3;2;1;0;0;1;2;0;2;0;2;0;1;0;0;0;0;1;1;1;0;0;0
280600805000033;1;855;855;278;176;203;131;14;5;3;1;16;0;8;0;4;5;11;0;0;0;0;14;2;1;1;2;1;0;2;1;0;0;2;2;26;16;20;8;13;19;17;16;17;16;12;14;20;15;15;9;19;11;10;16;18;20;20;15;26;20;18;18;14;15;12;13;25;17;15;15;14;10;11;10;9;11;7;3;7;12;9;5;6;6;4;7;6;4;6;6;9;5;7;7;5;5;6;6;5;2;0;3;0;6;1;6;3;3;4;1;3;0;1;1;0;1;1;1;0;1;0;1;2;0;1;1;0;0;0;0;0;0;0;0
280600805000034;5;71;71;18;10;22;16;0;1;0;0;2;0;0;0;0;2;0;0;0;0;0;0;0;0;0;0;0;0;0;0;0;0;0;0;3;2;0;0;3;2;2;3;0;4;2;2;4;0;2;1;1;1;3;0;1;0;0;1;1;1;0;1;0;2;0;1;1;1;1;0;3;0;3;1;1;2;0;2;1;2;0;0;1;2;0;0;0;0;0;0;0;0;0;1;0;0;0;1;0;0;0;1;0;0;0;2;0;0;0;2;0;0;0;0;0;0;0;0;0;0;0;0;0;0;0;0;0;0;0;0;0;0;0;0
280600805000035;5;75;75;26;16;23;8;2;0;0;0;0;0;0;0;0;0;0;0;0;0;0;1;0;0;0;0;0;0;0;0;0;0;0;1;0;3;0;2;4;2;1;1;1;1;2;1;0;5;1;1;1;1;1;0;2;1;1;1;0;2;2;5;1;2;2;2;2;1;0;1;0;0;1;0;2;1;1;0;2;0;1;1;1;0;2;0;1;0;0;0;0;0;0;1;0;0;0;1;1;1;0;2;0;0;0;0;0;0;1;0;0;1;0;0;0;0;0;0;0;0;0;0;0;0;0;0;0;0;0;0;0;0;0;0
280610705000001;1;471;471;144;56;51;76;0;7;34;1;32;5;39;3;17;0;6;0;0;0;0;1;0;0;0;0;0;0;0;0;0;1;0;0;5;6;7;4;3;9;8;14;5;7;3;8;7;6;5;5;8;9;7;11;13;7;7;8;9;11;11;14;6;10;4;8;10;6;6;7;9;4;5;12;5;5;2;8;8;6;8;9;4;6;5;8;5;7;5;3;1;4;2;2;4;2;5;1;1;5;0;1;2;2;3;1;4;4;3;2;1;2;2;4;3;2;2;1;0;0;0;1;0;2;1;0;0;1;1;0;0;0;0;0
280610705000002;1;575;575;169;95;144;66;3;5;13;0;40;0;21;2;17;0;0;0;0;0;0;4;0;0;1;1;0;0;0;0;2;0;0;0;7;4;6;10;8;5;8;10;11;12;9;11;11;6;12;9;7;15;12;12;7;13;16;16;13;8;16;4;14;9;10;5;6;10;8;11;11;14;7;10;7;14;9;12;7;8;3;1;3;7;6;4;2;10;7;2;3;2;4;4;3;3;2;3;3;1;9;3;6;1;3;3;2;4;1;1;2;1;3;0;1;1;3;1;0;0;0;1;0;1;0;0;0;0;0;0;0;0;0;1
280610705000003;1;813;813;241;149;199;107;4;6;15;0;54;6;17;1;12;0;2;0;0;0;0;19;1;0;3;2;2;2;4;1;1;1;1;1;13;9;11;15;13;12;16;13;11;16;15;13;13;8;17;19;18;13;15;16;17;22;16;18;18;18;16;22;9;7;15;18;14;10;13;12;18;12;9;8;10;10;16;8;12;5;14;9;7;13;7;6;5;6;10;8;9;7;7;6;4;5;3;2;6;5;2;1;3;1;2;3;2;0;1;1;0;0;0;3;0;0;1;3;0;0;1;0;0;1;0;0;0;0;0;1;0;0;0;0
280610705000004;1;1200;1198;348;217;328;177;7;11;7;1;63;2;17;0;21;0;0;0;1;0;0;24;1;2;2;5;0;0;4;4;2;0;2;2;22;22;20;22;26;23;26;25;22;33;20;21;21;22;32;25;23;21;20;26;31;19;24;26;23;18;20;24;29;20;21;18;19;26;19;19;14;17;17;11;18;20;15;21;16;16;6;16;10;14;13;11;9;8;5;5;5;6;7;7;6;2;4;6;7;4;4;2;2;5;0;2;4;1;2;2;1;0;1;0;0;1;0;0;1;0;2;0;0;0;1;1;0;0;0;0;0;0;0;0
280610705000005;1;733;733;206;116;173;142;17;9;4;1;42;1;4;3;13;2;0;0;0;0;0;16;1;4;3;2;0;2;0;0;0;0;2;2;19;19;13;17;16;24;13;12;21;19;19;12;20;12;20;21;14;14;16;11;14;15;11;7;5;14;16;12;13;14;11;9;12;6;17;9;16;11;9;10;8;10;15;9;6;7;8;9;7;2;6;4;4;2;4;7;2;5;4;5;4;2;2;0;0;1;2;1;4;2;1;0;0;0;1;2;1;2;0;3;0;0;0;0;1;0;0;0;1;0;0;0;0;0;0;0;0;0;0;0
280610705000006;1;477;477;143;89;92;59;2;1;26;1;15;1;21;1;26;0;0;0;0;0;0;4;0;0;0;0;0;1;1;0;0;2;0;0;9;9;9;7;5;7;5;8;8;8;10;5;8;6;7;10;9;4;8;11;11;13;10;8;4;14;17;7;7;8;8;6;13;4;10;9;8;6;8;5;9;4;6;5;4;6;3;3;12;5;9;5;3;3;7;3;7;5;4;1;4;2;2;4;2;1;3;3;2;1;2;2;0;2;0;0;0;1;1;1;0;2;0;2;0;0;1;0;0;0;1;0;0;0;0;0;0;0;1;0
280610705000007;1;881;881;254;144;180;151;20;9;29;2;37;0;33;0;22;0;0;0;0;0;0;20;0;2;1;2;3;3;0;2;2;2;0;3;18;12;11;23;17;13;16;17;16;19;21;18;22;20;21;20;17;19;12;24;18;24;16;17;26;15;17;17;22;11;8;14;18;14;16;10;18;9;15;8;9;13;12;11;13;14;3;10;8;3;6;4;5;8;8;5;6;7;6;2;9;4;4;2;1;3;3;1;3;0;2;2;0;0;2;0;1;0;0;0;0;1;0;0;1;0;0;0;0;0;0;0;0;0;0;0;0;0;0;0
280610705000008;8;341;335;96;72;107;25;12;6;0;0;18;0;1;0;2;2;0;0;0;0;0;10;0;1;0;4;0;1;0;0;2;1;1;0;6;7;7;6;7;8;5;4;11;4;10;9;2;10;6;12;10;4;7;5;5;10;9;7;7;7;2;2;8;6;3;4;2;4;5;6;5;4;8;6;4;9;1;8;2;4;7;5;3;4;4;0;3;3;2;2;1;2;1;0;2;1;0;2;1;0;0;1;1;0;0;1;0;1;0;1;0;1;0;1;0;0;0;1;0;0;0;0;0;2;0;0;0;0;0;0;0;0;0;0
280610705000009;5;821;821;209;137;215;116;13;8;30;7;40;0;22;2;13;0;9;0;0;0;0;23;2;5;2;1;3;2;1;2;1;1;0;3;16;13;18;14;21;19;10;17;22;33;21;18;24;28;16;18;11;13;17;16;16;20;12;21;11;21;17;18;8;14;11;15;11;9;8;7;8;10;10;10;10;12;6;9;10;7;7;8;6;11;5;7;5;6;5;1;1;6;3;1;3;5;5;4;1;3;0;2;1;2;0;3;2;1;3;2;0;2;1;2;0;0;1;2;1;1;0;0;0;2;0;0;1;0;0;0;0;0;0;0
280610705000010;8;836;743;241;141;214;159;12;5;2;1;31;0;9;0;14;2;4;0;1;0;0;26;1;0;2;6;2;2;2;3;3;1;2;2;17;18;22;21;16;19;22;21;14;19;27;17;23;24;23;13;17;16;17;10;10;16;19;16;16;13;17;20;7;20;10;12;14;20;11;15;12;16;18;8;10;9;11;8;6;3;2;4;1;7;4;5;2;5;4;2;2;7;4;7;3;1;6;2;1;3;1;4;3;0;2;0;3;1;2;1;0;0;2;0;1;0;1;2;0;1;0;0;0;0;0;0;0;0;0;0;0;0;0;1
280610705000011;4;270;270;79;52;89;29;2;5;2;0;9;0;1;0;1;1;0;0;0;0;0;3;0;0;3;0;0;0;0;0;0;0;0;0;4;8;1;4;9;3;7;2;5;4;6;5;5;8;10;9;3;7;6;5;4;5;6;2;3;7;3;5;5;11;3;6;2;4;3;5;2;2;2;5;3;2;1;6;6;2;2;1;6;1;1;3;2;3;3;2;2;3;0;3;1;0;2;2;2;0;0;1;0;2;1;3;1;1;0;0;0;0;1;2;0;0;0;0;0;0;0;0;0;0;0;0;0;0;0;0;0;0;0;0
280610705000012;1;779;779;199;142;201;133;26;7;7;1;40;0;10;0;10;3;0;0;0;0;0;9;0;0;2;1;3;0;0;1;0;1;1;0;13;19;19;16;12;16;14;15;15;20;13;17;18;14;19;24;31;9;16;8;17;17;15;16;16;17;15;9;14;11;11;13;13;15;9;10;11;16;13;12;10;12;10;12;14;6;7;7;3;14;6;7;3;4;7;3;1;7;0;5;1;5;2;2;2;1;3;0;1;3;2;0;3;2;0;4;0;0;0;0;0;1;1;0;0;0;0;1;0;0;0;0;0;0;0;0;0;0;0;0
280610705000013;1;580;580;184;96;115;71;8;11;5;2;52;8;11;1;15;0;0;0;1;0;0;9;0;0;0;2;0;2;0;2;0;2;1;0;9;7;7;13;12;4;5;10;9;10;10;17;7;6;13;13;11;8;6;4;11;7;8;10;11;14;16;11;11;11;11;6;10;9;17;6;10;11;9;10;7;4;8;12;6;6;4;9;4;6;5;2;1;7;3;2;9;4;3;5;5;6;5;4;8;4;3;3;3;2;3;1;4;5;2;1;1;1;0;2;1;1;2;0;1;0;0;1;2;1;0;0;0;0;0;0;1;0;0;1
280610705000014;4;444;444;112;79;116;79;21;2;0;1;15;0;6;0;6;0;7;0;0;0;0;12;0;0;2;1;3;0;0;0;0;0;2;4;15;13;13;17;16;12;15;11;15;16;9;11;8;9;13;11;10;7;5;5;2;9;4;4;7;8;15;16;7;16;10;9;4;6;13;8;6;4;4;6;3;4;3;1;3;5;2;0;0;3;2;2;1;1;1;1;1;2;3;1;1;0;1;0;0;0;1;0;0;0;0;0;0;0;0;1;0;0;0;0;0;0;0;0;0;0;0;0;0;0;0;0;0;0;0;0;0;0;0;0
280620605000001;1;984;984;297;188;249;136;9;7;7;2;59;2;7;2;15;2;1;0;1;0;0;15;4;0;2;2;1;1;0;0;0;1;2;2;8;9;10;11;13;14;10;16;18;23;10;19;26;15;25;16;27;20;20;14;17;13;16;14;22;15;18;16;18;25;13;19;14;18;14;20;12;12;11;10;21;19;24;15;12;14;9;9;13;12;9;7;7;8;8;9;7;9;6;9;10;7;9;10;5;2;3;2;1;7;4;4;1;1;3;2;4;4;1;1;0;1;6;3;3;2;1;0;0;1;1;1;0;1;0;0;0;0;0;0
280620605000002;1;781;781;214;129;230;108;15;9;3;0;47;1;10;0;13;1;1;0;0;0;0;9;0;0;0;1;0;1;2;0;0;2;1;2;11;13;10;13;12;16;10;11;16;23;17;15;18;21;23;21;26;13;15;16;18;16;19;8;15;11;10;10;12;9;13;11;23;8;13;9;10;10;12;14;16;11;5;10;5;7;6;12;11;9;9;3;6;6;4;10;5;3;5;2;2;4;4;3;4;2;1;6;1;0;1;1;4;3;2;2;5;1;2;1;0;2;0;1;1;0;0;1;0;0;1;1;0;0;0;0;0;0;0;0
280620605000003;1;647;644;191;106;148;103;2;8;5;0;47;1;11;0;19;5;1;0;0;0;0;6;1;2;1;0;0;1;0;1;0;0;0;0;10;8;11;11;8;11;9;18;11;22;14;17;18;10;14;18;11;12;14;10;12;1;13;8;13;15;13;16;5;9;5;9;14;5;8;13;13;11;8;17;6;9;7;6;9;11;8;8;7;4;7;4;2;6;6;4;9;4;3;2;4;4;2;5;6;3;3;2;2;6;1;2;0;1;3;3;0;0;0;0;1;1;2;0;1;1;0;0;0;0;0;0;0;1;0;0;0;0;0;0
280620605000004;1;657;657;187;114;156;107;18;1;4;1;49;1;2;0;13;4;0;0;0;0;0;12;1;1;0;1;1;1;0;1;3;0;1;2;8;9;12;12;10;12;14;11;17;16;21;12;19;20;17;9;9;16;14;11;13;13;11;12;12;7;12;13;16;13;10;15;12;6;9;12;7;6;11;11;4;8;5;9;10;6;8;9;4;9;7;3;9;3;3;3;10;5;0;2;1;3;3;5;3;3;1;1;0;3;1;1;1;1;2;0;0;3;2;1;0;0;0;1;0;0;0;0;0;0;2;0;0;0;0;0;0;0;0;0
280620605000005;1;776;769;238;142;198;108;5;5;12;4;28;0;10;0;13;0;4;0;2;0;1;11;1;1;1;1;3;0;0;2;0;1;1;0;10;10;9;5;7;6;8;17;11;16;18;9;19;10;18;16;9;14;13;11;12;14;8;15;12;10;12;12;13;15;18;6;13;11;13;9;14;16;13;15;11;16;13;11;11;10;12;10;11;15;6;5;12;9;10;11;8;7;6;6;6;7;6;6;6;2;5;2;2;3;5;1;4;4;0;2;1;2;1;0;1;0;4;2;0;1;1;0;0;0;0;1;1;0;1;0;0;0;1;0
280620605000006;8;621;621;167;114;209;52;23;6;3;1;28;3;3;0;10;2;0;0;0;0;0;4;0;1;1;0;1;0;0;1;0;0;0;0;10;13;13;11;8;12;9;8;11;15;10;10;6;14;7;10;15;14;12;13;12;19;19;14;14;8;26;7;10;13;13;10;11;7;7;7;10;5;4;5;7;7;7;10;10;2;8;2;3;8;6;12;4;7;9;4;4;6;1;3;6;4;6;2;2;3;5;2;2;0;1;5;3;0;0;1;1;4;0;2;1;1;1;0;0;0;0;2;0;0;1;0;0;0;0;0;0;0;0;0
280620605000007;5;288;288;74;63;117;15;2;1;0;1;12;0;1;0;1;0;0;0;1;0;0;3;0;1;0;0;0;1;0;0;1;0;0;0;3;3;4;7;5;8;3;7;3;8;11;4;6;2;8;6;3;9;7;9;4;3;6;2;1;6;7;2;5;7;6;10;5;3;4;5;6;3;2;2;3;3;5;7;4;5;3;4;1;5;1;2;1;0;1;2;1;3;0;2;4;5;2;1;3;2;1;2;0;0;3;0;1;1;1;0;0;1;0;0;0;0;0;0;0;0;0;0;0;0;0;0;0;0;0;0;0;0;0;0
280620605000008;8;576;576;147;106;228;35;9;6;1;0;39;1;1;0;3;0;0;0;0;0;0;8;1;1;0;0;3;0;0;0;0;0;3;0;7;12;17;8;13;7;14;11;23;13;12;11;11;13;16;17;13;10;6;9;5;11;14;13;15;6;7;7;10;7;6;7;12;14;8;5;7;8;14;8;4;10;4;4;6;2;8;8;1;10;4;5;9;4;3;3;5;1;2;2;4;2;3;3;6;2;8;3;1;3;1;2;1;1;1;1;2;1;0;0;0;0;0;0;1;0;0;0;0;0;0;0;0;0;0;0;0;0;0;0
280620605000009;8;360;360;94;65;127;42;9;3;1;0;13;0;1;0;2;3;0;0;0;0;0;6;0;2;0;1;0;0;0;1;1;0;1;0;6;4;3;10;5;5;8;8;12;10;14;12;7;11;10;7;7;9;4;2;4;8;5;7;3;3;5;4;3;4;9;2;3;3;8;12;7;9;3;6;6;5;6;4;3;8;4;6;5;3;1;4;0;0;3;1;1;2;1;3;0;1;3;0;2;2;2;1;2;0;0;0;1;0;1;0;2;2;2;1;0;0;1;0;0;1;0;1;0;0;0;0;0;0;0;0;0;0;0;1
280620605000010;8;364;364;94;72;141;33;3;5;1;0;12;0;1;0;2;0;0;0;0;0;0;4;0;0;0;0;0;0;0;0;2;0;0;2;6;4;5;5;5;10;4;5;12;11;11;6;6;9;10;10;12;7;4;6;9;8;6;3;11;5;4;7;6;5;5;3;5;10;4;7;3;7;9;10;7;7;1;8;4;3;2;1;2;4;3;1;2;2;4;1;3;1;0;2;2;2;4;1;0;1;3;0;0;3;0;2;0;0;1;3;0;0;0;1;1;1;1;0;0;0;0;0;0;1;0;0;0;0;0;0;0;0;0;0
280620605000011;5;350;350;89;74;140;24;4;3;0;2;10;1;2;0;1;0;0;0;0;0;0;2;0;1;0;1;0;0;0;0;0;0;0;0;8;3;10;3;11;9;9;9;10;8;8;6;7;11;11;6;5;7;7;7;1;5;3;2;5;2;5;3;6;5;6;8;7;3;8;6;4;5;6;4;11;10;4;2;6;10;2;0;1;3;3;3;1;5;2;3;1;3;2;1;2;1;3;0;2;0;2;2;2;1;1;1;3;1;0;2;0;1;1;0;0;0;0;1;0;0;0;0;0;0;0;0;0;0;0;0;0;0;0;0
280620605000012;8;956;956;239;178;371;89;8;8;2;3;45;1;4;1;5;1;1;0;0;0;0;15;1;3;1;1;1;3;0;1;0;2;2;0;10;18;22;15;19;17;11;13;18;30;27;25;27;24;33;14;39;23;20;11;19;15;16;13;19;20;14;11;9;15;14;13;12;16;15;8;13;10;17;16;14;4;7;12;13;10;12;9;5;10;4;9;7;2;9;3;10;6;4;2;4;5;5;7;7;8;8;3;4;5;4;1;5;2;2;3;0;5;1;0;1;0;2;1;2;0;1;0;1;1;0;0;0;0;0;0;0;0;0;0
280620605000013;8;220;220;64;49;60;19;7;0;2;1;4;0;4;0;4;6;0;0;0;0;0;0;0;0;0;0;0;0;0;0;0;0;0;0;3;2;2;6;5;6;2;5;0;6;6;3;1;6;2;6;7;3;7;2;3;2;4;6;4;4;4;3;4;4;4;4;8;4;5;2;2;4;2;3;6;2;1;2;3;2;2;0;4;4;1;2;1;3;1;1;2;1;2;1;0;1;3;1;3;0;1;1;0;2;2;1;2;0;0;0;0;0;0;0;1;0;1;0;1;1;1;0;0;0;0;0;0;0;1;0;0;0;0;0
280620605000014;8;624;624;186;119;189;72;0;1;5;0;30;1;10;1;10;0;0;0;0;0;0;8;0;1;0;1;1;1;1;1;1;1;0;0;6;8;18;11;11;4;8;6;14;18;13;19;18;9;18;10;16;17;7;14;11;12;8;8;8;14;7;12;12;11;11;3;8;4;5;8;6;16;10;9;10;8;7;7;1;6;13;5;5;6;5;4;6;6;6;5;8;8;6;7;2;3;2;2;1;1;3;1;6;3;5;3;3;2;2;3;0;4;3;3;1;1;1;0;0;0;0;1;0;1;0;1;0;1;0;0;0;0;0;0
280620605000015;8;519;519;140;94;171;57;5;5;2;0;31;0;8;0;6;0;0;0;0;0;0;5;2;0;0;0;1;1;0;0;0;0;0;1;9;6;9;9;12;11;12;18;9;18;13;7;12;13;12;10;7;8;11;12;7;11;5;9;6;5;9;5;8;8;10;7;9;4;6;7;9;7;8;2;3;7;5;6;9;4;5;6;4;8;1;5;3;3;6;5;9;2;4;5;0;5;2;9;1;6;5;4;3;4;1;0;2;1;0;0;2;0;1;3;0;1;0;0;0;0;0;0;0;0;0;0;1;2;0;0;0;1;0;0
280620605000016;8;348;348;101;60;106;38;9;7;0;0;17;0;1;0;6;0;3;0;0;0;0;6;0;0;1;0;2;0;1;0;1;0;0;1;5;3;4;6;6;6;11;4;9;12;11;15;8;7;8;10;5;10;6;3;7;5;2;10;3;4;4;2;4;8;4;3;2;6;5;7;5;8;4;1;6;4;3;3;5;1;1;3;2;3;3;4;3;1;1;4;6;5;2;8;3;1;3;1;1;1;1;4;2;1;1;0;0;2;1;2;1;1;1;0;1;0;0;0;0;0;1;1;1;0;0;0;0;0;0;0;0;0;0;0
280620605000017;8;286;286;87;58;88;29;2;1;0;0;13;0;0;0;6;1;1;0;0;0;0;3;0;0;0;1;0;0;0;0;0;0;2;0;2;8;8;3;8;3;3;7;6;7;4;6;1;6;4;9;2;2;4;3;5;5;4;8;4;3;5;5;9;5;4;2;9;6;5;5;3;2;6;10;4;4;0;1;4;4;1;2;6;1;1;3;2;1;2;3;4;1;2;1;2;1;1;1;1;4;3;1;2;2;3;4;0;1;2;0;2;2;1;0;0;0;0;0;1;0;0;0;0;0;0;0;0;0;0;0;0;1;0;0
280620605000018;8;688;688;191;123;210;79;13;9;1;2;43;1;3;0;11;1;1;0;0;0;0;14;0;1;0;1;2;0;3;2;1;0;2;2;5;14;11;10;11;10;10;16;7;17;14;12;16;22;13;18;18;11;19;16;19;20;7;13;7;11;12;9;13;11;8;15;6;9;14;12;6;8;10;9;5;10;6;11;8;7;12;11;9;5;8;3;3;4;4;10;9;6;4;3;5;1;1;3;4;3;1;1;1;5;3;0;1;2;3;1;3;3;0;1;1;1;0;1;0;1;0;0;0;0;0;1;0;0;0;0;0;0;0;0
280620605000019;8;105;105;32;17;33;12;0;1;1;0;4;0;3;0;2;0;0;0;0;0;0;2;1;0;0;0;0;0;1;0;0;0;0;0;3;2;1;0;1;1;3;2;1;5;1;2;1;2;1;1;1;3;4;1;4;2;0;3;2;1;0;2;2;2;0;1;2;2;4;1;0;1;3;4;5;0;1;1;0;0;1;1;0;1;1;1;1;1;1;4;2;1;0;1;0;0;0;0;0;0;0;0;0;0;1;0;1;1;1;0;0;0;1;0;0;0;0;0;1;0;0;0;0;0;0;1;0;1;0;0;0;0;0;0
280620605000020;1;210;210;56;45;81;17;0;2;1;0;7;0;0;0;1;0;0;0;0;0;0;7;2;1;1;0;0;1;0;0;0;0;1;1;2;1;3;4;2;3;1;5;6;9;2;4;5;5;8;8;5;4;2;4;6;6;4;3;3;1;4;4;2;4;2;2;4;5;6;3;1;4;2;3;3;5;2;5;2;3;3;3;1;0;1;0;1;2;1;1;2;1;0;0;2;1;1;1;0;0;0;1;1;1;0;0;0;2;0;1;0;2;0;1;1;0;0;0;0;0;0;0;0;0;0;0;0;0;0;0;0;0;0;0
280620605000021;8;496;496;135;88;150;70;4;7;1;1;26;2;5;0;6;1;0;0;0;0;0;5;1;0;0;1;0;0;1;0;0;0;1;1;6;6;5;9;10;4;9;7;11;7;8;7;9;9;14;9;19;13;13;15;9;8;11;13;7;5;14;10;11;9;6;4;5;3;8;8;7;8;7;6;5;6;3;3;7;6;4;6;5;3;3;9;3;5;7;4;1;3;5;6;2;3;1;3;5;0;1;3;2;6;1;2;0;1;1;3;1;2;0;2;2;1;1;0;1;0;0;0;0;1;2;0;0;0;0;1;0;0;0;0
280620605000022;5;369;369;108;70;99;38;12;6;3;0;22;0;8;0;3;0;0;0;0;0;0;8;3;0;0;0;1;1;0;0;0;2;0;1;3;12;9;5;2;3;7;12;4;8;5;5;6;4;8;5;6;5;6;8;7;7;8;6;11;8;7;6;7;10;3;5;7;5;11;6;3;7;8;0;4;7;4;5;4;2;3;2;5;1;3;2;3;2;4;3;0;3;1;1;2;1;4;7;2;2;3;5;3;2;2;2;1;0;3;2;0;0;2;1;0;0;0;1;1;1;0;0;0;0;0;0;0;0;0;0;0;0;0;0
280620605000023;8;214;214;60;39;70;22;7;3;2;0;8;0;2;0;0;1;0;0;0;0;0;3;0;1;0;0;1;0;0;1;0;0;0;0;2;7;1;4;4;5;6;5;6;6;8;4;7;7;4;5;2;4;2;2;3;1;1;7;2;4;2;5;4;8;4;5;3;2;7;2;1;5;3;1;2;2;4;3;1;3;0;2;1;4;1;0;0;2;0;0;1;2;1;2;0;1;1;0;1;3;1;1;1;0;0;1;0;2;1;0;2;1;0;0;0;1;0;0;1;0;0;0;0;0;0;0;0;0;1;0;0;0;0;0
280620605000024;5;461;461;138;97;133;53;4;7;0;1;19;0;1;0;5;3;0;0;0;0;0;7;1;1;0;0;0;0;0;1;0;3;0;1;8;3;6;12;10;11;2;7;9;9;8;13;8;12;17;9;5;12;8;8;8;12;5;1;8;10;7;8;11;9;6;5;9;5;7;6;6;10;9;12;7;3;5;6;0;2;2;4;3;2;5;3;2;8;3;4;2;5;4;3;7;3;3;3;6;2;5;2;0;2;3;1;1;1;1;0;1;2;1;1;1;1;0;0;1;1;0;0;0;1;0;0;0;0;0;0;0;0;0;0
280620605000025;5;753;748;226;143;197;90;9;8;5;0;57;1;5;0;5;4;3;0;0;0;0;12;3;3;1;1;0;0;0;0;3;0;1;0;8;10;8;8;11;9;11;18;12;19;23;17;19;17;25;15;16;17;13;10;14;10;13;9;7;9;9;7;12;11;8;21;13;5;10;11;8;12;18;14;8;14;18;4;11;8;5;5;11;3;3;8;9;9;6;7;9;5;4;4;7;2;5;2;8;5;9;5;2;4;2;2;3;2;1;1;4;2;1;1;1;1;3;2;0;3;0;1;0;0;2;1;0;0;0;1;0;0;0;0
280620605000026;5;588;588;157;100;181;77;12;8;1;3;30;1;4;0;13;1;0;0;0;0;0;7;0;0;1;2;0;0;2;1;1;0;0;0;5;10;10;7;11;8;6;17;10;16;13;12;18;16;13;18;13;20;12;10;11;10;10;10;10;8;12;9;10;13;4;10;6;10;11;9;7;7;7;10;8;8;3;4;8;8;9;6;7;6;5;9;2;2;5;2;3;1;3;4;4;2;1;3;2;2;3;6;3;3;1;2;1;2;0;2;0;1;4;3;1;0;0;0;0;0;1;0;0;0;2;0;0;0;0;0;0;0;0;0
280620605000027;5;478;478;132;86;152;59;9;5;0;0;25;3;2;1;2;2;0;0;0;0;0;11;0;0;2;2;3;2;0;1;1;0;0;0;9;7;9;13;12;5;6;8;13;10;12;15;14;13;11;13;10;8;10;7;6;13;6;7;6;6;5;3;8;4;3;4;7;7;9;6;12;8;7;4;9;10;7;3;4;5;5;2;3;2;2;3;3;4;4;3;2;2;3;4;3;1;2;2;1;3;0;3;5;6;1;3;2;4;1;3;4;0;0;2;0;1;0;1;1;1;0;0;1;0;0;0;0;0;0;0;0;0;0;0
280620605000028;8;273;273;86;54;74;42;3;1;3;0;5;1;4;0;0;0;0;0;0;0;0;6;0;2;0;1;0;0;1;0;0;0;1;1;6;4;5;4;2;9;4;3;7;6;4;4;1;4;8;4;3;4;3;4;7;6;3;4;1;3;4;5;5;8;3;4;4;5;5;4;0;4;8;5;3;7;4;2;5;3;6;0;1;4;0;3;3;1;4;0;1;1;2;1;3;2;0;3;1;5;2;2;2;1;0;0;2;4;1;0;1;1;1;2;1;1;2;0;0;0;1;0;1;0;0;0;0;0;0;0;0;0;0;0
280620605000029;5;213;213;65;41;65;22;2;1;1;0;13;1;0;1;1;0;0;0;0;0;0;6;1;2;0;2;0;0;0;0;0;0;1;0;2;3;3;5;3;4;4;6;4;7;8;5;3;1;5;5;2;3;2;4;2;4;4;7;2;2;4;3;3;2;3;5;1;4;5;5;3;6;4;3;1;0;5;5;1;2;4;3;1;0;2;3;1;0;2;1;3;1;2;3;0;1;0;3;0;1;1;1;2;1;0;0;0;2;0;0;2;0;0;0;0;0;0;0;1;0;0;0;0;0;0;0;1;0;0;0;0;0;0;0
280620605000030;8;517;516;133;89;191;52;16;3;3;1;21;0;4;0;4;0;0;0;0;0;0;10;1;0;2;0;0;2;0;0;1;2;1;1;7;10;9;5;7;8;7;12;11;18;21;17;14;15;17;13;16;8;6;13;4;9;7;10;10;3;5;9;6;9;3;6;8;8;11;2;4;10;6;0;6;9;4;7;4;12;3;8;6;7;6;3;4;5;3;2;3;1;1;1;3;5;3;4;0;6;2;5;1;7;1;1;1;2;1;0;0;0;1;2;0;0;1;1;0;0;0;1;0;0;0;0;0;0;0;0;0;0;0;0
280620605000031;5;257;257;85;48;70;26;13;0;0;0;6;0;0;0;7;1;1;0;0;0;0;3;0;0;0;1;0;0;1;0;0;0;1;0;4;3;2;1;7;6;8;3;4;6;5;7;5;8;5;5;8;4;3;5;9;2;1;4;4;4;8;3;3;2;2;2;6;4;7;4;3;3;1;5;4;2;3;5;4;1;0;1;3;2;3;4;3;2;4;2;2;0;0;3;3;2;3;1;2;1;1;2;0;1;2;0;1;2;1;0;1;0;0;3;2;0;0;0;1;0;0;0;0;0;0;0;0;0;0;0;0;0;0;1
280620605000032;5;181;181;55;32;44;31;0;1;1;1;13;1;1;0;0;0;0;0;1;0;0;1;0;0;0;0;0;0;0;1;0;0;0;0;3;4;2;1;3;5;4;4;2;2;8;4;6;2;3;6;5;2;2;3;4;6;3;2;2;2;3;3;1;2;0;3;6;5;1;3;0;0;0;4;1;3;1;1;3;5;1;3;1;3;0;3;0;3;3;0;3;1;1;0;0;1;2;1;0;1;0;0;1;2;1;1;1;0;2;0;1;1;0;4;1;0;0;1;0;0;0;0;1;0;1;0;0;0;0;0;0;0;0;0
280620605000033;8;709;709;206;130;230;67;11;6;2;0;43;1;5;0;5;1;2;0;0;0;0;10;0;0;1;1;0;0;0;4;0;1;1;2;10;14;19;16;17;10;14;20;14;9;19;15;11;15;17;10;10;13;9;9;13;11;19;21;6;9;11;9;8;10;14;9;14;12;12;16;18;7;7;10;8;4;9;5;5;4;5;6;9;3;7;3;0;5;5;9;3;6;1;7;5;2;7;7;10;5;6;3;6;8;1;3;2;0;0;1;1;2;1;2;0;2;2;2;0;0;0;0;2;2;1;0;0;0;2;1;0;1;0;1
280620605000034;8;280;280;79;54;96;26;2;0;5;3;7;0;0;0;7;1;0;0;0;0;0;2;0;1;0;0;0;0;0;1;0;0;0;0;4;5;6;6;6;0;8;6;3;2;5;6;2;7;3;6;9;9;7;7;8;4;3;10;1;4;3;3;4;2;5;4;7;3;3;5;5;5;4;3;4;4;4;6;4;4;5;3;4;2;2;2;1;1;4;2;4;4;0;2;1;2;2;2;3;0;1;1;0;0;1;1;1;0;0;0;2;0;0;0;1;0;1;3;0;0;0;0;0;0;1;0;0;0;0;0;0;0;0;0
280620605000035;1;849;841;265;176;207;123;5;6;4;0;37;0;14;0;11;1;0;0;0;0;0;21;3;3;2;1;1;1;0;3;0;2;1;4;24;8;25;18;12;25;9;15;16;21;20;18;14;18;8;15;16;16;7;13;18;21;19;11;32;27;11;21;24;21;14;17;16;16;13;17;12;14;12;6;13;12;5;3;10;4;12;4;8;4;1;2;5;2;6;7;1;3;8;3;6;2;3;2;5;3;3;4;1;3;4;2;5;2;2;4;1;0;0;0;0;1;0;1;1;0;0;0;0;0;0;0;0;0;0;0;0;0;0;0
280620605000036;1;766;766;226;144;201;117;15;5;3;1;37;1;3;1;11;0;1;0;0;0;0;9;0;1;2;2;0;0;1;0;1;0;0;2;13;15;15;15;9;18;11;16;15;27;9;19;13;19;18;15;18;14;14;10;11;19;9;13;10;15;12;18;11;19;12;18;18;17;16;19;11;12;10;5;7;8;8;9;10;5;5;9;5;6;3;2;8;8;6;11;4;2;5;5;4;3;3;3;0;0;7;2;1;4;3;4;2;3;0;2;1;2;3;1;0;4;0;0;1;0;0;0;0;0;0;0;0;0;0;0;0;0;0;0
280620605000037;1;485;480;157;87;100;75;7;1;4;0;25;1;10;0;11;4;1;0;2;0;0;4;0;0;0;0;2;1;0;0;0;1;0;0;9;6;5;8;7;11;10;8;5;4;5;10;10;7;11;8;7;5;4;8;11;8;7;6;7;9;3;16;11;12;4;5;8;12;4;9;4;5;4;12;12;7;7;3;7;5;7;5;4;5;1;6;1;2;6;5;5;4;4;5;3;4;1;6;1;2;8;3;1;6;2;4;4;5;2;2;2;0;2;4;2;1;0;1;1;1;4;1;0;1;0;0;0;1;0;0;0;0;0;0
280620605000038;1;67;"X";"X";"X";"X";"X";"X";"X";"X";"X";"X";"X";"X";"X";"X";"X";"X";"X";"X";"X";"X";"X";"X";"X";"X";"X";"X";"X";"X";"X";"X";"X";"X";"X";"X";"X";"X";"X";"X";"X";"X";"X";"X";"X";"X";"X";"X";"X";"X";"X";"X";"X";"X";"X";"X";"X";"X";"X";"X";"X";"X";"X";"X";"X";"X";"X";"X";"X";"X";"X";"X";"X";"X";"X";"X";"X";"X";"X";"X";"X";"X";"X";"X";"X";"X";"X";"X";"X";"X";"X";"X";"X";"X";"X";"X";"X";"X";"X";"X";"X";"X";"X";"X";"X";"X";"X";"X";"X";"X";"X";"X";"X";"X";"X";"X";"X";"X";"X";"X";"X";"X";"X";"X";"X";"X";"X";"X";"X";"X";"X";"X";"X";"X";"X"
280620605000039;1;118;118;37;21;35;9;6;0;0;0;1;0;3;0;4;0;2;0;0;0;0;2;0;0;0;1;0;0;0;0;0;0;1;0;5;5;1;1;3;3;3;1;2;7;2;2;2;1;1;3;1;1;3;1;4;2;0;4;1;2;5;3;1;5;1;3;2;1;2;0;1;3;0;1;1;0;1;0;0;3;0;0;0;1;1;1;1;4;1;0;1;0;0;2;3;0;2;0;1;0;0;0;0;1;0;0;1;1;1;0;0;0;0;0;0;0;0;0;0;0;0;0;0;0;0;0;0;0;0;0;0;0;0;0
280620605000040;1;269;269;94;63;43;42;7;1;0;0;4;0;7;0;7;1;0;0;0;0;0;3;1;1;0;0;0;0;0;0;0;0;0;1;8;9;6;6;4;5;2;6;3;3;3;5;5;4;5;4;2;6;7;8;10;8;9;10;6;4;8;10;8;8;6;9;6;4;4;6;4;8;1;3;2;1;4;2;3;1;1;2;1;2;0;1;0;0;0;0;0;1;2;1;0;0;2;0;0;1;1;1;1;1;1;0;1;0;0;0;0;0;0;0;0;0;0;0;0;0;0;0;0;0;0;0;0;0;0;0;0;0;0;0
280620605000041;8;1;"X";"X";"X";"X";"X";"X";"X";"X";"X";"X";"X";"X";"X";"X";"X";"X";"X";"X";"X";"X";"X";"X";"X";"X";"X";"X";"X";"X";"X";"X";"X";"X";"X";"X";"X";"X";"X";"X";"X";"X";"X";"X";"X";"X";"X";"X";"X";"X";"X";"X";"X";"X";"X";"X";"X";"X";"X";"X";"X";"X";"X";"X";"X";"X";"X";"X";"X";"X";"X";"X";"X";"X";"X";"X";"X";"X";"X";"X";"X";"X";"X";"X";"X";"X";"X";"X";"X";"X";"X";"X";"X";"X";"X";"X";"X";"X";"X";"X";"X";"X";"X";"X";"X";"X";"X";"X";"X";"X";"X";"X";"X";"X";"X";"X";"X";"X";"X";"X";"X";"X";"X";"X";"X";"X";"X";"X";"X";"X";"X";"X";"X";"X";"X"
280620605000042;1;85;85;19;15;34;7;5;0;1;0;0;0;1;1;2;0;0;0;0;0;0;4;0;0;0;0;0;1;1;1;0;1;0;0;1;3;3;1;4;1;2;5;3;3;3;2;1;2;3;1;3;2;2;2;2;1;1;0;2;2;2;3;1;3;0;3;1;0;2;1;1;1;1;0;3;0;0;0;0;1;0;0;0;0;0;0;0;1;0;0;0;1;0;0;0;0;0;0;0;0;0;0;0;0;0;0;0;0;0;0;0;0;0;0;0;0;0;0;0;0;0;0;0;1;0;0;0;0;0;0;0;0;0;0
280620605000043;8;576;576;153;108;184;85;14;1;1;0;23;0;2;0;3;2;0;0;0;0;0;4;0;1;0;0;0;0;2;0;1;0;0;0;10;10;11;6;9;6;18;17;11;23;12;18;13;16;16;12;16;10;12;14;9;15;7;12;7;8;9;5;9;7;15;11;8;9;9;9;12;4;8;9;5;4;4;10;8;5;4;0;7;3;2;2;3;5;2;3;5;5;1;7;2;5;4;1;1;4;3;2;1;4;0;1;2;2;0;1;2;1;2;2;1;1;0;0;0;1;1;0;0;0;0;0;0;1;0;0;0;0;0;0
280630505000001;1;915;915;231;129;195;209;22;10;9;0;74;6;14;0;16;0;0;0;0;0;0;21;4;0;2;2;4;3;0;0;0;1;2;3;19;12;21;24;25;12;12;21;31;26;25;28;30;26;25;24;17;14;18;18;17;26;22;10;19;19;15;9;17;18;15;9;14;11;11;11;11;6;6;9;5;11;6;3;5;5;2;4;4;6;7;5;6;5;9;9;4;10;10;7;3;10;7;4;6;3;3;0;3;2;3;1;3;0;1;1;0;1;3;2;2;1;0;1;3;2;1;0;0;0;0;1;0;1;0;0;0;0;0;0
280630505000002;1;739;739;223;132;174;89;17;7;2;2;66;1;7;0;12;5;2;0;0;0;0;15;1;1;0;1;1;3;0;1;1;1;3;2;12;14;10;12;17;15;17;14;19;7;18;19;15;13;18;15;21;10;13;13;12;12;16;8;7;21;13;21;23;9;8;10;14;12;13;7;8;9;9;11;2;5;7;12;8;9;4;10;11;8;11;6;9;7;7;4;5;5;6;4;5;4;1;1;4;0;3;3;4;2;1;2;1;0;1;1;1;2;1;1;0;2;0;3;1;0;0;3;0;2;0;0;0;0;0;0;0;0;0;0
280630505000003;8;891;886;237;166;302;102;18;9;7;0;36;0;5;0;8;1;0;0;0;0;0;15;0;0;0;2;1;1;1;0;4;2;2;2;24;14;18;17;11;16;16;18;15;25;30;26;17;23;25;24;22;20;19;15;19;13;8;15;13;19;15;18;13;10;7;11;10;18;10;13;11;9;12;6;12;12;6;15;10;15;10;9;7;9;8;4;3;3;2;12;6;7;5;7;3;5;2;5;4;3;5;5;4;4;1;4;1;3;1;3;1;4;0;2;1;0;1;1;3;0;0;1;2;0;0;0;0;0;0;0;0;0;0;0
280630505000004;5;642;642;153;98;213;111;21;4;3;1;22;0;9;0;7;0;0;0;0;0;0;8;1;0;1;1;1;0;2;0;0;1;0;1;16;20;18;15;13;15;15;26;24;15;21;19;19;22;13;26;18;11;16;11;12;12;8;10;10;10;7;7;6;8;7;5;11;8;8;11;5;10;5;5;5;8;9;6;7;10;3;7;6;4;5;3;4;2;2;1;2;1;3;3;1;3;1;2;3;0;1;3;2;0;1;2;0;1;0;1;0;1;0;0;1;1;0;0;0;0;0;0;0;1;0;0;0;0;0;0;0;0;0;0
280630505000005;5;420;420;101;70;130;58;24;2;1;0;19;3;1;0;6;0;5;0;0;0;0;9;0;2;1;1;1;0;0;1;0;2;1;0;11;14;12;13;8;19;8;15;13;9;10;12;13;12;12;16;7;3;7;9;8;12;6;4;5;13;6;9;5;9;3;4;4;6;3;3;6;7;1;4;2;5;2;3;1;2;4;7;2;5;0;5;5;2;4;1;0;1;2;0;1;0;2;1;0;3;2;1;0;3;1;2;1;0;0;0;0;0;0;0;0;0;0;0;0;0;0;0;0;0;0;0;0;0;0;0;0;0;0;0
280630505000006;8;638;638;153;90;203;113;9;6;2;0;39;1;13;0;5;0;4;0;0;0;0;13;3;0;0;1;1;0;0;4;0;1;2;1;20;16;13;12;9;11;15;22;16;26;17;23;25;21;18;23;18;16;12;18;16;6;11;9;5;6;12;10;11;7;16;8;7;9;8;8;8;3;7;8;4;7;4;6;4;3;4;5;2;1;2;7;2;5;2;2;5;1;3;0;1;1;1;1;3;3;2;2;0;2;1;3;1;2;0;0;0;0;0;1;1;0;0;0;1;1;1;0;0;1;0;0;0;0;0;0;1;0;0;0
280630505000007;5;878;874;202;135;275;136;14;11;3;2;80;0;6;0;12;1;1;0;0;0;0;23;2;2;5;1;1;3;1;2;0;1;1;4;21;23;19;32;17;25;23;22;29;26;17;17;20;29;25;22;21;13;14;17;13;19;13;22;20;18;15;11;13;10;12;13;10;13;13;8;14;4;6;5;9;5;10;13;7;6;8;7;4;10;3;5;3;12;6;6;6;5;4;3;3;1;2;3;2;3;1;2;2;1;2;5;1;3;0;0;2;0;1;0;0;1;1;0;0;1;0;1;0;0;0;0;0;0;0;0;0;0;0;1
280630505000008;5;689;689;158;110;206;76;16;14;4;3;74;8;6;0;13;0;1;0;0;0;0;9;1;0;0;1;1;2;0;0;0;1;1;2;15;17;19;19;14;17;16;20;15;17;15;15;10;12;16;16;10;15;10;10;15;12;15;7;12;6;16;17;15;10;13;13;8;10;12;10;6;9;4;8;2;5;6;7;7;8;2;3;9;5;7;6;4;4;5;4;8;6;7;4;4;4;2;7;3;5;1;1;4;2;3;2;0;2;2;2;1;3;1;2;0;1;0;1;1;1;0;0;0;0;0;0;0;0;0;0;0;0;0;0
280630505000009;5;245;245;70;44;68;37;4;2;0;0;14;0;4;0;1;1;0;0;0;0;0;4;0;1;0;0;0;0;2;0;0;1;0;0;1;10;2;3;2;3;1;6;5;4;3;7;6;5;10;6;12;6;2;8;5;4;7;6;2;2;5;2;3;2;4;1;0;3;4;7;2;4;3;4;7;5;2;3;4;3;1;3;2;2;2;2;1;3;1;3;2;1;1;1;1;2;1;1;3;0;1;1;1;3;0;1;2;0;0;1;1;0;0;0;0;0;0;0;0;0;1;0;0;0;0;0;0;0;0;0;0;0;0;0
280630505000010;7;234;224;61;37;79;34;1;3;1;0;9;0;2;0;5;1;1;0;0;0;0;2;0;0;0;1;0;0;0;0;0;0;1;0;3;3;4;3;7;7;8;5;6;6;9;3;3;10;3;8;9;5;9;4;7;5;3;9;4;5;3;3;2;2;3;1;3;2;3;1;4;3;3;4;1;3;2;3;2;1;3;1;1;3;4;2;0;1;1;1;2;0;0;1;2;2;0;0;0;1;0;0;2;0;0;2;1;0;0;0;1;0;0;1;0;1;0;0;0;0;0;0;0;0;0;0;0;1;0;1;0;0;0;0
280630505000011;8;424;419;102;63;129;62;8;4;1;1;39;3;2;0;5;2;3;0;0;0;0;8;1;1;0;0;0;0;1;0;1;3;1;0;10;7;17;9;13;12;8;5;10;8;11;7;10;13;7;11;9;12;4;13;8;6;11;11;11;6;2;7;7;6;4;4;7;2;6;7;2;2;0;7;5;5;3;5;6;2;0;4;4;8;3;5;2;4;2;4;1;1;5;4;1;2;2;1;2;1;1;2;2;1;2;3;0;0;1;1;3;0;1;1;0;1;0;0;0;0;1;0;0;0;1;0;0;0;0;0;0;0;0;1
280630505000012;8;527;526;133;103;194;47;12;3;5;0;20;0;8;0;2;0;0;0;0;0;0;7;2;1;0;0;0;0;1;0;2;0;1;0;8;6;9;8;8;7;5;9;16;16;9;23;9;19;12;16;14;15;9;10;5;12;10;9;7;7;8;5;4;14;3;4;6;6;9;4;4;4;6;7;5;11;7;9;6;8;11;10;6;7;2;7;5;10;8;7;2;2;4;2;4;4;4;1;3;3;2;1;0;1;0;0;0;2;1;0;0;0;0;0;0;0;0;0;1;0;0;1;0;1;0;0;0;0;0;0;0;0;0;0
280630505000013;5;318;318;86;68;92;37;8;4;2;0;18;0;1;0;2;0;0;0;0;0;0;3;1;0;0;1;0;0;0;0;0;0;0;1;8;4;5;5;7;7;6;12;7;9;11;8;8;4;6;7;4;9;4;4;4;7;7;9;9;9;10;4;6;0;2;5;3;5;4;3;4;3;1;1;5;0;1;3;5;5;2;4;2;2;5;1;0;3;4;4;3;0;4;2;3;2;1;1;3;0;5;2;2;2;0;2;2;1;1;0;1;0;0;0;0;0;0;0;0;0;0;0;1;0;0;0;0;0;0;0;0;0;0;0
280630505000014;5;138;138;33;25;49;15;0;1;0;0;14;0;0;0;1;0;0;0;0;0;0;4;0;0;0;0;2;0;0;0;0;2;0;0;3;2;1;0;1;5;3;8;7;3;3;6;3;3;5;4;2;4;1;2;2;3;2;2;1;1;3;1;0;2;2;3;1;3;1;3;1;3;2;1;0;2;1;2;1;1;3;0;0;0;2;1;0;0;1;0;0;1;1;3;1;1;2;0;1;1;1;1;1;1;1;0;0;0;0;0;0;0;0;1;0;0;0;0;0;0;0;0;0;0;0;0;0;0;0;0;0;0;0;0
280630505000015;7;210;210;48;29;90;23;0;5;0;0;13;0;0;0;2;0;0;0;0;0;0;1;0;0;0;0;0;0;0;1;0;0;0;0;3;6;2;1;5;3;3;6;10;7;3;8;5;5;10;8;9;5;7;4;6;6;3;3;2;1;1;3;1;5;3;1;2;0;1;1;1;4;6;5;1;4;2;3;1;3;1;3;2;3;0;3;0;2;1;2;0;1;4;0;1;1;1;1;1;1;0;0;0;0;0;0;0;0;0;2;0;0;0;0;0;0;0;0;0;0;0;0;0;0;0;0;0;0;0;0;0;0;0;0
280630505000016;8;432;427;121;77;134;53;1;5;0;2;23;3;3;0;9;0;1;0;0;0;0;8;0;1;3;2;0;0;1;1;0;0;0;0;8;6;9;6;9;7;13;10;9;13;12;12;7;11;10;9;11;10;8;8;6;7;8;2;7;6;9;4;11;5;6;5;7;6;7;3;6;6;3;7;4;11;3;5;5;3;8;1;2;6;4;2;7;7;2;6;3;2;2;2;2;1;2;1;0;0;0;1;3;2;3;2;1;2;0;1;0;0;0;2;1;0;0;1;3;0;1;0;1;0;0;0;0;0;0;0;0;0;0;0
280630505000017;5;457;450;114;68;144;81;3;5;3;0;31;0;4;0;3;0;1;0;0;0;0;17;1;2;0;0;2;3;0;3;0;1;3;2;11;14;12;13;6;12;10;13;6;13;12;9;13;12;10;10;9;13;5;9;12;9;2;11;11;7;8;6;5;4;5;2;5;5;7;6;11;12;5;9;6;6;4;3;2;5;5;2;3;2;1;1;4;3;3;4;1;2;2;2;0;3;0;0;2;2;0;1;2;2;1;2;2;1;3;0;0;1;0;2;0;0;1;0;0;0;0;0;0;0;0;0;0;0;0;0;0;0;0;0
280630505000018;8;1234;1232;323;207;315;237;14;11;5;2;83;2;15;2;13;2;3;0;0;0;0;19;2;4;1;0;4;1;2;3;0;0;1;1;24;13;26;25;26;23;20;24;27;28;21;22;31;33;27;31;28;19;16;35;31;27;28;14;27;20;17;20;23;26;16;12;12;15;14;11;9;16;23;21;21;6;10;13;10;15;14;13;7;12;6;9;12;7;12;7;5;15;9;12;10;9;8;5;7;5;9;0;3;7;7;6;2;1;0;4;3;3;3;9;4;0;0;1;3;2;2;4;0;0;0;0;0;0;0;0;0;1;0;1
280630505000019;7;468;468;131;73;117;72;18;8;1;1;33;1;1;0;12;0;0;0;0;0;0;8;0;0;0;0;0;2;1;1;1;1;2;0;12;11;5;9;11;11;10;13;7;8;9;15;8;13;6;11;16;13;6;5;9;8;5;8;13;10;8;5;3;15;8;3;10;8;3;5;2;3;7;9;9;10;7;3;6;3;3;1;2;7;3;5;5;5;4;5;1;1;2;3;0;2;2;0;2;1;3;4;1;2;1;0;0;0;1;2;2;2;1;2;0;0;0;0;0;0;1;1;1;1;0;2;0;0;0;0;0;0;0;0
280630505000020;5;424;424;117;65;91;93;5;5;1;0;34;0;4;0;8;0;1;0;0;0;0;8;2;1;0;1;0;0;1;0;1;2;0;0;8;5;7;12;8;7;8;8;11;10;11;15;14;8;6;10;9;12;12;10;2;11;6;3;9;7;6;9;4;8;6;2;6;9;5;9;4;10;7;4;4;3;3;2;2;3;5;5;0;4;4;3;3;3;1;2;1;3;3;6;4;2;5;2;3;0;1;2;4;2;1;2;0;1;1;1;1;1;2;1;0;0;0;0;1;1;0;0;0;0;0;0;0;0;0;0;0;0;0;0
280630505000021;8;464;464;135;99;154;37;4;0;2;3;20;1;5;0;2;2;0;0;0;0;0;4;0;0;0;0;0;1;0;1;0;1;0;1;6;10;8;6;12;5;3;13;9;13;7;9;10;13;5;7;10;5;7;13;12;7;5;7;6;14;8;7;8;4;8;5;9;11;7;6;11;7;5;1;8;7;2;1;4;5;3;3;1;3;4;1;5;5;3;3;5;8;6;8;5;2;3;1;3;1;2;4;3;4;1;4;0;2;5;2;2;3;1;1;0;4;0;0;0;0;1;0;1;0;0;0;0;0;0;0;0;1;0;0
280630505000025;5;321;321;84;58;106;30;6;3;4;0;22;0;5;0;2;1;0;0;0;0;0;7;1;1;0;0;0;1;0;1;1;2;0;0;2;6;6;3;2;6;11;10;11;8;11;10;8;5;10;6;9;9;3;8;5;8;6;6;5;2;8;8;4;6;5;8;1;6;4;3;6;8;1;1;5;1;2;1;5;2;1;1;5;3;4;4;2;0;5;1;0;1;3;0;2;2;0;4;0;0;2;0;2;0;1;1;1;2;0;1;0;0;0;2;1;0;0;1;0;1;0;0;0;0;0;0;0;0;0;0;0;0;0;0
280630505000026;1;1261;1261;300;209;374;193;50;14;7;5;67;4;13;0;19;3;3;0;0;0;0;32;0;5;2;3;1;3;0;2;3;7;2;4;33;30;29;24;29;21;21;41;23;39;42;47;29;36;40;30;32;29;36;17;24;28;22;20;20;26;19;22;14;21;20;16;12;23;16;22;19;13;13;13;13;12;9;6;13;3;12;10;7;11;9;7;5;12;9;2;4;7;4;3;2;3;2;4;6;2;2;1;9;0;2;2;1;2;1;2;2;2;2;1;0;1;0;6;1;1;0;2;0;0;1;0;0;0;0;0;0;0;0;0
280640405000001;1;452;451;122;76;128;53;6;7;4;1;41;0;2;0;12;0;0;0;0;0;0;7;0;0;2;0;1;1;0;2;1;0;0;0;6;9;4;9;7;4;5;5;4;8;11;14;10;9;13;6;6;12;9;6;5;13;18;6;6;13;8;9;8;4;5;3;5;8;2;4;8;6;3;5;7;6;10;5;5;8;5;5;1;4;6;6;3;0;4;2;3;3;6;5;1;2;5;4;2;3;3;5;2;4;3;1;1;0;2;3;1;0;3;1;1;1;1;5;0;0;0;0;1;0;0;0;0;0;0;0;0;0;0;0
280640405000002;1;1000;994;282;192;283;81;17;13;6;0;67;6;22;1;23;4;3;0;0;0;0;20;3;2;1;5;2;2;0;1;0;2;2;0;12;14;19;25;13;14;12;18;17;20;13;20;16;22;24;20;14;23;18;20;13;21;19;25;12;13;9;23;20;26;17;26;14;17;17;14;19;17;11;16;12;11;12;16;5;16;7;3;7;8;9;10;10;3;13;11;8;4;4;9;6;5;6;4;3;4;4;6;2;4;5;6;2;3;4;7;3;3;5;0;1;2;7;1;0;2;0;1;0;0;0;0;0;1;1;0;1;0;0;0
280640405000003;1;656;655;178;122;178;77;6;12;5;1;63;1;6;0;2;0;5;0;0;0;0;9;1;2;2;0;1;0;1;1;0;1;0;0;11;5;17;9;13;10;6;16;14;21;17;16;10;15;18;13;17;17;13;15;14;12;20;13;12;13;13;12;10;6;12;6;10;8;10;10;11;4;10;13;7;8;7;9;6;9;10;7;10;7;11;6;4;5;1;4;1;2;3;2;1;5;2;3;4;0;2;0;4;3;0;2;3;1;0;1;2;0;0;1;0;1;1;0;0;0;0;0;0;0;0;0;0;0;0;0;0;0;0;0
280640405000004;1;1229;1213;329;199;322;174;12;20;20;3;86;9;36;3;10;6;0;0;0;0;0;27;3;1;0;1;3;2;3;1;5;6;0;2;21;15;22;23;28;21;15;25;19;19;21;21;28;25;26;23;22;24;22;35;25;21;26;41;21;20;23;26;19;28;21;15;23;12;22;19;12;9;15;16;18;15;9;19;12;19;10;10;13;14;8;13;5;10;8;7;8;4;9;8;11;8;6;3;2;7;4;4;6;9;4;4;4;4;2;4;3;5;1;2;4;0;2;1;0;1;1;2;1;3;1;4;0;0;0;0;1;0;0;0
280640405000005;8;159;159;46;37;58;3;0;3;3;0;7;0;2;0;0;0;0;0;0;0;0;5;2;2;0;0;0;0;1;0;0;0;0;0;4;6;3;5;3;3;3;3;2;2;0;3;6;1;5;2;2;2;5;3;2;3;2;2;5;3;2;3;1;2;1;1;3;2;3;5;2;2;4;2;3;2;1;1;3;3;2;1;0;1;2;0;1;2;2;0;0;0;0;1;0;3;0;1;2;0;2;1;2;0;0;1;1;0;0;0;0;0;0;0;0;0;0;0;0;1;0;0;1;0;0;1;0;0;0;0;0;0;0;0
280640405000006;5;1155;1154;295;197;420;137;24;7;2;1;49;0;11;1;4;7;0;0;0;0;0;21;1;1;3;3;0;2;3;1;2;1;2;2;23;27;18;31;22;24;27;25;23;19;30;27;29;31;29;30;28;32;22;22;30;26;28;34;29;15;15;16;19;13;20;19;21;8;12;10;12;10;9;16;7;18;6;15;10;14;8;10;5;7;10;8;2;7;6;8;7;6;4;9;6;8;3;5;4;5;6;4;2;8;5;2;4;2;3;3;2;2;3;0;0;2;1;1;1;1;0;0;0;0;1;0;1;0;0;1;0;0;0;0
280640405000007;5;933;933;244;171;349;78;14;4;6;1;33;0;12;0;18;0;3;0;0;0;0;17;1;3;1;1;1;3;0;3;2;1;0;1;19;15;23;15;15;25;19;16;18;22;27;25;24;22;32;22;20;24;15;16;19;21;20;12;14;14;18;14;18;14;19;17;15;12;14;14;15;10;12;8;5;12;2;9;9;6;3;8;3;9;3;16;5;5;7;6;9;3;2;8;8;1;8;1;3;6;5;2;4;2;1;1;5;4;0;3;2;2;0;2;1;2;1;1;2;0;0;0;0;0;1;0;1;1;0;1;0;0;0;1
280640405000008;1;1186;1186;296;222;361;137;23;25;11;2;86;1;5;1;16;0;0;0;0;0;0;31;0;0;3;4;3;2;3;3;4;4;4;1;30;26;25;22;25;26;31;27;21;38;33;24;29;35;30;27;20;26;23;27;31;17;20;13;18;24;26;29;15;31;20;20;20;17;14;15;23;24;14;12;7;14;5;16;8;10;11;14;5;6;6;6;6;5;6;9;3;6;6;2;3;2;4;3;5;4;1;2;2;3;3;1;1;1;6;3;2;1;2;1;0;0;2;0;1;0;0;0;1;0;0;0;0;0;0;0;1;0;0;1
280640405000009;5;268;268;70;49;105;23;0;3;2;1;12;1;0;0;2;0;0;0;0;0;0;3;0;0;1;1;0;0;0;0;0;0;0;1;7;2;4;9;9;4;5;3;6;4;3;7;3;4;5;6;11;7;5;10;6;7;7;7;4;7;2;3;3;7;4;2;1;2;1;2;4;6;6;3;4;3;0;3;2;1;2;3;2;5;1;5;0;1;3;2;1;3;2;0;0;0;3;1;2;2;1;2;1;2;0;0;0;0;2;0;1;1;1;2;0;0;0;1;0;1;0;0;0;0;0;0;0;0;0;0;0;0;0;1
280650305000001;1;721;718;182;105;184;133;8;17;4;0;66;0;8;2;9;0;0;0;0;0;3;15;3;1;2;0;0;1;0;1;1;3;1;2;13;11;12;15;17;17;17;13;8;16;17;17;15;15;20;19;14;16;13;14;11;8;10;18;13;10;16;18;12;16;11;16;12;8;10;11;10;11;2;6;8;9;7;6;9;6;5;10;1;6;2;3;5;3;5;3;3;5;3;6;3;4;7;5;6;8;4;4;0;3;5;3;2;2;0;3;2;1;1;2;0;2;2;2;0;0;0;0;0;0;0;1;0;0;0;0;0;0;0;1
280650305000002;1;715;715;221;133;191;69;14;17;2;0;45;3;10;1;6;0;3;0;0;0;0;11;0;1;1;0;1;0;2;0;1;1;2;2;9;8;11;17;13;12;11;9;10;14;6;10;11;19;10;11;14;16;11;13;14;13;8;7;12;14;12;15;7;7;11;12;8;13;15;15;10;7;11;11;5;9;7;8;11;13;8;5;8;12;9;4;6;8;6;12;7;6;1;6;6;1;5;4;6;6;3;3;2;4;5;5;3;3;5;7;4;3;4;3;1;2;1;2;1;1;0;1;0;3;0;0;1;1;0;0;0;0;0;0
280650305000003;8;126;126;36;25;34;10;12;2;0;1;6;0;0;0;0;0;0;0;0;0;0;4;0;1;0;1;1;1;0;0;0;0;0;0;5;1;3;2;3;4;4;6;5;2;4;2;4;4;1;3;0;0;2;2;2;1;6;0;4;2;4;1;1;1;1;2;2;1;1;3;5;3;2;2;1;1;0;1;0;1;0;1;0;0;3;0;0;0;1;0;0;0;0;1;0;0;2;2;0;0;1;0;0;0;0;1;0;1;1;0;0;0;0;0;0;1;1;0;0;0;0;1;0;0;0;0;0;0;0;0;0;0;0;0
280650305000004;8;268;268;70;48;96;25;16;1;0;0;7;1;1;0;2;1;0;0;0;0;0;4;1;0;0;0;0;0;0;0;0;2;1;0;2;4;6;6;10;6;7;9;4;7;8;9;10;4;9;6;7;4;3;6;6;4;3;2;4;2;4;2;4;9;5;3;3;9;2;2;3;1;7;4;3;2;3;3;2;1;2;1;0;2;0;1;1;1;3;2;0;3;3;2;0;0;3;1;2;2;1;2;2;3;1;0;1;2;0;1;0;0;1;0;0;0;1;0;0;0;0;0;0;0;0;0;0;0;0;0;0;0;0;0
280650305000005;5;602;602;178;125;196;34;5;5;8;1;30;1;9;2;7;1;0;0;0;0;0;12;1;2;2;1;0;1;0;1;3;0;0;1;6;3;14;11;16;14;5;15;14;17;13;14;15;12;16;10;7;9;7;12;6;9;9;11;11;11;7;9;9;10;12;13;13;6;9;7;11;7;9;10;4;3;8;7;5;10;4;6;4;3;9;5;1;10;4;5;4;3;2;3;2;3;3;2;6;5;4;3;4;5;1;2;5;2;5;1;4;2;3;3;1;2;0;1;0;0;0;0;0;0;0;0;1;0;0;1;0;0;0;0
280650305000006;5;423;423;121;79;134;60;5;3;2;0;17;0;2;0;0;0;0;0;0;0;0;10;1;2;1;0;0;2;1;1;1;0;1;0;3;8;7;10;9;9;7;6;8;9;15;11;7;3;14;9;13;8;6;7;7;7;9;7;4;4;7;9;7;5;7;5;6;4;6;4;1;3;5;8;5;3;7;6;8;1;5;7;10;2;2;1;4;0;2;5;4;7;4;5;1;4;3;2;2;1;1;2;1;3;1;3;0;3;3;2;2;2;0;0;1;0;0;0;0;1;0;1;0;0;0;0;0;0;0;0;0;0;0;2
280650305000007;5;193;193;52;32;55;37;1;1;1;1;12;0;0;0;0;1;0;0;0;0;0;0;0;0;0;0;0;0;0;0;0;0;0;0;0;2;2;8;3;4;10;6;5;4;8;7;4;5;10;9;4;2;1;2;2;1;3;1;1;5;1;2;0;4;2;7;0;0;2;4;4;3;1;4;2;3;1;2;4;1;1;1;3;1;2;2;3;1;1;1;1;2;2;1;2;1;0;0;1;0;0;1;1;0;0;1;1;0;2;1;1;1;0;0;0;0;0;0;0;0;1;0;0;0;0;0;0;0;0;0;0;0;0;1
280650305000008;1;701;701;176;110;203;93;17;11;0;0;57;3;11;0;9;11;0;0;0;0;0;10;2;0;0;2;0;1;0;0;2;0;3;0;16;15;9;23;23;18;11;9;16;18;21;15;11;19;9;15;16;14;26;10;10;11;10;13;11;9;12;11;17;15;11;4;7;9;5;7;22;14;9;12;11;7;9;5;8;6;7;5;10;4;3;6;9;0;6;4;5;2;3;5;3;2;3;2;2;2;0;1;7;0;5;0;1;2;0;1;0;0;0;2;1;1;1;0;4;0;0;0;0;0;1;0;1;0;0;0;0;0;1;0
280660205000001;1;1090;1090;292;183;234;150;26;26;16;0;114;7;21;0;10;0;7;4;0;0;0;17;4;2;1;1;1;2;0;2;1;2;0;1;21;16;19;18;18;16;15;16;14;17;21;28;18;25;24;21;21;19;23;22;29;20;17;22;20;29;18;18;18;21;21;15;27;21;16;10;15;15;10;18;21;10;11;14;8;11;12;16;10;8;7;11;7;3;10;9;10;5;9;9;1;11;6;3;4;14;4;4;4;5;4;10;2;3;1;2;3;4;0;5;2;0;0;0;2;0;0;0;0;1;1;0;1;0;0;0;0;0;2;1
280660205000002;1;1031;1027;285;184;254;143;24;20;3;0;93;3;8;0;12;0;2;0;0;0;0;14;2;2;3;1;0;2;0;0;0;0;2;2;18;20;20;23;21;26;13;14;23;23;28;19;26;21;16;23;18;23;15;18;20;22;21;22;24;19;10;16;15;17;22;15;22;18;16;11;12;12;12;15;9;16;10;11;8;16;7;8;11;16;7;7;3;3;9;9;5;8;6;5;6;3;5;5;6;6;2;2;6;7;5;1;0;6;2;4;5;1;3;2;3;1;1;1;2;2;0;1;1;0;0;0;3;0;1;0;0;0;1;0
280660205000003;1;963;963;261;174;275;127;16;15;14;3;55;1;4;0;8;7;3;0;0;0;0;12;3;0;0;0;2;0;2;0;1;3;1;0;24;14;19;20;25;12;19;17;17;29;17;22;23;15;28;20;17;12;15;11;17;20;16;15;19;16;25;25;18;20;20;18;19;14;14;17;19;17;13;12;7;11;12;9;5;14;11;7;5;7;6;9;7;10;8;6;7;3;2;7;6;2;3;5;1;1;5;4;5;5;2;4;2;2;4;4;2;0;0;2;1;0;1;1;1;1;0;1;0;0;0;0;1;1;0;0;0;1;0;0
280660205000004;1;847;847;250;156;216;104;11;16;9;2;58;5;4;0;12;3;0;0;1;0;0;12;0;0;0;1;2;3;0;2;0;1;3;0;8;11;12;15;10;16;13;13;12;21;19;9;19;10;17;14;18;18;13;15;13;18;14;18;10;8;13;19;12;12;14;14;11;16;14;15;11;10;12;9;8;15;13;11;10;8;10;13;7;15;10;9;7;6;6;5;7;7;5;7;9;8;1;4;5;6;4;3;1;6;4;3;7;4;5;4;1;2;2;7;4;4;3;3;2;2;0;1;0;1;0;0;2;0;1;0;0;0;1;0
280660205000005;1;1161;1158;295;210;296;133;61;18;2;1;103;1;8;1;24;1;3;0;1;0;3;17;1;4;0;3;3;1;0;1;0;1;1;2;26;28;24;23;22;20;18;21;29;30;19;22;33;36;28;31;23;24;17;24;15;23;16;26;25;15;26;28;22;21;20;18;21;17;10;18;16;16;13;20;13;11;18;12;12;10;8;9;8;11;11;7;10;6;17;8;4;7;2;3;6;1;2;4;3;2;5;5;2;4;2;6;4;3;3;4;3;2;2;5;1;0;0;2;0;0;0;0;0;1;0;0;0;0;0;0;0;0;0;1
280660205000006;1;1125;1118;278;188;316;141;43;29;7;2;78;3;11;0;19;4;6;0;0;0;0;26;2;2;1;1;3;5;1;1;1;3;2;4;26;26;31;23;22;23;16;19;24;26;26;31;22;18;38;30;22;25;18;18;28;17;25;22;26;15;24;12;26;19;18;17;13;13;13;14;13;16;17;14;14;11;8;19;17;16;5;15;15;5;13;10;5;8;3;7;6;4;2;5;3;4;7;3;1;7;2;5;2;2;2;2;1;2;2;1;3;1;1;1;1;1;1;2;0;0;3;0;2;1;1;0;0;0;0;0;0;0;0;1
280660205000007;1;581;581;153;98;160;49;16;7;7;2;57;4;3;1;13;0;11;0;0;0;0;10;2;1;1;0;0;1;0;1;0;0;2;2;10;14;13;8;16;11;9;10;13;12;12;14;7;12;11;9;8;10;11;15;10;9;9;11;13;7;6;16;12;8;12;8;6;10;2;2;6;8;8;7;9;4;6;7;14;3;11;6;4;5;10;2;7;5;6;3;1;3;4;4;3;2;8;0;1;4;2;4;6;2;2;2;2;2;2;3;3;1;0;2;1;0;2;1;1;1;0;1;0;1;1;0;0;1;0;0;0;0;0;1
280660205000008;1;732;726;209;134;175;104;15;14;5;3;49;0;8;0;12;0;0;0;0;0;4;9;0;1;1;2;0;0;0;0;1;0;1;3;16;17;16;17;12;11;8;4;11;11;9;14;18;19;11;10;12;11;12;16;13;16;16;12;24;16;12;11;16;11;16;15;11;16;17;9;7;12;8;7;10;6;6;11;5;12;5;9;4;7;9;5;5;6;4;5;5;6;8;5;0;3;5;5;4;3;2;4;2;9;3;3;3;4;2;3;0;2;0;3;2;1;2;1;1;0;0;0;1;1;0;0;0;0;0;0;0;0;0;1
280660205000009;1;681;681;189;133;187;65;14;10;2;5;54;1;4;0;7;10;0;0;0;0;0;14;0;0;2;1;1;2;0;3;2;0;2;1;20;9;12;13;11;13;11;10;13;12;13;9;7;13;17;8;19;10;13;10;10;20;21;11;13;10;9;11;24;12;7;9;13;13;9;11;13;7;7;3;6;11;13;6;7;5;8;14;6;11;3;3;8;6;9;5;8;0;6;3;1;8;1;2;4;2;4;5;0;3;2;2;1;0;3;1;2;0;2;3;0;1;2;1;0;0;0;1;0;0;0;0;1;0;0;1;0;0;0;0
280660205000010;8;563;563;175;100;116;80;14;11;1;0;32;0;17;0;15;1;1;0;0;0;0;7;0;3;1;0;0;0;0;0;3;0;0;0;3;7;6;6;6;9;7;5;12;18;9;13;13;21;14;12;15;9;17;12;9;9;10;16;12;16;9;9;15;18;9;5;12;10;13;6;9;5;1;5;7;6;9;7;3;5;5;8;3;5;4;2;4;3;2;6;5;2;3;6;3;5;5;1;5;2;6;0;1;5;1;0;3;1;1;2;2;0;2;1;1;0;0;0;0;0;0;0;1;0;0;0;0;0;0;0;0;0;1;0
280660205000011;5;397;393;137;70;103;51;2;5;4;0;20;0;3;0;2;0;0;0;0;0;0;7;1;0;1;1;0;1;0;1;0;2;0;0;10;9;5;9;10;7;6;6;4;5;8;5;7;7;9;6;6;3;6;3;11;4;5;10;8;8;8;7;4;11;4;4;4;7;6;3;3;4;5;6;4;4;4;12;3;2;4;9;5;6;6;4;5;2;4;2;3;5;2;4;3;1;2;2;2;5;2;3;3;1;3;1;4;2;1;1;2;2;2;0;2;0;1;1;0;0;0;0;0;0;0;0;0;1;0;0;0;0;0;0
280660205000012;8;534;534;174;103;153;54;10;3;3;0;24;0;6;0;3;1;0;0;0;0;0;8;1;0;1;0;0;1;1;3;1;0;0;0;11;10;5;9;8;9;9;9;8;10;15;6;7;13;12;10;8;7;6;10;9;8;7;8;11;7;11;8;10;6;6;7;7;8;12;8;8;7;10;5;11;4;7;8;6;6;4;4;5;9;4;7;7;3;9;5;5;4;3;5;5;4;6;6;6;6;1;1;1;1;4;4;2;1;0;2;2;3;2;0;1;0;0;1;0;3;0;1;1;0;0;0;0;0;0;0;0;0;0;1
280660205000013;8;633;633;179;126;161;53;18;7;6;4;52;0;7;0;15;1;4;0;0;0;0;10;2;0;1;0;0;1;1;0;1;0;2;2;14;5;12;19;11;14;6;11;12;17;15;14;20;20;13;9;15;17;9;11;10;10;8;12;7;11;6;11;5;4;6;9;9;8;12;3;7;4;7;9;7;10;8;8;4;8;8;3;10;9;4;8;6;12;7;12;7;3;9;11;2;3;5;2;4;4;3;3;1;1;3;2;1;1;2;3;1;0;1;0;1;1;0;1;0;0;0;0;1;1;0;0;0;0;0;0;0;0;0;0
280660205000014;5;394;394;114;77;95;29;33;9;0;1;29;0;2;0;3;0;2;0;0;0;0;10;0;3;3;0;1;0;0;1;0;2;0;0;8;8;5;9;8;2;9;6;7;10;8;7;4;11;16;7;7;7;4;7;7;8;4;8;10;2;9;3;5;7;10;7;8;7;5;4;4;6;5;7;8;8;2;7;1;5;4;3;5;3;3;5;2;2;2;0;3;4;2;3;3;6;1;3;0;2;1;2;0;2;1;1;1;1;2;2;1;2;0;2;1;1;0;0;0;1;0;0;0;0;0;0;0;0;0;0;0;0;0;0
280660205000015;5;283;283;82;53;73;35;8;2;1;0;18;0;5;0;5;0;1;0;0;0;0;4;0;0;1;1;0;0;0;0;1;0;1;0;7;4;8;8;3;3;8;8;6;10;5;8;5;4;3;8;5;8;2;6;4;4;5;5;4;8;2;9;3;6;5;6;3;5;4;4;4;3;5;0;1;3;2;2;5;2;8;1;2;3;2;0;3;3;2;1;4;2;2;2;1;0;0;0;1;0;1;1;2;1;0;3;2;0;0;0;1;1;0;1;2;0;2;0;0;0;0;0;0;0;0;0;0;1;0;0;0;0;1;0
280660205000016;8;395;345;114;73;118;33;11;2;4;0;20;0;7;0;7;5;1;0;0;0;0;13;3;1;0;1;0;2;0;0;2;2;1;1;6;10;11;14;9;10;3;9;5;13;13;9;6;9;9;9;6;2;5;5;7;6;7;4;7;6;7;8;7;4;3;7;2;9;4;5;6;6;5;3;6;4;3;8;5;3;3;3;4;7;5;1;2;3;4;8;3;1;3;2;1;3;3;3;3;2;0;2;3;2;0;1;2;0;1;0;0;0;0;0;0;0;0;2;0;0;0;0;0;0;0;0;0;0;0;0;0;0;0;0
280670105000001;1;1045;1045;317;157;197;193;13;12;15;1;88;4;14;1;20;1;12;0;0;0;0;18;0;1;4;2;0;1;1;1;3;2;1;2;16;15;13;17;17;16;14;14;17;19;13;14;25;17;22;23;15;23;20;17;17;24;24;25;22;11;16;17;22;13;15;21;17;6;18;20;11;17;10;11;17;19;9;12;15;10;12;10;10;11;14;11;7;11;14;8;7;15;10;5;7;5;8;7;5;3;5;0;10;6;6;4;2;5;4;3;2;2;2;3;3;5;5;4;2;1;0;0;3;1;0;0;1;0;0;1;0;1;0;0
280670105000002;1;749;748;231;124;122;148;7;15;1;0;47;5;22;0;23;3;1;0;0;0;0;8;0;0;1;1;0;0;1;1;1;0;3;0;14;8;12;13;9;7;15;14;11;10;12;13;17;13;22;16;13;16;13;13;17;13;23;15;12;20;18;6;12;16;15;13;14;13;9;5;5;9;11;15;14;9;8;10;9;6;13;4;6;12;3;7;5;5;6;7;2;3;5;5;7;1;2;3;4;3;3;1;6;2;3;2;6;3;2;5;4;2;1;5;3;1;0;2;3;1;1;0;0;1;1;1;0;0;0;0;1;0;0;0
280670105000003;1;943;937;265;164;217;162;27;7;7;1;70;1;10;0;10;0;2;0;0;0;0;17;0;1;0;0;2;0;1;4;4;2;1;2;19;16;20;19;20;11;15;20;25;23;18;18;21;19;17;19;22;18;25;17;17;25;15;24;20;17;19;11;18;18;22;14;10;16;17;10;9;7;19;17;9;12;11;10;7;12;10;11;7;9;7;5;3;9;7;10;5;5;9;6;3;8;3;3;2;2;3;2;1;2;3;1;2;2;1;2;2;1;2;4;0;1;1;1;1;0;0;0;2;0;0;0;0;0;0;0;0;0;0;0
280670105000004;1;511;511;144;84;109;85;17;8;9;0;34;0;7;0;12;0;2;0;0;0;0;11;1;1;2;0;2;1;0;0;0;1;3;0;12;10;15;4;7;7;10;9;7;12;10;10;15;10;9;9;7;8;5;8;7;8;6;11;16;10;8;13;14;9;9;9;7;11;8;6;7;7;6;7;4;2;6;3;5;8;2;3;7;7;7;5;2;3;5;7;4;1;4;1;1;1;7;3;5;2;3;5;2;2;1;1;1;2;0;1;1;2;0;1;0;1;0;3;1;1;0;0;1;1;0;0;0;1;0;0;0;0;0;1
280670105000005;1;659;658;177;108;137;108;23;11;3;1;51;1;10;0;29;0;0;0;0;0;0;10;1;0;2;1;1;0;0;1;1;0;1;2;8;17;13;18;17;8;14;13;20;15;19;15;14;18;17;17;10;10;8;16;14;7;6;11;9;11;8;9;8;18;6;21;16;7;15;5;12;10;7;8;6;6;6;11;6;4;3;5;8;7;2;4;9;4;5;3;3;5;7;5;3;2;3;1;6;3;1;1;1;2;2;1;3;2;0;1;0;1;2;3;0;2;1;1;2;0;1;0;0;0;0;0;0;0;0;0;0;0;0;0
280670105000006;1;434;434;119;71;107;65;9;6;1;0;40;0;4;0;5;7;0;0;0;0;0;10;3;2;0;0;0;0;0;1;1;0;3;0;11;12;8;7;5;5;11;2;6;8;6;14;12;15;10;13;5;8;14;12;9;11;9;11;9;6;10;8;6;10;5;11;4;4;8;1;5;6;2;10;7;2;2;4;9;2;3;4;2;4;2;3;5;4;2;4;2;4;1;3;3;2;2;1;3;2;0;1;0;1;5;1;0;0;0;0;0;0;0;0;0;0;0;1;0;3;0;0;0;1;0;0;0;0;0;0;0;0;0;0
280670105000007;1;558;558;174;116;108;73;30;2;4;4;25;1;8;0;13;0;0;0;0;0;0;10;2;1;1;0;0;0;1;1;2;2;0;0;6;12;7;6;10;15;9;7;7;14;8;9;8;8;20;8;10;11;12;17;10;14;11;11;9;9;11;10;8;10;10;6;14;7;10;15;10;7;6;8;6;10;9;7;3;4;3;7;5;8;8;5;7;4;6;5;6;5;3;3;0;1;3;1;2;2;1;3;4;1;1;0;2;2;3;1;1;1;0;2;0;0;2;0;0;0;0;0;0;0;0;1;0;0;0;0;0;0;0;0
280670105000008;1;630;630;164;107;138;107;26;13;5;0;49;2;8;0;9;2;0;0;0;0;0;19;1;0;1;2;1;0;3;2;2;2;3;2;13;11;11;8;10;10;15;7;8;21;12;22;8;15;11;13;12;14;11;13;12;19;13;19;15;12;10;14;8;11;11;8;6;10;8;9;6;8;10;7;2;10;8;4;10;4;7;8;7;8;2;6;4;10;7;3;6;4;3;5;4;1;2;2;1;1;0;0;4;4;0;1;0;2;2;0;0;2;4;0;0;0;1;0;0;0;0;0;0;0;0;0;0;0;0;0;0;1;0;0
280670105000009;1;622;616;173;117;156;75;19;8;5;0;48;4;6;0;10;0;1;0;0;0;0;9;0;0;0;1;4;0;0;0;1;1;1;1;13;13;18;13;13;12;10;14;8;13;12;11;17;19;13;11;8;11;13;7;12;11;15;13;11;11;11;11;10;9;7;10;16;8;6;14;15;8;9;11;7;5;4;8;6;6;7;8;6;6;3;4;6;4;6;3;2;4;4;3;2;1;0;4;5;1;1;2;4;1;1;3;2;2;1;4;0;2;0;1;1;0;3;1;1;0;1;0;0;0;0;0;0;0;0;0;0;0;0;0
280670105000010;1;961;961;268;158;196;217;5;9;5;2;58;1;3;0;23;3;13;0;0;0;0;24;0;0;1;4;1;0;3;3;3;4;2;3;15;19;24;15;17;21;16;23;17;26;20;26;23;18;20;21;11;16;14;18;14;28;20;26;21;18;23;17;22;31;16;20;9;21;13;8;10;14;10;12;14;14;12;15;5;18;9;5;10;9;8;7;4;6;8;9;2;3;5;3;1;3;4;3;2;0;2;2;2;2;0;2;1;2;2;2;1;1;0;0;0;1;0;0;2;0;0;1;2;0;0;0;0;0;0;0;0;0;0;0
280670105000011;1;771;771;214;124;176;135;29;4;6;1;48;1;12;1;16;4;0;0;0;0;0;16;0;3;0;5;1;1;0;3;0;1;1;1;14;14;16;11;13;8;13;10;17;18;28;16;21;21;22;12;21;16;14;11;15;15;14;14;9;6;14;5;10;14;12;12;15;11;19;8;17;15;9;11;13;14;7;8;10;9;6;9;4;12;9;10;6;3;1;8;1;6;2;3;1;5;3;8;6;0;8;4;0;4;1;2;0;1;0;1;4;1;0;1;1;0;0;0;0;0;0;0;0;0;0;0;0;0;0;1;0;0;0;1
280670105000012;1;790;779;235;126;172;127;17;9;3;4;64;2;11;1;19;0;0;0;0;0;0;19;1;0;6;1;1;1;1;1;1;3;0;3;9;14;16;17;16;14;9;13;15;10;14;15;16;12;16;6;10;12;24;17;19;21;10;10;14;12;9;16;8;14;12;11;14;9;16;7;8;14;17;13;12;14;12;11;6;6;5;11;7;12;9;7;9;5;8;3;9;4;4;4;3;5;4;3;7;3;5;1;3;6;2;4;2;5;0;3;4;1;2;5;0;2;1;1;0;0;4;3;1;1;0;3;0;0;0;0;0;0;0;0
280670105000013;1;1108;1108;314;195;261;161;34;15;8;4;70;3;18;4;21;0;0;0;0;0;0;21;2;3;1;2;3;2;1;0;2;2;2;1;13;11;15;22;13;20;20;17;20;17;21;12;23;25;20;15;21;15;18;21;27;27;22;20;17;16;19;21;16;23;19;16;29;13;19;12;17;20;21;14;21;19;17;16;16;13;9;12;10;19;14;12;7;9;12;8;8;10;8;3;6;6;5;3;5;5;9;2;4;4;3;4;3;2;0;2;4;1;3;2;5;1;3;3;2;2;1;1;2;1;1;0;0;0;0;1;1;0;0;0
280670105000014;1;1131;1131;317;171;231;219;23;15;14;0;90;2;13;0;21;3;11;0;1;0;0;19;2;2;2;1;2;0;4;2;0;0;1;3;14;11;14;16;17;24;16;17;18;22;22;14;31;25;26;25;24;20;24;22;21;30;26;21;19;20;20;19;26;17;18;11;15;25;17;21;22;13;23;10;29;18;15;14;10;13;5;21;11;8;11;3;3;10;7;6;5;5;9;9;9;9;5;10;8;5;4;2;6;1;1;1;5;2;2;3;5;0;1;6;1;3;2;0;2;3;1;1;0;1;1;0;0;1;1;0;0;0;0;2
280670105000015;1;478;478;141;73;74;81;1;4;19;1;39;0;21;3;18;2;1;0;0;0;0;7;2;0;1;0;0;1;0;0;0;1;1;1;12;4;7;13;6;9;6;6;8;4;9;13;5;5;5;10;7;14;6;9;4;10;12;5;10;10;10;12;9;9;6;3;11;11;13;7;4;6;6;6;11;3;10;4;6;4;6;5;5;4;5;1;8;3;3;4;4;5;2;2;4;2;2;4;6;2;0;2;1;1;4;3;2;5;3;3;0;2;1;4;0;1;0;0;1;0;0;0;0;0;0;0;0;0;0;0;0;0;0;1
280670105000016;1;716;713;218;123;156;103;17;4;8;1;46;3;14;2;18;1;1;0;1;0;0;8;2;0;1;0;0;2;1;2;0;0;0;0;10;11;10;3;7;5;9;8;12;13;13;15;14;13;13;8;13;14;12;15;12;20;17;8;13;11;10;15;11;16;8;12;9;8;9;12;6;12;12;14;8;16;15;12;10;7;14;9;8;8;9;12;9;5;4;3;6;4;2;4;3;5;4;6;5;4;5;4;3;1;2;5;1;5;5;1;3;7;2;1;4;0;0;2;0;1;3;1;0;1;0;1;1;1;1;1;0;0;1;0
280670105000017;1;872;850;261;132;205;136;8;7;13;2;53;1;13;1;20;9;0;0;0;0;11;5;0;0;0;0;0;0;1;1;2;0;1;0;14;10;9;7;14;14;13;10;11;11;24;16;11;14;16;13;10;16;14;13;26;19;17;26;17;14;10;11;22;17;9;12;17;8;9;11;12;11;18;13;16;12;11;12;12;13;9;8;11;8;2;9;11;8;7;12;5;7;6;7;7;7;9;2;4;7;3;5;5;4;3;9;7;3;5;2;6;2;3;2;1;3;5;2;1;3;2;1;2;1;1;0;1;0;2;0;1;0;1;0
280670105000018;1;588;588;188;97;138;93;3;6;8;0;38;1;6;1;7;2;0;0;0;0;0;3;0;0;1;0;1;0;0;0;1;0;0;0;5;8;4;4;3;8;9;9;6;12;9;17;8;9;7;6;9;7;9;9;10;9;10;12;10;8;13;6;8;10;16;9;7;11;8;9;13;12;19;13;6;12;4;8;8;7;10;7;8;7;6;4;5;5;4;10;5;5;0;2;6;3;4;4;2;5;7;2;3;3;3;7;5;4;3;3;5;2;3;2;1;2;1;0;1;1;4;2;1;1;1;0;0;0;0;0;0;0;0;0
280670105000019;1;879;879;244;138;187;152;26;14;9;2;73;1;14;0;18;0;1;0;0;0;0;9;1;0;0;1;2;0;0;2;2;0;0;1;16;18;16;18;15;10;19;13;12;21;15;18;22;27;18;25;22;20;16;19;30;16;19;20;17;7;18;14;15;16;11;14;12;14;18;19;7;12;13;16;22;14;6;6;13;13;9;10;12;8;1;4;2;8;6;5;4;6;0;4;2;3;2;3;3;1;3;1;5;3;2;1;1;2;1;3;2;2;3;2;0;0;0;1;0;1;0;0;0;0;0;0;1;0;1;0;0;0;0;0
280670105000020;1;487;487;131;75;71;143;9;7;3;0;29;1;8;0;9;1;0;0;0;0;0;11;0;0;2;1;3;0;1;0;1;2;0;1;9;9;7;15;7;15;12;14;5;20;11;11;6;12;16;9;6;12;7;10;11;5;11;8;8;2;7;15;12;6;7;8;14;11;4;11;7;7;6;4;7;5;4;3;4;2;3;4;5;7;2;2;4;2;7;3;2;1;1;0;4;1;3;0;1;4;0;2;1;0;1;1;1;2;1;1;0;3;0;1;0;0;1;1;0;0;1;1;0;0;0;0;0;0;0;0;0;0;0;0
280670105000021;1;1135;1135;294;197;273;140;77;12;4;1;73;0;18;1;29;10;5;1;0;0;0;32;0;1;1;2;3;2;4;0;8;1;6;4;25;30;28;26;25;23;23;26;25;33;33;17;28;28;26;30;22;18;23;28;29;22;19;18;23;19;16;26;17;19;16;15;18;20;11;18;15;18;18;14;12;13;7;15;9;10;7;7;8;12;5;9;6;6;4;5;4;5;3;4;3;5;7;6;6;1;3;6;2;3;4;2;4;4;2;1;0;0;0;1;1;1;0;0;0;0;0;0;1;0;0;0;0;0;0;0;0;0;0;1
280670105000022;1;301;301;75;48;85;48;14;3;0;1;19;0;2;0;6;0;0;0;0;0;0;10;0;1;1;3;3;0;0;1;0;0;1;0;5;12;11;8;9;2;13;7;5;8;7;7;8;10;11;6;7;2;6;6;3;9;3;5;5;3;3;4;7;5;4;5;6;0;4;5;4;1;9;2;3;4;4;6;5;0;2;2;4;0;0;1;3;0;2;2;0;1;1;0;2;2;0;0;0;1;2;2;2;0;0;1;0;0;0;0;1;1;0;0;0;0;0;0;0;0;0;0;0;0;0;0;0;0;0;0;0;0;0;0
280670105000023;1;668;633;190;104;141;96;7;10;6;0;46;1;12;0;15;2;2;0;1;0;35;5;0;0;2;0;1;0;0;1;1;0;0;0;11;8;7;13;3;8;9;6;11;11;12;11;8;12;13;10;10;11;15;15;18;9;17;17;12;7;10;9;8;9;12;7;12;10;12;10;8;9;5;8;11;12;16;11;8;11;7;7;12;10;6;7;2;5;8;6;9;4;4;6;2;4;2;4;6;4;5;1;8;5;3;2;4;0;1;5;6;3;3;1;3;3;1;3;5;2;0;0;0;0;1;0;0;1;0;0;0;0;0;0
280670105000024;8;56;56;14;10;20;6;0;0;1;0;1;0;2;0;2;0;0;0;0;0;0;3;0;0;1;1;0;0;0;0;0;0;1;0;3;0;3;3;0;1;2;0;0;2;0;1;1;1;1;1;1;2;1;3;2;2;0;0;0;1;2;0;1;0;0;2;0;0;1;1;0;0;0;2;0;3;0;0;0;1;0;2;0;0;0;1;0;0;0;0;1;0;0;0;0;0;0;1;1;0;0;0;1;0;0;1;0;0;0;0;0;0;0;0;0;0;0;0;0;0;0;0;0;1;0;0;0;0;0;0;0;0;0;0
280670105000025;1;625;625;167;102;125;120;25;9;4;2;45;1;7;2;15;1;0;0;0;0;0;10;2;0;0;1;1;1;0;1;0;2;2;0;10;13;9;11;10;19;14;14;21;12;24;19;20;18;21;14;14;8;14;11;10;10;7;20;9;4;13;16;9;9;11;14;7;10;10;6;9;9;5;16;7;9;8;4;3;7;7;5;4;7;2;3;2;1;3;3;3;0;3;6;0;2;1;1;1;1;1;4;2;2;1;1;4;0;3;0;1;1;0;0;0;0;0;1;0;1;0;0;0;0;0;0;0;0;0;0;0;0;0;0
280670105000026;4;875;864;235;143;237;136;7;11;7;2;56;4;16;1;18;0;2;0;0;0;0;13;2;0;0;0;2;3;2;1;1;0;2;0;14;20;23;10;18;23;22;20;18;14;19;20;14;25;18;11;16;8;18;18;13;21;19;19;16;22;18;17;18;11;20;16;10;6;13;12;13;9;8;11;6;8;18;13;9;6;7;6;11;6;11;6;6;10;5;5;6;3;2;3;5;7;2;6;4;5;5;2;0;7;1;1;6;3;2;1;1;4;1;0;3;1;1;2;0;1;1;0;0;1;1;0;0;0;0;0;0;0;0;0
280670105000027;8;561;560;143;91;180;73;22;3;2;0;34;0;6;0;6;0;1;0;0;0;0;10;0;0;0;3;0;1;0;0;3;1;1;1;10;12;17;18;6;12;19;10;14;16;17;13;11;16;16;13;12;13;10;11;12;5;14;11;13;8;13;2;10;9;8;9;8;8;5;9;9;7;5;13;6;5;5;3;4;9;3;5;2;1;5;3;1;1;7;3;2;3;2;3;3;3;1;3;3;0;2;0;2;2;1;4;1;0;1;1;2;1;0;0;1;0;0;0;1;0;2;0;0;0;0;0;0;0;0;0;0;0;0;0
280670105000028;5;582;582;161;103;148;78;11;10;4;0;39;0;9;1;16;1;1;0;0;0;0;5;1;1;0;0;0;1;0;0;0;1;1;0;7;10;12;4;10;8;5;10;15;11;9;10;20;11;14;11;17;12;13;12;17;13;16;7;10;12;9;9;8;8;9;9;10;4;8;4;7;9;9;5;6;12;7;7;7;5;5;9;3;7;9;7;2;5;3;10;5;6;4;5;4;4;1;1;0;4;3;3;3;5;2;1;1;1;1;2;1;0;2;3;0;2;0;0;1;0;3;0;0;0;0;1;0;0;0;0;0;0;0;0
280670105000029;8;29;29;5;5;8;2;2;0;2;0;0;0;1;0;4;0;0;0;0;0;0;0;0;0;0;0;0;0;0;0;0;0;0;0;0;0;1;2;0;1;0;1;1;0;0;2;1;0;2;1;3;0;1;0;0;0;1;0;0;0;1;1;0;0;0;1;0;1;1;0;0;0;0;1;0;0;0;1;1;0;0;0;0;0;0;0;0;0;0;0;1;0;0;0;0;0;0;0;0;0;0;0;0;2;0;0;0;0;0;0;0;0;0;1;0;0;0;0;0;0;0;0;0;0;0;0;0;0;0;0;0;0;0;0
280670105000030;1;103;103;27;18;31;9;4;3;0;1;5;0;0;0;3;1;0;0;1;0;0;2;0;0;1;0;0;0;0;0;0;0;0;1;2;0;4;2;2;1;4;4;3;0;3;4;2;2;2;0;2;1;3;1;2;2;3;1;2;2;1;0;2;0;2;0;2;2;1;1;2;0;2;2;0;3;2;2;0;1;2;0;3;1;3;1;0;0;0;0;0;0;2;2;1;0;1;0;0;0;0;0;0;0;1;1;1;1;0;1;0;0;0;0;0;0;1;0;0;0;0;0;0;0;0;0;0;0;0;0;0;0;0;0
280670105000031;1;266;261;71;53;72;34;10;4;1;2;10;0;1;0;6;2;0;0;0;0;0;2;0;0;1;0;0;0;1;0;0;0;0;0;4;8;8;5;7;2;7;4;8;5;10;6;8;5;6;10;5;2;4;2;7;2;6;4;1;4;0;3;5;3;1;5;5;3;3;4;5;7;6;4;4;4;4;4;2;2;2;0;2;1;3;2;1;2;1;1;1;2;2;2;3;2;3;3;1;4;3;0;1;0;0;1;0;1;0;2;1;0;1;1;0;0;0;1;0;0;0;0;0;0;0;0;0;0;0;0;0;0;0;0
280670105000032;8;78;78;29;11;16;17;0;1;0;0;4;0;0;0;0;0;0;0;0;0;0;2;1;0;0;0;0;0;0;0;0;0;0;1;1;3;2;3;0;4;0;2;0;3;3;1;1;2;1;0;2;1;5;2;0;2;0;2;2;1;2;2;0;3;1;0;2;3;1;1;3;1;2;1;0;0;1;0;1;0;1;0;1;1;0;0;1;0;0;0;1;0;0;0;0;1;0;0;0;1;0;0;0;0;0;0;2;0;0;0;0;0;0;0;0;0;0;0;0;0;0;0;0;0;0;0;0;0;0;0;0;0;0;0
280670105000033;8;195;195;42;27;71;29;3;3;2;0;17;0;1;0;0;0;0;0;0;0;0;3;0;0;1;0;0;0;2;0;0;0;0;0;9;7;5;3;7;7;5;7;7;8;5;1;6;3;2;3;5;3;4;6;6;4;2;2;8;1;2;0;3;4;4;1;4;2;0;3;1;2;2;1;2;2;0;3;2;2;0;2;3;1;3;0;0;0;2;0;0;1;1;1;1;0;0;2;0;0;1;1;0;2;0;1;0;0;2;0;0;0;0;0;0;0;1;0;0;0;0;0;0;0;0;0;0;0;0;0;0;0;1;0
280670105000034;8;41;41;12;11;7;5;5;0;0;0;1;0;0;0;0;0;0;0;0;0;0;2;0;0;0;0;0;1;0;0;0;0;0;1;0;0;2;1;1;1;0;1;0;0;2;3;0;1;1;0;0;0;0;0;1;1;2;0;1;1;2;0;0;0;0;0;1;0;0;0;0;1;1;0;1;1;0;1;1;1;0;0;0;0;0;0;2;2;0;1;1;0;0;0;0;0;0;1;0;0;0;0;0;0;0;1;0;0;0;0;0;1;0;1;0;0;0;0;0;0;0;0;0;0;0;0;0;0;0;0;0;0;0;0
280670105000035;1;134;134;42;33;37;12;7;1;0;0;1;0;0;0;1;0;0;0;0;0;0;2;0;0;0;0;1;0;0;1;0;0;0;0;3;1;1;1;3;2;6;4;1;2;3;3;3;4;1;4;1;4;3;2;3;1;3;1;5;5;1;2;1;5;2;5;1;3;0;0;3;2;0;2;3;3;0;2;2;1;0;1;1;0;0;0;3;2;1;1;2;0;2;1;1;0;2;1;0;0;2;1;1;1;0;0;0;1;0;0;0;0;0;0;0;0;0;0;0;0;0;0;0;0;0;0;0;0;0;0;0;0;0;0
280670105000036;1;338;338;98;55;73;59;13;3;2;0;17;0;8;0;6;1;3;0;0;0;0;3;0;0;0;0;0;1;1;0;0;0;1;0;6;7;9;8;7;9;7;7;9;7;4;9;12;8;6;9;4;9;3;5;8;7;10;9;7;7;3;4;5;5;6;8;6;5;2;5;5;3;6;5;4;7;3;2;6;3;3;5;3;5;3;4;0;1;1;2;3;2;0;2;2;0;4;1;1;0;1;0;1;0;0;0;1;0;1;0;0;1;0;0;0;0;0;0;0;0;1;1;0;0;0;0;0;0;0;0;0;0;0;0
280670105000037;3;516;516;149;103;127;54;32;7;3;0;20;1;5;0;8;7;0;0;0;0;0;13;0;3;1;1;1;0;3;2;0;2;0;0;15;11;8;15;8;6;13;5;10;15;11;13;13;8;6;13;10;16;11;7;14;5;10;8;11;14;5;7;5;10;10;9;7;11;11;11;10;7;12;9;7;6;5;5;9;5;5;3;5;4;3;3;1;4;3;4;2;3;3;3;2;0;1;1;0;2;0;2;3;1;1;0;1;2;2;1;0;0;0;0;0;0;0;0;0;0;0;0;0;0;0;0;0;0;0;0;0;1;0;0
280670105000038;3;1177;1177;328;200;257;248;14;20;5;5;61;1;12;0;25;1;0;0;0;0;0;21;1;0;2;3;2;1;2;2;1;1;5;1;24;18;24;18;26;19;27;22;22;26;24;27;22;25;28;26;30;25;25;24;25;22;28;23;22;21;21;19;20;20;22;18;20;19;18;13;13;13;14;25;22;21;12;21;10;20;20;10;13;15;11;12;7;9;9;3;6;5;5;6;1;3;5;2;5;3;1;1;1;0;3;3;2;2;3;1;1;0;0;0;1;0;1;0;0;0;0;0;0;0;0;0;0;1;0;1;0;0;0;0
280670105000039;3;153;153;40;23;33;37;0;2;2;0;11;0;1;1;3;0;0;0;0;0;0;4;0;1;0;0;2;0;0;0;1;0;0;0;5;4;5;2;3;6;2;1;5;3;0;1;4;6;0;8;1;1;2;5;6;3;3;1;4;2;1;1;1;1;3;1;5;2;3;2;1;4;1;2;2;5;2;2;2;3;5;2;1;1;1;0;2;1;1;0;2;0;1;0;0;0;1;0;1;0;0;0;0;1;0;0;0;0;0;0;0;0;0;0;0;0;0;1;0;0;0;0;1;0;0;0;0;0;0;0;0;0;0;0
280670105000040;3;1124;1124;300;186;254;164;15;26;7;3;94;7;18;1;40;4;4;1;0;0;0;16;1;2;0;2;1;0;1;1;2;2;2;2;12;12;21;25;18;11;15;14;13;18;15;17;22;21;19;21;19;17;19;27;27;29;22;31;21;25;38;21;16;24;20;23;12;18;16;14;13;10;12;14;11;14;10;13;17;13;15;14;14;24;11;8;13;15;18;14;12;10;7;7;5;7;9;8;5;7;7;5;1;1;2;7;3;1;2;4;0;0;1;2;0;1;0;3;1;1;1;0;1;0;1;0;0;0;0;0;0;0;0;0
280670105000041;3;1075;1075;284;170;240;194;0;23;10;2;103;0;14;1;32;0;2;0;0;0;0;20;2;2;1;4;2;2;0;1;3;3;0;0;14;15;16;5;13;13;12;15;17;14;15;25;17;15;18;21;15;27;22;33;27;27;22;27;23;23;18;25;17;19;20;11;17;15;16;15;12;11;12;17;13;10;14;16;14;17;16;15;18;12;20;11;16;12;11;21;9;5;9;12;7;7;5;5;0;4;3;7;5;3;4;2;2;2;2;1;1;1;0;2;0;1;0;2;1;0;0;0;0;0;0;0;1;0;0;0;0;0;0;0
280670105000042;3;1028;1028;300;172;212;150;9;20;27;4;71;3;22;1;34;2;1;0;0;0;0;15;0;0;2;0;6;4;1;1;1;0;0;0;8;22;15;14;22;11;12;17;11;20;10;15;19;12;20;17;15;13;14;16;16;28;28;27;22;21;22;25;19;26;14;12;19;17;18;12;13;14;11;12;14;11;11;7;10;20;20;13;11;20;14;13;11;8;12;10;6;9;10;9;8;10;5;7;4;6;6;3;1;2;2;1;2;1;3;2;2;3;3;2;0;2;3;5;2;2;2;1;0;1;0;1;1;1;0;0;0;1;0;0
280670105000043;3;1052;1049;295;173;272;154;2;15;8;4;70;1;16;0;36;6;0;0;0;0;0;9;0;2;1;0;0;0;2;1;0;1;1;1;11;13;11;12;15;10;12;8;20;16;11;9;13;19;21;17;22;18;19;19;23;22;31;32;24;19;25;20;22;20;11;24;13;16;9;13;12;11;12;17;14;9;13;10;21;13;14;21;22;20;15;21;14;16;18;13;7;10;14;10;7;9;4;9;7;5;2;2;3;3;2;0;4;2;2;2;2;2;2;1;0;0;1;1;3;0;1;0;0;0;0;0;0;0;0;0;0;0;0;0
280670105000044;3;838;838;252;160;199;116;13;6;9;4;35;1;18;0;12;6;5;0;1;1;0;16;1;2;0;1;0;2;0;4;3;0;0;3;11;9;6;14;6;13;10;20;13;17;14;18;15;18;16;19;15;15;17;24;15;15;15;25;11;11;20;19;23;9;12;14;11;15;6;12;9;17;13;20;14;21;22;13;12;19;18;14;10;12;13;9;8;9;4;5;4;5;2;1;2;3;3;0;2;0;0;5;0;1;0;1;0;1;0;0;1;2;0;1;0;2;1;0;0;0;0;0;0;0;0;0;0;0;0;0;0;0;0;0
280670105000045;3;1142;1142;318;181;259;175;17;16;29;4;79;2;32;0;27;1;2;0;0;0;0;14;0;2;2;1;0;0;1;3;0;2;1;2;12;8;15;20;9;9;12;11;21;15;17;16;26;20;22;31;19;19;28;13;33;25;28;29;23;23;25;28;18;11;17;27;23;16;9;11;12;12;11;11;15;16;14;9;16;19;22;18;15;20;22;16;22;16;13;19;12;17;11;4;9;8;6;3;4;4;3;2;1;3;4;2;1;5;3;1;4;2;1;2;2;2;2;1;1;0;1;0;0;0;0;0;0;0;0;0;0;0;0;0
280670105000046;3;1164;1164;322;189;262;200;6;28;6;4;77;1;22;0;40;2;5;0;0;0;0;21;0;0;1;2;1;4;3;0;2;2;3;3;14;15;16;14;16;16;13;8;24;20;14;17;8;21;18;20;17;27;24;28;27;30;25;28;27;31;33;27;30;16;24;18;18;11;14;9;16;12;14;10;8;11;15;19;13;18;10;14;23;20;26;8;18;17;16;19;12;10;13;9;5;10;4;2;7;4;5;6;4;3;0;0;0;2;3;0;2;1;4;2;3;1;0;4;1;0;1;0;0;0;0;0;0;0;0;0;0;0;0;0
280670105000047;3;657;646;197;117;151;109;6;10;5;2;47;1;4;0;6;0;2;0;0;0;0;10;1;0;1;1;0;1;0;2;1;2;1;0;5;8;7;10;9;13;6;7;4;8;8;8;12;10;14;15;4;9;9;9;17;11;15;18;15;19;16;14;14;11;8;12;15;3;7;4;13;4;6;10;11;7;8;8;8;12;10;14;10;16;4;14;4;5;11;12;8;9;12;6;6;6;5;0;3;1;2;2;3;4;2;2;2;1;1;1;1;0;0;1;0;1;0;1;2;1;0;0;1;0;2;0;0;0;0;0;0;0;0;0
280670105000048;3;1262;1262;360;217;308;173;6;24;18;3;101;0;18;0;31;2;0;0;1;0;0;16;1;2;2;1;2;0;0;2;1;0;2;3;21;17;16;14;15;14;16;11;11;19;21;27;16;13;17;27;17;15;11;21;29;38;36;34;33;26;34;32;30;37;25;23;14;19;20;12;12;18;17;16;16;11;14;12;12;16;17;15;18;21;20;18;20;19;15;14;12;17;9;11;9;7;6;5;6;3;4;5;5;1;2;4;3;3;1;8;0;3;4;4;0;3;1;0;1;0;0;1;2;0;0;1;1;0;0;1;0;0;0;1
280670105000049;3;815;815;224;145;209;136;10;16;7;1;33;0;14;0;18;2;0;0;0;0;0;7;0;2;0;2;0;1;0;0;0;2;0;0;12;11;13;15;11;9;18;15;14;14;13;19;33;12;16;16;25;21;9;11;19;13;19;10;19;23;14;18;14;16;13;17;12;10;10;21;11;8;18;14;18;12;12;12;12;16;11;11;7;10;4;9;1;4;9;7;3;3;1;5;3;2;1;2;1;2;2;2;0;4;0;1;1;6;1;0;0;3;1;0;0;0;0;2;0;0;1;0;0;0;0;0;0;0;0;0;0;0;0;0
280670105000050;3;1034;1034;292;187;269;137;21;13;10;1;52;2;12;0;27;6;5;0;0;0;0;7;0;0;1;1;2;1;0;2;0;0;0;0;15;10;19;13;12;13;9;7;11;15;12;17;19;16;25;14;22;22;25;22;28;27;29;26;14;28;14;23;24;22;24;11;19;19;12;10;20;11;17;17;13;11;10;10;18;9;7;10;10;23;12;18;11;11;10;17;8;6;11;7;11;4;6;4;4;3;4;3;3;5;2;3;2;7;1;2;2;5;0;2;0;0;0;2;2;1;0;0;1;0;0;0;0;0;2;0;1;0;0;0
280670105000051;3;728;728;214;131;176;104;9;12;4;2;49;0;8;0;15;4;0;0;0;0;0;13;3;0;1;0;2;1;1;3;0;1;0;1;11;3;7;10;4;10;8;7;9;15;18;10;10;15;11;14;5;13;13;16;11;15;25;22;18;13;18;12;9;20;14;12;11;9;8;8;10;8;5;10;12;9;7;4;11;12;14;9;13;21;12;16;9;11;4;8;5;7;7;6;8;2;5;3;3;3;3;2;2;0;5;3;2;1;1;0;0;1;0;0;1;0;0;1;0;1;1;2;1;0;0;0;0;0;0;0;0;0;0;0
280670105000052;3;985;985;277;169;225;138;18;14;14;3;66;1;18;1;30;10;1;0;0;0;0;11;1;1;0;0;2;0;0;1;1;2;0;3;12;12;5;15;11;8;13;10;9;13;21;16;13;13;22;19;8;16;10;24;25;21;21;26;23;26;21;19;21;18;20;14;19;14;11;13;9;11;8;5;18;10;13;10;11;13;7;18;10;20;17;21;17;8;19;13;10;10;14;10;9;10;6;5;5;3;4;3;2;4;3;2;5;2;1;2;1;5;3;3;2;1;2;2;0;1;0;1;0;0;1;1;0;0;0;0;0;0;0;1
280670105000053;3;685;685;205;150;169;98;13;2;6;1;19;0;5;1;12;1;3;0;0;0;0;11;1;1;1;2;2;1;0;1;0;1;0;1;13;16;12;11;13;6;16;14;19;10;21;6;10;15;13;8;12;13;10;11;16;21;8;12;17;10;12;8;12;21;14;12;11;20;13;10;9;20;10;9;11;18;10;13;9;11;11;9;3;6;5;3;4;9;1;2;4;2;2;1;4;3;1;1;1;1;0;1;4;2;1;0;1;0;0;1;1;1;0;0;0;0;0;0;0;0;1;1;0;0;0;0;0;0;0;0;0;0;1;0
280670105000054;3;1418;1418;399;288;404;161;44;15;18;5;45;0;15;1;20;0;3;0;0;0;0;23;3;3;1;2;2;0;0;6;1;1;1;3;22;21;23;32;27;44;33;23;32;35;32;31;34;35;28;30;25;28;20;13;23;21;25;23;30;27;33;27;34;32;38;30;26;30;29;32;25;24;20;25;26;22;18;14;7;12;15;14;12;11;10;9;12;4;7;9;5;7;4;2;3;2;3;3;3;6;3;3;2;6;1;4;0;3;2;0;0;2;2;1;2;1;0;0;0;1;0;0;0;0;0;0;0;0;0;0;0;0;0;0
280670105000055;3;987;970;280;188;242;140;19;10;5;1;53;1;13;0;30;0;5;0;0;0;0;23;0;1;3;3;3;3;1;0;3;2;1;3;14;12;15;11;12;22;17;15;14;19;15;16;17;21;25;10;21;20;19;23;25;20;21;19;22;26;25;29;20;18;20;18;13;16;13;12;14;9;14;19;12;16;12;9;11;13;17;12;7;11;7;7;10;8;8;9;6;6;8;11;6;3;3;3;5;5;5;6;1;5;0;1;1;3;0;2;0;1;2;0;0;0;1;0;0;0;0;0;0;0;0;0;0;0;0;0;0;0;0;0
280670105000056;3;718;718;218;143;172;99;14;8;14;3;23;1;13;2;6;1;1;0;0;0;0;6;1;2;1;0;0;0;0;0;0;0;0;2;15;12;11;14;9;8;10;8;16;15;8;9;12;15;14;17;16;10;16;16;19;19;12;22;17;11;16;19;14;13;8;10;15;8;11;9;11;13;7;9;19;18;14;11;15;6;8;13;8;8;4;9;6;4;5;3;4;2;6;0;2;5;2;3;3;2;0;1;2;1;0;2;2;0;2;1;0;1;0;1;0;0;1;0;0;1;0;0;0;0;0;0;1;1;0;0;0;0;0;1
280670105000057;3;594;594;178;117;130;74;19;4;5;1;32;0;15;0;16;3;0;0;0;0;0;4;0;1;0;0;0;0;1;1;0;0;0;1;10;7;8;7;9;5;7;13;10;15;13;15;15;8;13;14;12;13;10;9;11;19;7;7;16;10;11;11;15;11;10;9;13;11;8;9;17;6;7;4;15;3;7;5;13;5;8;7;5;3;5;4;4;6;4;6;2;5;6;6;8;5;4;4;4;3;2;2;3;2;2;1;0;0;2;0;0;0;1;0;0;0;0;1;0;0;0;0;0;0;0;0;0;1;0;1;0;0;0;0
280670105000058;3;545;545;151;91;120;80;12;8;3;1;40;2;15;0;14;8;0;0;0;0;0;13;1;1;2;0;1;0;2;1;2;2;0;1;11;9;8;5;6;7;10;17;11;9;9;11;10;6;13;9;17;10;7;9;8;11;12;12;10;11;15;15;8;17;10;9;13;8;6;8;13;13;8;9;8;9;6;4;5;3;12;4;9;8;4;2;2;5;3;2;6;3;2;3;4;0;3;1;1;1;0;1;0;2;0;1;1;3;1;0;1;0;1;0;0;0;0;1;0;0;0;0;0;0;0;0;0;0;0;0;0;0;0;0
280670105000059;3;852;852;261;167;196;105;16;8;9;2;43;4;11;0;13;1;15;0;1;0;0;9;0;2;2;1;0;1;0;0;2;0;0;1;7;16;12;10;14;22;11;8;8;10;9;5;18;14;13;17;8;21;15;19;17;17;21;18;22;31;13;21;11;22;26;23;18;10;16;14;16;11;7;11;6;13;10;4;12;8;9;14;16;7;5;8;11;5;6;9;5;9;7;7;3;6;9;3;8;2;7;3;3;1;2;1;2;1;6;1;4;2;0;1;2;1;1;1;0;0;0;0;0;0;0;0;0;0;0;0;0;0;0;0
280670105000060;3;1072;1072;324;199;254;153;11;13;12;3;58;0;17;0;21;3;2;2;0;0;0;15;0;0;0;1;3;4;1;0;1;1;1;3;20;28;15;20;20;19;20;13;27;17;22;22;22;19;22;22;13;17;19;22;15;21;15;18;16;29;15;24;19;19;23;21;28;26;23;20;13;14;18;22;21;16;20;15;13;13;10;10;10;12;13;11;4;6;5;9;9;9;4;2;4;2;10;2;2;2;2;2;2;2;1;2;1;1;2;2;0;4;1;0;0;2;0;0;0;1;0;0;0;0;0;0;0;0;0;0;0;0;0;0
280670105000061;3;667;662;177;110;158;125;15;8;4;1;44;1;4;0;16;0;4;0;0;0;0;13;0;1;2;1;2;0;0;2;0;1;0;4;15;11;11;7;9;5;10;13;10;18;15;17;19;21;20;22;17;20;14;14;8;7;11;14;9;9;8;6;11;16;9;9;7;8;11;15;12;16;12;10;6;9;10;7;11;9;8;9;4;5;4;9;6;2;10;9;3;2;1;3;2;1;2;3;3;2;3;2;1;1;1;0;3;2;0;0;0;1;0;1;0;0;0;0;1;0;0;1;0;0;0;1;0;0;0;0;0;0;0;0
280670105000062;3;602;601;181;101;139;87;10;8;7;0;31;0;12;0;21;1;4;0;0;0;0;12;3;1;3;0;2;0;1;0;0;0;2;0;9;15;9;16;3;15;7;4;3;12;12;12;13;12;12;14;12;22;14;5;11;8;15;18;13;10;8;12;10;16;7;10;9;11;7;9;8;14;11;10;9;10;9;11;8;11;11;8;7;4;5;6;11;2;5;4;1;4;1;4;4;2;2;2;0;4;0;0;0;2;0;1;0;0;1;0;0;0;0;0;1;1;0;0;1;0;0;0;0;0;0;0;0;0;0;0;0;0;0;0
280670105000063;3;725;723;218;134;152;96;13;14;5;2;57;0;8;0;17;6;3;0;0;0;0;17;0;1;1;2;3;0;3;0;2;2;2;1;13;13;12;8;15;10;12;11;11;16;14;13;9;10;20;11;15;9;14;10;9;15;13;18;13;19;18;13;16;10;18;19;7;12;15;21;22;11;6;12;10;17;5;8;5;4;6;9;5;7;5;5;7;8;7;5;7;8;3;2;1;4;5;3;7;2;2;1;2;0;2;1;0;0;1;1;1;4;1;1;0;2;1;0;0;0;0;0;0;0;0;0;0;0;0;0;0;0;0;0
280670105000064;3;928;928;281;158;192;118;14;21;12;1;76;8;19;1;24;1;1;1;0;0;0;14;3;0;2;2;2;0;1;0;1;1;0;2;12;6;19;13;7;12;10;13;10;19;18;16;17;11;9;19;17;17;13;27;22;10;28;24;20;23;18;21;31;20;17;12;12;11;20;7;8;12;10;10;10;12;12;14;12;8;11;11;14;15;11;7;6;6;8;8;5;8;8;11;3;4;4;9;6;3;4;4;7;7;5;2;2;7;6;2;4;5;1;2;2;1;2;0;1;0;1;1;0;0;0;0;0;0;1;0;0;0;0;0
280670105000065;3;372;372;116;70;102;39;5;2;2;1;11;0;10;0;10;3;0;0;1;0;0;8;0;1;1;0;0;1;0;1;2;1;1;0;5;8;9;7;2;7;11;6;7;13;8;8;7;10;4;8;8;4;10;8;5;6;6;5;6;6;9;7;8;12;5;7;8;4;10;7;2;8;5;8;9;6;6;2;4;2;5;2;7;3;1;5;2;2;2;0;1;1;4;2;1;2;0;1;1;1;0;0;1;0;0;1;1;1;1;2;1;0;0;0;0;0;0;0;0;0;0;0;0;0;0;0;0;0;0;0;0;0;0;0
280670105000066;3;1264;1264;361;210;277;157;23;8;56;1;59;0;70;5;30;6;1;0;0;0;0;22;3;2;2;2;1;0;6;1;0;0;3;2;18;28;19;31;33;26;32;35;33;21;24;24;28;37;19;41;24;18;12;15;25;20;19;29;16;22;26;20;24;27;18;32;25;23;22;18;19;20;14;20;16;22;19;17;13;7;11;12;13;13;9;15;11;10;7;11;9;3;4;5;5;4;7;4;5;3;5;2;3;3;5;4;1;0;3;0;1;1;0;1;0;0;0;0;0;0;0;0;0;0;1;0;0;0;0;0;0;0;0;0
280670105000067;3;1022;1022;302;207;283;111;33;10;6;1;39;1;7;1;20;1;0;0;0;0;0;16;1;1;4;1;2;1;2;1;0;0;2;1;20;19;23;28;17;21;23;17;27;27;14;19;20;29;28;22;15;8;11;15;13;22;22;22;25;17;19;25;23;21;19;17;19;18;18;13;15;18;15;20;15;18;10;15;9;11;21;6;9;9;8;4;5;3;9;2;6;4;4;7;2;2;6;5;2;1;6;2;3;1;0;1;3;1;2;0;0;0;1;1;1;2;2;0;2;0;0;0;0;0;0;0;0;0;0;1;0;0;0;0
280670105000068;3;817;817;231;149;210;113;16;13;4;2;32;1;16;1;29;0;0;0;0;0;0;21;2;1;1;2;1;1;5;1;2;0;2;3;10;17;15;22;13;13;12;10;16;26;22;12;23;23;16;21;21;12;16;13;17;15;13;14;12;17;17;17;13;7;15;12;19;19;15;14;11;12;17;23;9;16;20;8;9;5;9;6;5;7;8;10;6;5;5;4;2;1;1;3;2;0;0;3;2;3;1;0;1;0;1;1;1;0;0;0;0;1;2;0;1;1;0;0;0;2;1;0;0;0;0;0;1;0;1;0;0;0;0;0
280670105000069;8;387;387;103;81;137;28;15;1;0;0;10;0;5;0;5;2;0;0;0;0;0;6;1;2;0;0;0;0;2;0;0;0;0;1;6;10;9;8;13;10;9;14;13;6;10;9;9;9;14;7;6;15;6;9;6;5;7;8;7;6;5;6;6;5;7;9;7;6;10;5;6;4;9;6;3;2;4;2;2;1;3;1;0;2;0;5;3;2;2;1;0;2;1;3;1;2;6;0;1;1;0;0;2;0;0;0;1;1;1;0;1;0;0;0;1;0;0;0;0;0;1;0;0;0;1;0;0;0;0;0;0;0;0;0
280670105000070;3;947;947;269;206;279;79;30;9;2;2;25;3;10;0;19;13;0;0;1;0;0;17;2;1;1;0;2;1;3;1;1;4;0;1;22;18;21;19;20;24;21;15;23;12;17;25;20;24;15;13;18;20;12;19;11;16;22;27;13;18;24;22;24;24;21;19;22;11;12;18;15;18;16;18;12;8;12;15;12;8;6;9;12;6;4;8;8;6;5;7;7;5;4;2;1;0;0;2;3;3;2;0;2;3;3;1;0;0;0;1;0;0;0;1;0;0;0;0;1;0;0;0;0;0;0;0;0;0;0;0;0;2;0;0
280670105000071;8;141;141;44;28;42;4;9;0;0;0;8;0;1;0;4;1;0;0;0;0;0;1;0;1;0;0;0;0;0;0;0;0;0;0;1;4;1;5;1;2;3;1;4;4;1;3;3;2;5;5;2;3;2;3;4;4;4;1;1;1;4;5;0;0;0;3;0;2;0;0;1;2;2;3;0;3;1;3;3;0;2;2;2;1;0;2;3;3;2;4;1;1;0;1;2;1;0;0;0;1;1;1;0;2;2;0;0;0;0;0;0;0;1;0;0;0;0;0;1;0;0;1;0;0;0;0;0;0;0;0;0;0;0;1
280670105000072;3;688;688;180;118;193;102;17;8;2;5;38;0;8;0;15;1;1;0;0;0;0;16;3;0;0;0;1;2;1;1;2;1;3;2;15;11;20;11;9;9;13;20;14;20;12;15;17;16;23;15;11;16;8;17;12;12;10;13;12;9;8;11;10;19;8;9;7;11;13;10;11;14;14;20;10;7;11;10;6;8;9;4;8;7;4;7;8;5;1;2;2;2;1;0;3;4;3;2;1;2;3;2;1;2;2;0;1;0;0;1;2;0;0;2;1;0;0;2;0;0;1;0;0;0;0;0;0;0;0;0;0;0;0;0
280670105000073;3;820;820;235;160;225;115;40;4;2;0;27;0;7;0;3;2;0;0;0;0;0;23;4;2;1;3;1;1;1;2;3;2;3;0;22;18;23;17;16;15;15;19;9;26;23;14;21;33;12;17;15;24;12;7;17;15;12;17;13;17;17;21;12;16;6;10;15;12;9;18;15;9;13;21;14;14;12;12;9;10;7;7;7;6;6;3;7;4;3;1;3;1;2;2;7;2;0;2;0;3;2;0;1;1;0;1;1;0;0;0;1;0;0;1;0;0;0;0;0;0;0;0;0;0;0;0;0;1;0;0;0;0;0;1
280670105000074;3;1193;1193;331;232;310;138;21;18;21;0;70;2;26;0;23;1;0;0;0;0;0;25;0;1;2;5;4;3;1;3;3;1;1;1;17;21;14;17;17;27;12;22;18;21;16;16;28;25;24;28;25;32;24;34;25;32;28;23;27;30;21;16;24;24;23;14;24;14;17;14;20;27;21;17;13;23;20;21;16;14;9;12;12;14;5;11;8;12;11;7;2;10;5;5;9;1;5;2;5;3;4;2;4;2;3;1;1;2;1;3;1;2;1;3;2;0;0;0;0;0;0;0;0;0;2;0;0;0;0;0;0;0;0;0
280670105000075;3;593;593;169;122;166;73;13;1;8;4;10;0;11;0;12;4;0;0;0;0;0;10;1;1;0;2;2;0;0;1;0;0;1;2;8;11;14;10;7;13;10;17;19;11;13;18;20;14;12;18;13;12;12;10;9;4;5;11;6;11;9;16;11;8;10;10;19;16;13;7;12;8;13;9;13;13;17;6;4;7;3;6;7;1;1;3;6;1;4;2;1;3;0;1;2;2;0;0;0;0;2;2;0;0;0;1;1;0;0;0;1;0;1;0;0;0;0;0;1;0;0;1;1;0;0;0;0;0;0;0;0;0;0;0
280670105000076;3;585;585;167;103;144;87;18;8;6;1;27;0;17;0;7;0;0;0;0;0;0;13;1;2;3;1;1;0;1;1;0;2;0;1;12;14;10;8;10;9;13;8;16;15;12;8;19;6;12;18;16;6;14;7;9;16;7;14;12;9;11;11;10;14;10;19;8;10;10;9;6;15;7;13;7;4;8;4;5;4;11;8;1;4;7;4;4;3;4;6;5;3;1;4;2;2;3;0;1;1;2;0;0;2;0;0;1;2;0;0;2;2;1;0;0;0;1;0;0;0;0;0;0;0;0;0;0;0;0;0;0;0;0;0
280670105000077;3;1056;1056;310;222;262;111;25;12;14;4;33;0;28;1;22;1;11;0;0;0;0;20;2;1;2;3;2;1;1;3;1;0;2;2;21;13;19;7;18;21;19;19;23;24;15;21;16;18;20;16;24;21;18;23;24;17;20;16;19;23;31;19;19;23;27;14;13;18;14;27;14;19;13;22;24;20;19;19;14;9;11;8;14;12;8;6;8;7;11;6;4;7;3;4;8;1;1;6;2;3;4;1;3;2;1;2;1;2;1;1;0;3;2;1;1;1;1;0;0;0;0;0;1;1;2;0;0;1;0;0;0;0;1;0
280670105000078;7;730;730;210;126;186;103;47;3;4;0;32;1;9;0;8;1;0;0;0;0;0;20;2;1;2;3;1;0;0;4;1;3;2;1;17;14;18;15;12;12;13;15;18;17;22;16;26;25;18;19;19;14;15;20;9;11;9;10;14;11;12;11;11;9;5;10;10;9;19;6;11;13;11;11;6;3;5;5;10;6;4;8;6;6;5;1;7;3;4;4;4;4;13;7;5;0;3;0;2;3;5;3;5;3;2;0;1;2;1;2;0;3;0;0;0;0;0;1;1;0;0;0;0;0;0;0;0;0;0;0;0;0;0;0
280670105000079;7;145;145;53;34;25;12;5;1;2;0;4;0;1;0;0;8;0;0;0;0;0;1;1;0;0;0;0;0;0;0;0;0;0;0;3;3;2;2;0;1;1;3;2;4;0;1;2;5;2;3;1;0;0;4;0;4;4;3;1;1;0;2;4;2;3;2;3;2;2;1;2;3;3;2;1;3;3;6;1;4;0;1;1;3;5;1;3;1;1;3;5;1;0;3;3;3;0;0;1;2;1;0;1;1;0;1;0;0;0;0;0;0;0;0;0;0;0;0;1;0;0;0;0;0;0;1;0;0;0;0;0;0;0;0
280670105000080;8;149;149;44;24;48;19;1;0;0;1;8;0;1;0;3;0;0;0;0;0;0;1;0;0;0;0;0;0;0;0;0;0;1;0;3;6;2;2;5;3;2;4;2;4;5;3;5;5;5;1;3;2;1;5;1;2;1;3;3;3;5;0;3;1;1;5;0;3;2;0;0;2;1;2;3;2;2;4;1;2;2;0;0;2;0;1;1;3;0;0;2;1;0;1;0;1;1;0;1;1;0;1;0;1;0;1;1;0;0;1;2;2;1;0;0;0;0;0;1;0;0;0;0;0;0;0;0;0;0;0;0;0;0;0
280670105000081;8;181;181;59;42;49;17;4;1;2;0;1;0;2;0;4;0;0;0;0;0;0;3;0;1;0;0;0;0;0;0;0;0;1;1;3;6;1;2;2;2;2;2;2;4;5;4;4;1;2;3;5;1;6;3;3;7;5;2;3;4;3;5;2;3;7;1;6;2;1;5;1;4;1;1;4;2;2;5;4;4;3;0;0;3;1;1;2;0;1;1;1;1;0;0;2;2;2;1;1;1;0;2;0;1;0;0;0;0;0;0;0;2;0;1;1;0;0;0;0;0;0;0;0;0;0;0;0;0;0;0;0;0;0;1
280670105000082;8;5;"X";"X";"X";"X";"X";"X";"X";"X";"X";"X";"X";"X";"X";"X";"X";"X";"X";"X";"X";"X";"X";"X";"X";"X";"X";"X";"X";"X";"X";"X";"X";"X";"X";"X";"X";"X";"X";"X";"X";"X";"X";"X";"X";"X";"X";"X";"X";"X";"X";"X";"X";"X";"X";"X";"X";"X";"X";"X";"X";"X";"X";"X";"X";"X";"X";"X";"X";"X";"X";"X";"X";"X";"X";"X";"X";"X";"X";"X";"X";"X";"X";"X";"X";"X";"X";"X";"X";"X";"X";"X";"X";"X";"X";"X";"X";"X";"X";"X";"X";"X";"X";"X";"X";"X";"X";"X";"X";"X";"X";"X";"X";"X";"X";"X";"X";"X";"X";"X";"X";"X";"X";"X";"X";"X";"X";"X";"X";"X";"X";"X";"X";"X";"X"
280670105000083;7;229;229;63;45;54;34;11;3;1;0;8;0;2;0;5;3;0;0;0;0;0;9;3;1;2;1;0;0;0;0;0;1;1;0;7;6;3;4;4;6;5;5;8;1;7;3;3;2;6;6;3;7;1;3;7;4;4;4;6;2;4;5;1;6;2;2;2;3;4;2;2;4;5;0;3;2;2;3;5;3;2;2;1;5;3;0;2;1;2;3;1;2;1;0;2;2;1;3;3;3;0;0;2;0;1;0;0;0;0;0;0;0;0;0;0;0;0;0;0;0;0;0;0;0;0;1;0;0;0;0;0;0;0;0
280670105000084;8;153;"X";"X";"X";"X";"X";"X";"X";"X";"X";"X";"X";"X";"X";"X";"X";"X";"X";"X";"X";"X";"X";"X";"X";"X";"X";"X";"X";"X";"X";"X";"X";"X";"X";"X";"X";"X";"X";"X";"X";"X";"X";"X";"X";"X";"X";"X";"X";"X";"X";"X";"X";"X";"X";"X";"X";"X";"X";"X";"X";"X";"X";"X";"X";"X";"X";"X";"X";"X";"X";"X";"X";"X";"X";"X";"X";"X";"X";"X";"X";"X";"X";"X";"X";"X";"X";"X";"X";"X";"X";"X";"X";"X";"X";"X";"X";"X";"X";"X";"X";"X";"X";"X";"X";"X";"X";"X";"X";"X";"X";"X";"X";"X";"X";"X";"X";"X";"X";"X";"X";"X";"X";"X";"X";"X";"X";"X";"X";"X";"X";"X";"X";"X";"X"
280670105000085;8;163;163;44;30;65;8;4;0;1;0;8;0;2;0;1;0;0;0;0;0;0;4;0;0;0;0;1;0;0;0;1;0;1;1;1;6;2;5;8;6;5;6;2;5;4;2;5;2;2;6;3;2;2;0;3;4;2;1;4;4;3;5;4;3;0;4;4;4;2;2;0;1;1;2;1;1;1;0;0;3;1;1;0;3;1;1;1;1;2;1;0;0;0;4;1;2;0;0;0;2;1;0;0;0;0;1;0;0;0;0;0;1;1;0;1;0;0;0;0;0;0;0;0;0;0;0;0;0;0;0;0;0;0;0
280670105000086;8;80;80;22;15;23;11;2;0;1;0;6;0;0;0;0;0;0;0;0;0;0;1;0;0;0;0;0;0;1;0;0;0;0;0;0;2;2;2;0;3;2;2;2;2;2;2;3;3;1;2;1;0;0;2;0;4;0;1;2;2;0;1;0;1;1;1;0;0;2;0;1;1;0;1;0;1;2;1;1;1;0;1;0;1;2;0;1;2;1;1;0;0;0;2;0;2;0;1;1;1;1;1;0;0;1;0;1;0;0;1;0;0;0;0;0;0;0;1;0;0;0;0;0;0;0;0;0;0;0;0;0;0;0;0
280670105000087;8;806;806;234;151;244;86;19;5;6;0;44;3;6;0;8;0;0;0;0;0;0;18;5;1;2;1;0;2;0;2;0;2;1;2;15;17;18;16;26;12;20;17;14;18;11;22;14;16;17;21;10;17;12;21;13;15;16;16;17;13;14;8;17;18;8;11;14;7;12;14;9;14;12;9;8;12;9;8;13;7;7;4;9;4;1;8;5;3;6;7;3;2;7;3;2;4;5;2;6;8;2;1;3;2;4;1;3;4;2;6;1;5;3;1;2;0;1;0;0;0;1;0;1;0;0;1;0;0;0;0;0;0;0;0
280670105000088;8;107;107;26;16;48;7;0;0;1;1;6;0;1;1;0;0;0;0;0;0;0;3;1;0;0;0;1;0;0;0;0;0;1;0;4;3;2;3;4;2;1;0;2;3;0;5;5;5;2;2;3;4;2;3;2;1;3;0;1;4;1;1;3;2;1;0;1;0;0;0;0;4;0;0;0;3;4;1;0;1;1;0;2;1;1;0;0;1;1;0;1;0;1;0;2;0;0;0;0;1;0;0;0;0;0;0;0;0;1;1;1;0;1;0;0;0;0;0;0;0;0;0;0;0;0;0;0;0;0;0;0;0;0;0
280670105000089;8;97;97;32;23;37;3;0;0;0;0;0;0;2;0;0;0;0;0;0;0;0;4;0;0;1;0;0;0;2;0;0;0;1;0;2;3;2;0;2;2;3;2;2;2;2;2;0;1;3;1;2;0;2;3;1;1;0;2;1;0;0;5;1;2;4;2;0;0;3;1;3;2;0;7;1;0;1;1;1;1;1;1;0;4;1;2;0;0;1;2;1;0;0;0;1;0;0;1;1;0;0;0;0;0;0;1;0;0;0;0;0;0;0;0;0;0;0;0;0;0;0;0;0;0;0;0;0;0;0;0;0;0;0;0
280670105000090;8;263;263;81;48;65;34;8;3;0;0;16;0;3;0;3;1;1;0;0;0;0;9;0;1;1;0;0;0;1;1;1;2;1;1;3;9;1;7;7;1;4;3;4;8;7;0;9;5;5;3;6;8;2;4;3;6;8;10;2;3;1;3;3;2;5;5;4;5;3;4;3;2;3;5;2;0;1;1;2;3;1;1;4;1;4;2;4;3;1;1;1;1;2;3;4;4;2;3;4;4;2;6;2;2;0;0;3;0;0;0;1;0;1;1;0;0;0;0;0;0;0;0;0;1;0;0;0;0;0;0;0;0;0;0
280670105000091;8;424;424;131;83;135;29;9;3;1;0;19;0;2;0;10;2;0;0;0;0;0;4;0;0;0;0;1;0;0;0;0;1;1;1;4;9;7;8;10;8;5;8;4;8;12;7;9;5;9;15;14;7;9;8;7;8;9;4;7;6;4;8;5;8;11;4;7;5;9;6;3;4;5;9;5;9;2;6;6;5;7;4;4;6;4;2;7;7;1;6;1;3;2;3;3;1;5;3;2;1;2;4;0;3;1;0;1;1;0;1;0;1;2;1;0;0;1;1;0;0;0;0;0;0;0;1;0;0;0;0;0;0;0;0
280670105000092;8;836;836;233;164;219;82;49;6;3;1;44;0;10;0;11;14;0;0;0;0;0;19;1;1;5;1;1;3;0;1;0;4;2;0;13;23;8;20;14;22;13;15;19;16;15;16;16;12;21;23;22;15;14;10;19;20;12;12;16;17;17;13;12;17;18;13;13;9;15;12;11;12;13;17;9;13;4;11;7;11;3;5;10;5;7;6;6;2;6;9;3;3;6;6;9;7;3;7;3;0;4;2;2;10;3;2;3;3;1;0;0;4;0;2;1;0;2;0;0;0;0;0;0;1;0;0;0;0;0;0;0;0;1;0
280670105000093;8;308;308;88;58;74;35;7;4;2;2;26;0;2;1;6;1;2;0;0;0;0;1;0;0;0;1;0;0;0;0;0;0;0;0;10;4;7;5;5;4;6;5;9;11;8;9;6;9;11;5;8;2;5;3;6;6;2;3;7;3;9;7;5;5;6;5;2;3;6;6;1;5;3;4;1;9;3;3;5;4;3;4;1;2;6;1;0;2;5;1;1;3;4;1;4;1;1;3;2;1;0;0;1;0;0;1;2;0;2;2;0;0;0;0;1;1;0;0;0;0;0;0;0;0;0;0;0;0;0;0;0;0;0;0
280670105000094;8;60;60;20;14;13;1;3;0;1;0;2;0;1;0;0;0;0;0;3;2;0;1;0;0;0;0;0;0;0;0;1;0;0;0;3;1;4;3;2;1;0;0;1;1;0;2;0;0;0;0;0;0;1;0;2;1;1;2;1;3;1;2;1;4;2;2;2;0;1;1;0;0;0;0;0;1;0;1;1;1;0;1;1;1;0;0;0;0;0;0;0;0;1;1;0;1;1;0;0;0;0;1;1;0;0;0;0;0;0;0;0;0;0;0;0;0;0;0;1;0;0;0;0;0;0;0;0;0;0;0;0;0;0;0
280670105000095;8;120;120;45;27;23;8;2;1;1;2;5;0;1;0;3;1;0;0;1;0;0;2;0;0;1;0;0;0;1;0;0;0;0;0;1;1;1;1;1;1;0;0;2;4;3;1;3;0;3;1;3;2;1;1;4;0;2;2;4;1;3;1;0;1;0;2;3;1;0;2;2;2;3;1;1;2;4;2;0;2;1;0;3;1;0;1;2;0;1;2;2;2;4;2;3;2;1;0;1;1;1;3;0;3;0;0;1;0;1;0;1;0;2;0;0;0;0;0;1;0;0;0;0;0;0;0;1;0;0;0;0;0;0;0
280670105000096;8;121;119;44;28;25;7;2;1;0;1;5;3;3;0;0;2;0;0;0;0;0;2;0;0;0;0;0;0;0;1;0;0;0;1;1;2;2;1;3;2;1;3;2;2;0;4;2;1;0;4;4;0;3;1;0;1;0;1;2;1;2;0;4;5;1;3;4;3;4;3;2;2;3;2;2;4;3;0;2;2;1;3;0;0;0;3;0;0;0;1;0;3;0;2;1;1;1;2;0;1;0;0;2;1;0;0;0;0;1;0;0;0;1;0;0;1;0;0;0;0;0;0;0;0;0;0;0;0;0;0;0;0;0;0
280670105000097;8;381;381;106;74;118;47;6;3;2;1;14;1;4;0;4;1;0;0;0;0;0;8;1;0;1;1;1;0;1;1;1;0;1;0;11;7;9;9;2;7;10;5;5;4;4;12;11;16;10;13;6;9;5;7;5;4;8;6;6;2;4;7;3;4;2;3;6;4;8;4;7;7;3;7;7;6;4;4;1;6;4;4;4;6;2;4;6;3;3;1;2;3;3;1;1;2;1;3;5;4;2;1;1;0;4;1;0;2;1;1;1;2;0;0;0;2;1;0;0;0;0;0;1;0;1;0;0;0;0;0;0;0;0;0
280670105000098;8;402;402;129;83;125;33;8;2;2;0;10;0;2;0;4;4;0;0;0;0;0;7;0;0;0;0;0;0;1;3;0;2;0;1;4;11;10;8;6;7;4;6;5;6;9;5;4;11;4;8;7;15;5;7;14;10;7;10;7;7;9;4;5;4;2;6;7;4;4;4;5;5;4;5;6;3;4;8;5;3;9;2;5;6;3;5;5;7;1;9;4;3;8;4;2;3;1;1;3;2;1;0;1;3;2;1;1;1;1;1;2;0;0;0;0;0;0;2;0;0;0;1;1;0;0;0;0;0;0;0;0;0;0;0
280670105000099;8;55;55;17;10;19;6;0;0;0;0;0;0;0;0;3;0;0;0;0;0;0;1;0;0;0;0;1;0;0;0;0;0;0;0;2;2;0;0;0;0;0;2;1;1;1;4;1;3;2;1;2;2;2;1;0;0;0;2;0;0;0;1;1;0;1;0;0;0;1;0;1;1;1;3;0;0;1;0;0;2;3;0;1;1;2;0;0;1;0;0;1;0;0;0;0;0;1;0;0;0;1;0;0;1;0;0;0;0;0;0;0;0;0;0;0;0;0;0;0;0;0;0;0;0;0;0;0;0;0;0;0;0;0;0
280670105000100;8;618;598;177;114;181;66;20;3;4;0;35;0;9;0;8;1;0;0;0;0;0;8;0;0;1;0;0;1;0;0;1;2;0;3;11;11;15;16;12;12;10;11;16;20;10;16;12;13;18;14;13;7;8;14;7;12;6;7;7;4;14;9;10;15;5;10;13;10;15;10;10;4;4;8;7;5;8;6;5;10;9;9;3;6;0;5;4;4;3;4;5;6;4;4;2;4;0;3;2;5;4;6;6;4;6;1;1;4;3;2;3;0;2;1;0;0;0;1;1;1;0;1;0;0;0;0;0;0;0;0;1;0;0;0
280670105000101;8;52;52;20;13;14;3;0;0;0;0;2;0;0;0;0;0;0;0;0;0;0;2;1;0;0;0;0;0;0;1;0;0;0;0;2;2;2;1;1;0;0;2;1;0;0;0;0;0;1;0;0;0;2;1;1;2;0;1;0;1;2;1;0;2;1;0;0;0;2;0;0;0;0;0;0;1;1;1;1;0;0;0;3;1;0;0;1;0;0;3;2;2;1;2;0;0;1;0;1;0;0;0;0;0;0;1;0;0;0;0;0;0;0;0;0;0;0;0;0;0;0;0;0;0;0;0;0;0;0;0;0;0;0;0
280670105000102;7;217;217;55;41;63;20;8;2;2;0;22;0;1;0;3;0;0;0;0;0;0;3;0;0;1;1;1;0;0;0;0;0;0;0;2;7;2;3;7;7;4;3;5;9;5;5;8;9;6;8;4;3;2;1;5;2;5;4;3;1;1;5;5;3;2;5;3;2;3;1;2;4;2;1;3;2;2;2;0;2;2;1;2;2;1;2;0;2;4;2;5;3;3;0;0;0;3;1;3;0;0;3;1;2;0;1;0;0;0;0;0;1;0;0;0;0;0;0;0;0;0;0;0;0;0;0;0;0;0;0;0;0;0;0
280670105000103;1;718;718;197;115;152;134;23;15;1;1;54;0;9;0;16;1;0;0;0;0;0;13;0;0;3;1;0;2;1;0;1;1;3;1;10;18;11;15;11;12;13;9;24;12;12;12;11;19;18;13;18;20;14;18;17;14;16;14;17;14;14;11;11;18;12;10;3;11;12;10;10;10;6;11;13;21;10;9;8;9;3;8;3;3;6;6;3;8;2;4;5;4;4;4;1;4;5;3;0;1;3;3;2;1;0;3;1;1;0;2;1;1;2;2;0;3;0;0;0;1;0;0;0;1;0;0;0;0;0;0;0;0;0;0
280670105000104;1;706;650;197;113;169;120;9;9;5;4;51;0;10;0;15;4;0;0;0;0;0;11;4;1;2;1;0;0;2;1;0;0;0;0;13;8;16;6;12;13;13;11;15;17;11;19;17;6;7;10;11;11;8;17;8;15;9;14;7;11;19;11;8;13;10;13;14;9;14;12;18;16;16;16;9;6;11;15;9;5;2;7;7;9;3;2;7;8;5;8;5;4;3;2;6;3;3;1;1;6;2;2;0;4;5;3;4;5;0;3;4;3;4;1;0;2;1;1;4;1;0;1;0;2;0;0;0;1;0;1;0;0;0;0
280670105000105;1;770;770;209;125;160;155;13;12;7;1;65;1;6;0;16;0;0;0;0;0;0;6;0;0;0;0;0;2;2;0;0;0;0;2;10;20;10;8;12;11;13;14;20;10;10;19;14;20;26;19;20;13;22;14;15;13;18;16;13;12;15;9;7;15;12;13;10;14;13;14;16;14;10;15;9;14;12;8;9;4;7;5;9;10;5;8;6;6;2;2;7;5;2;3;2;6;6;5;7;2;6;6;0;2;3;0;1;3;2;0;2;1;1;0;1;2;0;0;0;1;0;2;1;0;0;0;0;0;0;0;0;0;0;0
280670105000106;1;615;615;144;101;135;95;34;11;8;1;32;2;20;0;25;2;5;0;0;0;0;20;0;2;2;1;4;0;2;0;5;1;1;2;14;15;13;13;11;15;11;20;8;17;16;12;15;15;11;22;16;18;9;11;14;14;14;10;10;9;10;8;10;8;8;13;8;7;10;7;14;3;8;10;9;7;4;2;8;6;7;2;5;5;3;2;4;4;7;7;1;1;4;2;1;3;2;0;3;2;2;1;0;1;2;2;0;1;3;1;1;0;1;0;0;0;1;0;1;0;0;0;0;0;0;0;0;0;0;0;0;0;0;0
280670105000107;3;774;774;220;158;232;83;3;10;6;0;32;0;9;0;15;3;3;0;0;0;0;7;0;0;2;1;0;0;0;0;0;2;0;2;12;10;7;16;17;8;10;17;14;12;12;13;13;14;16;16;18;14;17;15;8;17;9;28;10;10;15;19;16;16;11;14;10;11;12;11;13;12;18;19;18;14;15;13;12;13;10;12;12;12;5;9;7;1;2;6;4;6;5;0;3;2;2;3;5;3;3;1;0;3;0;4;1;3;0;0;0;2;1;0;2;0;0;0;1;1;0;0;1;0;0;0;0;0;0;0;0;0;0;0
280670105000108;3;1156;1156;289;195;323;202;40;11;2;3;59;0;3;0;19;2;8;0;0;0;0;23;1;1;1;1;1;1;4;1;1;2;5;4;30;41;28;44;29;21;25;28;35;39;36;40;28;28;23;31;18;29;15;17;14;24;21;23;23;22;24;25;26;28;32;25;14;22;14;21;11;13;7;13;8;11;7;10;8;8;7;8;5;6;11;7;2;1;3;4;2;5;2;6;4;1;1;3;1;3;1;1;1;0;2;0;0;1;0;0;2;1;0;0;0;0;0;1;1;0;0;0;1;0;0;0;0;0;0;0;0;0;0;0
280670105000109;3;578;578;168;102;113;112;11;8;4;1;29;0;10;0;13;7;0;0;0;0;0;7;0;2;0;1;1;0;1;1;1;0;0;0;3;6;7;8;9;12;3;8;12;9;11;13;15;14;11;10;11;11;12;12;12;14;7;14;12;10;11;10;4;13;11;14;10;15;8;6;12;7;10;9;5;9;4;8;10;13;7;5;8;6;8;4;9;2;4;4;2;8;5;6;5;3;2;4;2;4;1;2;1;1;2;0;1;3;1;1;0;0;0;0;1;0;0;0;1;1;2;0;0;0;0;0;0;0;0;0;0;0;0;0
280670105000110;3;644;641;181;123;143;99;15;10;8;2;28;0;13;1;20;0;1;0;0;0;0;14;1;2;0;1;2;1;2;1;1;2;0;1;19;13;11;16;12;12;10;15;17;12;12;15;13;5;15;8;5;9;14;17;14;15;11;13;16;16;16;14;14;15;8;19;14;10;10;11;11;16;11;4;4;7;7;4;9;9;8;5;4;6;5;7;7;5;4;2;5;3;1;2;3;3;0;0;0;3;1;1;0;0;1;1;0;0;1;1;1;0;0;0;0;1;0;1;0;0;0;0;0;0;0;0;0;0;0;0;0;0;0;0
280670105000111;3;847;847;256;152;194;124;15;11;5;3;36;5;18;1;19;6;2;0;0;0;0;22;2;4;2;3;4;1;0;3;1;1;0;1;22;11;16;12;14;16;17;9;16;20;17;11;17;11;10;20;17;17;21;12;16;20;13;23;21;15;22;19;15;22;17;11;17;11;14;12;16;12;21;11;13;12;9;6;9;8;6;13;4;6;6;9;6;5;7;1;6;3;7;2;3;2;7;2;4;4;3;4;1;2;2;2;2;0;2;0;2;1;1;0;1;1;1;2;3;0;0;0;0;0;0;1;0;0;0;0;0;0;0;0
280670105000112;3;635;635;194;118;166;90;10;2;5;0;23;0;11;0;12;0;4;0;0;0;0;16;2;1;0;1;1;1;3;2;2;0;3;0;26;12;13;22;10;9;13;6;18;17;12;18;16;11;13;11;13;13;22;20;14;8;18;16;11;9;10;9;10;15;12;11;10;12;10;4;14;6;6;10;7;6;8;6;6;6;6;6;7;12;2;4;0;5;4;2;2;0;2;1;0;1;2;3;2;2;3;1;0;0;0;0;0;0;0;1;0;1;0;0;0;0;0;0;0;0;1;0;0;0;0;0;0;0;0;0;0;0;0;0
280670105000113;3;597;597;197;104;95;75;7;9;23;4;20;0;23;0;20;3;17;0;0;0;0;9;1;0;1;1;1;0;0;0;1;1;1;2;12;8;5;8;8;8;7;9;10;9;8;12;6;12;15;6;6;13;18;17;9;18;9;22;9;9;11;12;18;16;9;13;10;8;9;10;13;13;10;21;11;6;9;7;6;14;7;4;6;7;2;3;6;5;4;5;3;4;1;4;1;3;2;0;2;3;1;2;1;0;1;2;1;1;0;1;1;1;0;1;2;0;0;1;0;0;0;1;0;0;0;0;0;0;0;0;0;0;0;0
280670105000114;3;714;714;227;143;180;71;2;3;12;3;30;0;17;0;15;2;7;1;1;0;0;11;1;1;2;1;1;1;0;0;0;1;2;1;11;10;10;6;16;6;9;10;13;17;14;6;12;11;11;8;17;11;11;15;8;10;12;15;26;15;12;20;13;14;14;12;16;16;10;10;6;11;11;10;8;7;15;10;10;10;7;8;5;6;8;9;10;7;6;5;3;6;11;9;7;3;5;6;5;2;6;5;3;1;1;1;0;3;0;0;2;0;1;0;2;0;1;1;0;0;0;0;0;0;2;0;0;0;0;0;1;0;0;0
280670105000115;3;473;472;160;113;123;41;13;2;3;0;5;0;3;0;6;2;2;0;0;0;0;7;1;2;2;1;1;0;0;0;0;0;0;0;10;10;9;9;15;7;7;10;5;5;10;6;11;6;6;7;9;5;6;8;9;11;8;9;6;11;5;11;7;12;11;13;12;18;7;8;7;12;9;13;5;10;5;7;3;9;6;4;5;5;5;2;3;5;3;3;2;1;2;3;1;2;0;1;0;0;0;1;0;4;2;0;2;1;0;1;0;0;1;0;1;0;0;0;0;0;1;0;0;0;0;0;0;0;0;0;0;0;0;0
280670105000116;3;924;924;264;164;211;137;41;13;4;0;48;0;6;0;24;4;8;0;0;0;0;20;1;2;2;4;3;1;2;1;2;2;0;0;24;26;19;33;25;24;18;21;22;19;25;16;25;24;17;19;19;16;16;14;15;21;28;12;20;18;23;26;18;21;9;17;8;9;10;7;16;9;10;10;4;15;7;9;8;6;11;15;11;12;6;5;7;4;5;5;3;4;5;7;1;5;2;0;2;2;1;2;1;3;2;1;0;1;1;0;1;0;0;0;1;0;0;0;0;0;0;0;0;0;0;0;0;0;0;0;0;0;0;0
280670105000117;3;696;696;191;119;165;131;12;14;1;0;36;1;4;0;18;2;2;0;0;0;0;12;1;3;0;1;0;2;0;2;0;0;3;0;15;16;19;20;17;13;14;16;19;15;17;9;16;17;15;9;13;16;16;11;11;12;11;8;10;10;12;13;10;11;17;12;8;14;13;9;15;9;13;15;12;12;7;7;6;5;5;8;6;5;9;3;3;2;1;3;8;4;6;6;3;5;3;0;4;2;0;1;1;2;1;1;0;0;2;0;0;0;0;1;1;0;1;0;0;1;0;0;0;0;0;0;0;0;0;0;0;0;0;1
280670105000118;3;720;720;208;140;187;117;18;1;4;3;19;2;9;0;11;0;1;0;0;0;0;17;1;0;2;1;1;0;1;2;2;2;3;2;10;13;18;13;9;10;15;12;17;20;12;14;23;13;20;18;19;11;19;13;17;7;12;10;10;11;14;11;8;8;8;14;11;18;13;19;17;12;20;16;8;12;7;14;10;11;10;3;6;8;5;5;6;6;4;3;1;1;4;3;0;3;2;0;1;3;0;3;1;2;0;2;0;1;0;1;0;1;0;0;0;0;0;0;0;1;0;0;0;0;0;0;0;0;0;0;0;0;0;0
280670105000119;3;659;659;180;128;178;94;14;7;4;4;30;0;6;1;9;1;3;0;0;0;0;11;1;1;0;1;0;1;0;1;0;2;1;3;10;12;21;11;14;15;14;10;14;12;9;12;16;12;20;13;12;19;12;10;12;17;15;15;13;12;13;14;8;12;9;11;14;5;12;10;4;12;10;18;10;13;9;8;8;9;7;7;4;6;7;6;8;3;2;5;3;3;2;1;2;1;2;2;2;1;1;3;0;1;1;0;1;1;1;0;1;0;1;1;0;0;0;0;0;0;0;0;0;0;0;0;1;0;0;0;0;0;0;0
280670105000120;3;848;848;242;175;229;111;19;8;5;3;32;1;11;0;9;0;2;0;1;0;0;15;1;4;0;1;1;0;1;1;1;1;3;1;18;18;20;11;12;15;13;18;17;20;17;23;27;17;18;17;14;20;13;15;9;13;16;19;15;17;19;12;22;19;21;19;16;17;15;20;17;19;11;20;16;11;10;4;11;5;7;12;3;9;5;6;6;3;3;1;5;2;4;6;1;2;1;4;1;1;0;0;0;3;0;1;5;0;0;2;1;1;0;1;0;1;0;0;0;0;0;0;0;0;0;0;0;0;0;0;0;0;0;0
280670105000121;3;710;710;187;131;189;92;10;12;7;4;57;1;8;0;12;0;0;0;0;0;0;5;0;0;0;0;2;0;0;0;0;1;1;1;5;11;12;7;11;5;12;10;10;11;14;7;15;8;13;10;10;10;8;18;11;8;20;28;15;15;19;22;16;12;11;11;7;6;10;7;8;12;11;6;4;7;3;8;14;9;6;8;10;13;17;9;13;6;13;12;7;3;8;10;3;6;5;5;1;5;2;4;1;5;0;4;6;1;1;1;1;3;1;2;1;0;0;0;0;2;0;1;0;1;0;0;0;0;0;0;0;0;0;1
280670105000122;5;886;886;247;145;248;125;23;5;6;2;54;1;13;0;16;1;0;0;0;0;0;15;1;1;1;3;1;0;1;1;2;1;1;2;20;20;18;30;15;24;19;18;22;15;22;16;22;25;22;20;31;24;14;10;20;11;15;19;13;12;10;17;14;19;8;18;13;9;10;11;18;12;5;13;6;8;15;7;6;10;8;6;6;11;4;7;6;6;3;2;8;4;5;2;5;5;2;4;7;3;4;3;5;3;0;0;5;1;1;3;3;1;1;1;1;0;0;3;0;1;1;1;0;0;0;0;1;0;1;1;0;0;0;0
280670105000123;5;213;213;68;42;49;25;14;1;1;0;11;0;0;1;0;1;0;0;0;0;0;5;0;2;0;1;0;0;0;0;1;0;1;0;2;8;4;2;3;5;1;6;7;7;5;3;6;4;6;3;6;4;5;2;3;4;3;2;0;3;6;3;6;2;2;5;2;5;2;1;2;5;2;4;4;1;2;1;2;1;1;1;1;4;3;0;2;2;5;1;2;3;1;2;2;2;0;5;0;1;2;0;1;0;0;1;1;1;0;0;0;0;0;0;0;0;0;1;0;0;0;0;0;0;0;0;0;0;0;0;0;0;0;1
280670105000124;5;78;78;25;20;16;3;6;1;0;0;6;0;0;0;0;1;0;0;0;0;0;2;0;0;0;0;1;0;0;0;0;0;0;1;2;3;2;0;0;0;1;1;2;0;3;1;1;0;1;2;0;1;2;0;7;1;4;3;3;0;2;0;2;2;0;4;0;2;1;1;1;1;0;1;1;2;1;0;0;0;1;2;1;1;1;0;1;1;0;0;0;0;1;1;0;0;0;0;0;0;1;0;0;0;1;1;0;1;0;0;0;0;0;0;0;1;0;0;0;0;0;0;0;0;0;0;0;0;0;0;0;0;0;0
280670105000125;5;575;575;154;103;157;67;9;11;0;2;68;0;3;0;1;0;0;0;0;0;0;12;0;1;2;2;0;1;1;2;0;1;0;2;10;17;6;12;17;14;7;14;14;10;10;9;13;7;13;9;14;8;6;14;9;4;9;11;10;14;14;9;7;8;7;10;13;14;11;10;8;10;6;11;4;4;6;7;4;8;3;3;2;7;6;5;3;6;3;7;3;4;8;3;6;3;3;6;3;2;3;3;3;2;1;1;1;0;0;1;2;1;1;0;1;0;0;0;1;1;0;0;1;0;0;0;0;0;0;0;0;1;0;1
280670105000126;7;62;62;16;7;14;13;0;2;0;0;8;0;0;1;1;0;0;0;0;0;0;2;2;0;0;0;0;0;0;0;0;0;0;0;2;0;1;2;0;1;1;1;1;2;3;3;2;1;3;0;1;0;2;3;0;2;0;0;2;1;0;0;0;2;2;1;0;3;0;3;1;1;1;0;0;1;1;0;1;0;0;0;1;0;1;0;0;1;0;1;0;0;0;0;0;0;0;0;1;1;0;0;0;0;0;0;0;0;0;0;1;0;0;0;0;0;1;0;0;0;0;0;0;0;0;1;0;0;0;0;0;0;0;0
280670105000127;7;87;87;25;12;27;12;0;1;2;0;8;0;0;0;0;0;0;0;0;0;0;3;1;1;0;0;0;0;0;0;0;1;0;0;0;1;2;2;2;0;3;1;0;1;1;1;1;2;5;2;4;1;4;2;5;3;4;1;2;1;0;1;1;2;0;0;1;1;0;1;0;1;1;0;0;2;2;2;0;0;0;1;0;1;1;3;1;1;0;1;1;1;1;1;1;1;0;1;1;0;0;1;0;0;0;0;0;0;0;0;0;0;0;0;0;0;0;0;0;0;0;0;0;0;0;0;0;0;0;0;0;0;0;0
280670105000128;8;57;57;17;13;22;3;0;1;1;0;0;0;0;0;0;0;0;0;0;0;0;0;0;0;0;0;0;0;0;0;0;0;0;0;1;1;4;1;3;0;0;0;2;0;3;0;2;0;0;0;1;2;1;0;1;3;3;0;1;0;0;0;0;3;1;2;3;2;1;1;1;0;0;0;2;1;1;3;1;1;0;1;1;0;0;0;0;0;0;0;0;0;0;2;0;0;0;0;0;0;0;0;0;0;0;0;0;0;0;0;0;0;1;0;0;0;0;0;0;0;0;0;0;0;0;0;0;0;0;0;0;0;0;0
280670105000129;5;594;594;159;111;173;69;9;9;5;1;38;0;6;0;13;1;0;0;0;0;0;12;0;0;1;1;0;1;2;3;1;2;1;0;15;9;9;12;19;18;16;19;12;10;6;14;8;12;12;15;11;9;5;10;15;21;14;10;21;15;11;13;9;9;10;11;10;10;10;5;8;7;6;10;2;6;10;4;4;4;7;5;1;2;3;5;3;3;1;5;4;2;5;5;2;1;3;2;4;3;3;1;4;3;0;2;1;0;0;2;1;0;0;0;1;0;0;0;1;0;0;1;0;0;0;0;0;0;0;0;0;0;0;0
280670105000130;1;270;270;66;46;86;38;8;1;0;0;19;1;1;0;2;2;0;0;0;0;0;9;1;0;1;1;2;0;0;2;1;0;1;0;8;8;5;8;6;6;10;8;10;10;6;5;3;7;2;7;3;6;2;0;2;6;8;3;4;5;9;11;7;8;5;5;7;6;1;6;2;3;2;0;1;2;2;2;0;3;0;1;1;1;4;3;0;1;1;4;1;1;1;1;0;0;1;1;2;0;0;0;0;1;1;1;0;1;0;0;1;0;0;0;0;1;0;0;0;0;0;0;0;0;0;0;1;0;0;0;0;0;0;0
280670105000131;1;125;125;34;20;26;21;5;2;1;0;7;0;0;0;8;0;1;0;0;0;0;6;0;1;0;0;1;1;1;0;1;0;1;0;3;1;1;3;1;4;3;2;2;1;2;2;4;4;1;2;4;2;2;4;2;1;2;3;2;3;3;1;4;2;1;4;3;3;1;2;1;0;0;1;0;3;1;1;2;0;2;0;2;1;2;2;1;0;1;0;1;0;2;0;1;2;0;0;0;0;1;0;0;0;1;0;2;1;0;1;0;0;0;0;0;0;2;0;0;0;0;0;0;0;0;0;0;0;0;0;0;0;0;0
280670105000132;1;84;84;29;18;21;11;0;0;0;1;1;0;0;0;2;0;1;0;0;0;0;2;0;0;0;0;0;1;0;0;0;0;0;1;1;0;0;2;0;0;1;2;1;3;2;1;2;1;2;3;1;2;1;1;4;0;4;0;1;3;1;0;2;3;0;3;0;0;2;2;0;0;1;1;0;2;2;0;0;0;3;1;1;3;2;1;2;1;0;1;1;2;0;1;1;0;0;2;0;0;0;0;1;0;0;0;0;0;0;0;0;0;0;0;0;0;1;0;0;0;0;0;0;0;0;0;0;0;0;1;0;0;0;0
280680005000001;1;587;587;184;113;159;66;2;5;3;5;40;2;3;0;3;1;1;0;0;0;0;8;0;2;0;0;1;1;0;1;1;1;0;1;9;7;9;7;8;9;6;9;8;9;10;10;7;13;13;15;11;12;12;7;7;14;16;11;9;9;11;7;8;12;8;4;8;6;5;10;5;7;7;6;6;11;5;8;10;8;8;5;6;9;7;4;5;6;6;2;1;3;5;4;4;1;7;2;8;5;2;6;7;5;4;3;1;5;6;2;2;2;2;3;0;3;5;1;1;2;1;2;2;1;0;0;0;0;0;1;0;0;3;0
280680005000002;1;596;596;189;111;129;92;13;10;5;0;35;0;6;0;3;0;3;0;0;0;0;9;1;0;0;0;1;1;0;1;1;2;0;2;5;13;15;13;10;13;3;9;11;15;10;8;9;12;24;14;5;14;13;7;8;13;7;11;12;10;7;6;20;10;11;11;13;11;10;8;10;10;9;9;4;4;5;5;2;5;10;4;5;2;4;6;2;2;4;6;8;4;6;4;3;8;3;3;5;5;4;4;2;5;2;1;1;4;0;2;0;4;3;1;1;1;0;0;2;0;1;1;0;0;0;0;0;0;0;0;0;0;0;0
280680005000003;1;697;697;223;141;167;95;16;7;1;0;31;0;5;1;6;2;2;0;0;0;0;11;1;0;0;1;0;0;1;1;0;0;4;3;13;19;15;11;14;11;16;9;17;20;15;18;19;18;15;16;17;10;18;13;10;12;16;10;9;12;15;11;13;11;9;16;14;9;7;10;8;8;14;7;3;8;3;3;8;9;3;4;8;7;6;5;4;4;8;7;2;3;2;5;5;3;3;2;3;1;7;3;1;4;4;3;1;1;0;1;2;3;1;2;0;1;2;1;1;0;0;0;0;1;1;0;0;0;0;0;0;0;1;1
280680005000004;1;571;565;174;117;169;53;5;4;10;2;27;1;1;0;5;3;0;0;0;0;0;4;0;0;1;1;0;0;0;2;0;0;0;0;5;10;8;6;6;9;7;7;7;8;12;3;11;13;11;15;10;8;13;14;11;12;11;7;11;8;16;8;9;7;7;7;5;7;10;9;9;5;8;5;5;12;9;6;7;5;5;4;11;10;4;9;6;8;6;9;8;5;6;4;4;4;3;5;4;4;3;4;1;5;1;2;1;4;7;1;2;1;4;2;0;2;0;2;2;0;1;0;1;0;1;0;0;0;0;0;0;1;1;0
280680005000005;8;154;147;37;27;47;16;6;2;2;0;7;4;3;0;1;0;2;0;0;0;0;5;1;0;0;0;2;0;1;0;0;0;0;1;2;2;2;2;5;6;3;4;7;8;1;5;6;3;2;5;2;5;0;3;2;4;0;3;2;2;6;0;5;5;4;3;3;1;2;2;1;2;0;1;2;1;3;2;0;1;0;0;2;3;2;0;0;0;2;1;0;0;0;1;2;0;0;0;1;0;0;2;0;1;0;0;0;0;0;0;0;0;0;0;0;0;1;1;0;0;0;0;0;0;0;0;0;0;0;0;0;0;0;0
280680005000006;8;301;301;80;55;83;48;10;6;1;0;15;0;1;0;1;1;0;0;0;0;0;7;3;1;0;0;0;0;0;0;0;1;1;1;6;4;5;2;3;5;7;7;9;5;10;6;8;8;9;5;7;9;8;6;8;5;4;7;6;6;4;3;1;4;5;4;3;5;1;4;4;2;3;3;1;5;1;1;1;4;4;3;3;3;2;7;4;1;8;0;3;2;1;4;0;1;2;0;1;3;2;2;1;0;0;1;0;0;1;0;1;0;0;0;2;0;3;1;1;1;1;0;0;0;0;0;0;0;1;0;0;0;0;0
280680005000007;8;564;559;161;116;162;80;10;4;0;0;23;1;3;0;4;0;0;0;0;0;0;12;0;2;1;1;0;1;0;1;4;0;1;1;16;11;15;9;14;9;13;14;14;10;14;13;13;10;8;10;6;14;9;8;10;9;11;9;10;10;12;17;11;6;7;9;9;8;4;11;5;3;6;6;6;8;3;4;2;3;6;4;4;6;2;3;5;4;5;6;2;6;11;5;3;1;6;3;3;5;3;2;3;0;3;3;2;1;1;0;1;2;0;4;3;1;0;1;1;0;0;0;1;0;0;0;0;1;0;0;0;0;0;0
280680005000008;8;324;324;98;65;96;37;4;4;0;0;16;0;1;0;3;0;0;0;0;0;0;0;0;0;0;0;0;0;0;0;0;0;0;0;6;6;7;5;6;8;5;5;7;6;10;7;5;4;8;15;6;7;4;8;7;4;6;9;5;5;3;6;3;2;3;6;3;7;2;6;0;11;1;6;3;1;3;4;8;1;2;3;1;5;2;3;1;2;3;3;5;5;3;4;4;2;1;1;1;1;3;3;2;1;1;2;2;0;0;1;1;1;2;0;1;0;0;0;0;0;1;1;0;0;0;0;0;0;0;0;0;0;0;0
280680005000009;8;481;481;152;96;128;59;12;2;2;1;21;0;2;0;6;0;0;0;0;0;0;7;3;1;0;0;0;0;0;1;2;0;0;0;7;14;10;6;12;6;10;9;8;12;8;10;7;9;5;5;4;7;10;11;7;12;9;7;9;13;14;6;7;11;7;11;10;13;6;10;1;4;4;4;5;2;4;3;3;4;6;4;1;5;3;4;3;5;6;1;5;4;8;1;4;2;1;3;3;5;4;3;3;4;2;2;2;4;4;1;2;2;1;1;1;3;0;0;0;1;2;1;0;0;0;1;0;0;0;0;0;0;0;0
280680005000010;8;553;553;172;107;149;66;17;7;3;0;21;1;5;0;5;0;0;0;0;0;0;8;0;2;0;2;0;0;1;1;1;0;1;0;7;12;9;19;13;10;8;12;8;15;15;15;13;12;7;16;8;15;11;9;8;8;10;11;7;6;10;13;8;8;10;8;10;12;5;12;8;10;13;4;8;9;7;5;1;3;3;4;3;5;4;1;3;2;1;2;2;2;3;3;1;4;6;4;7;4;6;2;4;1;2;3;3;1;0;1;2;2;1;1;0;0;0;0;0;1;0;0;1;0;0;0;0;1;0;0;1;0;0;0
280680005000011;8;203;203;61;45;61;21;3;2;0;0;9;0;0;0;1;0;0;0;0;0;0;3;0;0;1;1;0;1;0;0;0;0;0;0;2;2;2;5;4;6;2;2;9;3;1;4;4;4;4;3;4;7;5;3;6;2;4;3;2;2;6;3;3;3;7;4;3;3;3;4;1;0;2;2;3;2;4;2;2;2;2;2;3;3;0;1;1;2;3;4;0;3;0;4;3;1;2;2;2;1;0;0;1;0;0;1;1;0;1;0;0;2;0;0;0;1;0;0;0;0;0;0;0;0;0;0;0;0;0;0;0;0;0;0
280680005000012;8;260;260;78;61;74;28;6;1;1;0;7;0;2;0;2;0;0;0;0;0;0;8;0;2;0;1;1;2;0;0;0;0;1;1;5;8;2;4;0;6;4;1;11;6;4;6;3;3;5;7;8;7;6;6;4;4;2;5;5;5;3;2;7;7;1;5;4;3;4;3;1;4;2;2;5;2;1;3;6;4;2;2;3;4;6;2;1;2;3;2;0;2;0;2;0;1;3;0;1;1;0;2;3;1;2;0;1;2;1;0;0;3;0;2;0;0;1;0;1;0;0;0;0;0;0;0;0;0;0;0;0;0;0;0
280680005000013;8;408;408;112;86;130;39;11;5;2;0;12;4;2;0;3;0;2;0;0;0;0;10;1;1;2;0;0;0;0;3;1;1;0;1;5;7;10;3;6;6;10;6;7;10;13;11;9;14;11;3;7;9;9;7;8;5;6;6;7;8;7;7;6;12;7;2;7;5;8;2;5;4;3;4;4;6;5;1;3;6;3;4;2;1;4;4;3;4;9;6;3;4;3;3;6;1;1;4;2;1;5;1;1;3;2;0;0;1;1;1;2;1;0;0;1;0;0;1;1;0;1;0;0;0;0;0;0;0;1;0;0;0;0;0
280680005000014;8;802;802;245;156;222;94;8;7;7;1;29;2;23;0;7;0;1;0;0;0;0;5;0;0;2;0;0;0;2;0;0;1;0;0;10;17;15;10;11;12;12;15;15;20;11;26;24;14;17;14;13;13;19;15;10;18;15;17;14;11;7;8;14;8;12;19;15;8;16;9;6;12;14;20;5;10;10;12;10;10;5;13;9;10;3;4;6;6;7;7;3;10;6;9;3;10;3;3;5;5;2;3;2;6;2;2;4;3;4;3;3;4;2;1;1;1;3;1;2;0;1;0;1;1;2;1;0;1;0;0;1;0;0;0
280680005000015;8;685;673;206;159;192;78;11;6;0;1;27;0;4;0;1;0;0;0;0;0;0;13;1;2;2;0;0;0;0;1;0;1;4;2;7;10;11;7;17;14;12;13;8;23;15;14;19;16;17;13;14;13;4;9;11;11;7;3;11;14;7;15;10;16;14;10;12;16;17;6;11;15;14;6;7;10;9;12;2;7;4;8;2;4;6;4;2;4;6;6;3;5;3;6;2;3;4;7;8;6;9;5;6;2;4;3;1;2;5;2;0;5;0;1;0;0;0;2;0;0;0;0;0;1;1;0;0;0;0;0;0;0;0;1
280680005000016;2;582;582;175;123;164;63;11;9;3;1;24;0;4;0;4;1;0;0;0;0;0;3;1;0;0;0;0;1;0;0;0;0;1;0;8;10;11;11;7;9;11;16;11;10;15;12;12;10;11;12;11;16;11;12;9;11;10;12;10;10;7;13;7;5;7;6;9;10;14;12;10;11;8;8;10;8;7;7;7;3;2;4;7;3;11;9;5;11;5;3;2;6;3;5;1;5;4;4;1;0;4;0;3;1;1;1;1;1;2;0;1;0;0;3;2;1;1;3;3;0;0;1;0;1;0;0;0;0;0;0;1;0;0;0
280680005000017;1;532;523;159;92;131;98;7;4;5;0;25;0;8;0;2;0;1;0;0;0;0;9;0;0;2;0;2;0;0;0;2;1;1;1;9;8;15;13;4;10;9;8;9;12;15;14;16;14;17;9;13;13;10;5;9;9;13;10;10;8;12;9;9;6;7;16;7;9;7;4;5;7;3;7;3;6;3;6;7;7;7;4;2;3;3;3;4;2;5;4;6;6;3;3;2;6;3;3;5;2;3;2;0;0;2;1;0;1;1;2;0;3;0;1;2;0;1;1;1;1;1;1;1;0;0;0;0;0;0;0;0;0;0;0
280680005000018;1;772;772;246;168;214;84;3;10;3;0;28;0;2;0;12;1;1;0;0;0;0;9;1;1;1;1;1;0;0;1;0;2;1;0;11;10;13;12;5;10;10;15;15;11;20;17;19;11;21;21;13;20;16;10;15;14;8;11;15;10;4;10;6;15;14;11;23;12;13;13;20;16;13;12;13;11;12;11;7;10;11;7;4;10;4;4;3;4;9;4;10;7;6;4;2;9;4;1;4;6;8;4;3;3;1;6;0;5;4;0;0;0;1;1;1;3;2;3;2;2;0;0;0;0;0;0;0;0;2;0;0;0;0;0
280680005000019;1;358;358;112;85;102;29;3;8;5;2;6;0;5;1;0;0;0;0;0;0;0;5;0;1;0;0;0;0;1;0;0;3;0;0;7;5;4;7;2;9;6;4;6;4;3;5;8;4;4;8;10;5;6;6;4;10;7;6;6;5;8;4;8;9;6;4;6;9;4;5;9;6;7;6;4;5;9;8;5;8;3;1;4;7;4;0;0;3;2;5;6;1;2;1;1;3;3;2;0;0;1;1;2;1;1;2;2;2;3;0;1;3;1;0;0;0;1;1;0;0;1;0;0;0;0;0;0;0;1;0;0;0;0;0
280680005000020;2;150;150;46;33;45;11;3;2;1;1;6;0;2;0;0;0;0;0;0;0;0;4;0;0;0;1;0;0;1;0;0;0;1;1;1;3;5;0;3;2;2;3;5;1;2;2;5;5;7;2;2;4;2;3;1;4;1;2;3;1;2;1;4;0;2;2;5;3;3;4;0;6;2;1;3;2;1;1;0;0;1;1;0;1;0;1;0;0;1;5;2;2;3;1;2;1;1;1;2;1;0;1;0;0;1;0;0;2;0;0;0;0;0;0;0;1;0;0;0;0;0;0;1;0;0;1;0;0;0;0;0;0;0;0
280680005000021;1;302;302;87;75;96;15;10;1;3;1;7;0;3;0;3;1;0;0;0;0;0;8;0;0;0;1;0;1;0;0;3;1;2;0;9;6;9;10;9;10;6;6;3;6;10;7;6;5;5;6;2;8;7;8;6;10;8;6;6;7;6;14;7;4;6;2;7;4;3;2;3;6;5;3;2;2;4;2;0;3;3;3;3;1;2;0;2;2;0;0;0;1;2;2;0;1;0;0;0;0;0;2;1;0;1;0;0;0;0;0;0;0;0;1;0;0;0;1;0;0;0;0;0;0;0;0;0;0;0;0;0;0;0;0
280680005000022;8;389;389;121;89;127;32;5;2;0;2;10;0;0;0;1;0;0;0;0;0;0;2;0;1;0;0;0;0;0;0;0;0;0;1;6;2;8;4;8;6;6;8;10;7;5;6;5;13;10;6;8;3;8;2;7;4;4;4;4;5;7;7;4;6;8;8;6;3;13;15;2;8;3;4;4;1;3;3;7;3;7;5;1;4;5;4;4;7;2;5;4;4;6;9;2;2;3;3;1;6;1;2;2;2;1;0;0;3;1;2;3;2;0;3;2;0;0;1;0;0;0;0;0;1;0;1;1;0;0;0;0;1;0;0
280690905000001;1;768;766;244;152;217;63;9;13;3;2;47;0;3;0;12;0;2;0;1;0;0;8;0;0;0;0;1;0;0;2;2;0;0;3;10;10;10;15;8;10;16;9;11;11;14;15;13;5;16;15;16;11;9;17;13;20;10;9;12;14;16;15;11;16;12;12;17;15;11;8;16;11;13;15;7;8;15;12;7;8;7;12;14;9;6;6;6;6;5;10;10;11;3;6;2;7;9;4;3;3;6;7;4;4;1;1;3;1;0;1;4;3;5;1;2;4;2;0;2;1;0;0;1;0;0;0;1;0;0;1;0;1;0;1
280690905000002;1;782;777;253;160;207;86;10;8;10;3;25;2;3;2;11;1;0;0;0;0;1;13;1;1;1;1;2;1;1;1;2;0;1;1;13;12;11;11;7;9;17;10;23;26;21;17;19;15;18;15;15;10;10;9;11;17;13;15;10;8;7;18;12;16;11;16;20;12;14;15;10;7;8;11;7;21;14;9;11;16;10;10;5;9;5;2;4;7;2;8;5;2;3;3;6;3;6;6;1;7;3;1;1;3;3;4;1;8;0;0;3;1;1;3;2;2;3;3;1;2;1;0;0;0;0;0;0;0;1;0;0;0;0;1
280690905000003;8;405;405;110;72;121;46;14;4;1;1;21;0;2;0;8;1;4;0;0;0;0;7;0;2;1;1;0;0;0;1;0;0;1;1;11;2;10;8;10;8;11;7;7;7;14;13;11;6;4;10;8;8;8;11;12;6;11;8;9;6;8;4;5;12;4;3;8;4;3;6;6;3;5;7;3;3;1;3;10;2;4;1;4;6;2;2;5;1;2;3;4;4;4;2;2;1;0;1;5;3;2;1;0;2;2;3;1;2;0;0;0;0;0;1;1;0;1;0;0;0;0;0;0;0;0;0;0;0;0;0;0;0;0;0
280690905000004;8;609;604;172;121;188;60;11;6;5;2;33;0;6;0;5;0;0;0;0;0;0;9;1;0;1;1;1;0;0;1;1;1;1;1;9;6;10;6;16;7;13;18;19;15;10;20;10;9;12;13;14;12;6;9;12;10;15;11;6;6;8;8;10;16;9;6;4;9;11;8;12;12;1;4;9;7;5;5;7;9;9;7;10;3;2;11;3;3;7;8;7;10;6;4;4;1;4;4;2;1;0;4;5;4;1;5;2;3;2;1;4;1;0;2;0;0;2;1;2;0;0;0;1;0;0;0;0;0;0;0;0;0;0;0
280690905000005;1;829;829;245;171;235;90;23;5;1;1;34;0;6;0;9;9;0;0;0;0;0;19;2;0;2;2;3;2;2;0;3;1;0;2;12;14;19;16;14;18;12;14;27;20;21;26;17;17;20;12;13;9;10;11;21;18;13;17;16;12;12;10;19;12;12;16;17;14;9;7;13;15;8;11;5;8;7;10;7;11;8;11;6;4;11;7;8;9;6;13;5;2;2;7;4;6;6;4;3;5;3;3;4;2;3;5;2;4;2;0;0;3;2;0;0;1;3;2;0;0;0;0;0;0;0;1;0;0;0;0;0;0;0;1
280700605000001;1;944;942;282;193;267;140;6;5;2;2;33;1;7;0;3;1;2;0;0;0;0;13;1;1;1;0;3;1;2;1;0;0;2;1;10;8;13;13;12;17;16;17;20;15;25;27;27;15;22;37;24;17;14;25;17;17;24;14;10;15;12;13;17;13;11;9;12;18;13;13;15;13;13;16;12;13;11;16;11;10;9;11;5;13;9;6;9;5;8;5;6;7;7;4;2;4;4;5;1;4;3;7;6;5;3;2;8;1;5;4;1;9;3;1;3;2;2;1;4;1;0;0;0;1;0;1;0;1;0;0;1;0;0;0
280700605000002;1;803;785;237;145;215;109;17;5;9;2;32;0;18;0;12;0;2;0;0;0;0;12;0;1;1;2;1;0;0;1;0;1;2;3;11;7;16;7;13;13;19;17;22;14;12;20;23;22;18;16;15;13;12;13;18;15;17;18;8;18;5;10;11;9;14;15;10;17;11;10;15;11;9;10;12;6;11;9;8;6;9;15;6;9;3;8;7;7;3;4;6;7;1;5;7;9;5;4;5;4;3;6;3;8;2;3;2;2;2;2;5;1;1;2;0;1;2;2;3;3;0;1;0;1;2;0;0;1;2;0;1;0;0;0
280700605000003;8;338;338;97;75;134;20;0;1;4;1;3;0;0;0;3;0;0;0;0;0;0;6;2;0;1;0;2;0;0;0;0;0;1;0;8;3;4;8;3;8;6;9;6;8;6;0;7;5;14;6;8;5;7;5;3;6;4;9;1;8;11;7;4;5;4;6;5;8;7;4;6;8;2;2;3;3;2;5;1;4;3;3;2;6;1;2;1;3;2;2;5;4;5;5;2;5;1;3;1;0;1;3;2;3;2;0;2;1;1;0;0;0;0;1;0;1;1;0;2;0;0;0;0;0;0;0;0;1;0;0;0;0;1;0
280700605000004;8;464;461;125;86;159;50;5;4;3;0;16;1;7;1;6;0;1;0;0;0;0;9;1;1;1;1;1;1;1;0;0;1;1;0;8;8;4;7;6;11;12;12;5;12;10;7;12;9;16;8;10;11;10;7;11;7;6;9;9;5;4;11;8;11;12;10;5;5;9;5;2;4;5;4;5;3;7;4;4;6;4;3;4;6;2;3;6;3;5;3;2;5;2;4;6;1;4;3;1;4;0;2;1;3;2;0;2;5;0;0;1;2;3;1;0;1;1;1;2;1;0;0;0;0;0;0;0;0;0;0;0;0;0;0
280700605000005;8;496;496;127;93;173;57;4;4;0;0;29;1;4;0;3;0;1;0;0;0;0;6;0;0;1;0;0;0;1;1;1;1;1;0;4;12;4;8;8;3;11;10;12;10;14;12;15;17;14;11;12;13;13;11;12;11;4;13;6;6;11;8;7;6;9;8;8;4;7;2;6;4;6;7;10;6;1;10;7;5;6;3;3;3;3;8;0;4;4;3;2;6;3;4;2;4;1;5;2;3;2;1;2;2;2;1;1;3;1;0;1;0;1;0;1;2;0;0;1;2;0;0;0;0;0;0;0;0;0;0;0;0;0;0
280700605000006;8;89;"X";"X";"X";"X";"X";"X";"X";"X";"X";"X";"X";"X";"X";"X";"X";"X";"X";"X";"X";"X";"X";"X";"X";"X";"X";"X";"X";"X";"X";"X";"X";"X";"X";"X";"X";"X";"X";"X";"X";"X";"X";"X";"X";"X";"X";"X";"X";"X";"X";"X";"X";"X";"X";"X";"X";"X";"X";"X";"X";"X";"X";"X";"X";"X";"X";"X";"X";"X";"X";"X";"X";"X";"X";"X";"X";"X";"X";"X";"X";"X";"X";"X";"X";"X";"X";"X";"X";"X";"X";"X";"X";"X";"X";"X";"X";"X";"X";"X";"X";"X";"X";"X";"X";"X";"X";"X";"X";"X";"X";"X";"X";"X";"X";"X";"X";"X";"X";"X";"X";"X";"X";"X";"X";"X";"X";"X";"X";"X";"X";"X";"X";"X";"X"
280700605000007;7;247;242;64;45;100;18;3;3;1;0;6;0;3;0;3;0;0;0;1;0;0;6;0;0;0;0;1;2;0;1;0;0;0;2;1;2;3;3;1;5;3;5;4;4;2;7;6;4;9;8;5;8;11;8;6;5;3;4;5;3;5;4;4;3;4;0;3;2;4;2;1;2;4;3;5;1;4;1;5;3;2;1;3;4;4;3;1;2;4;3;2;5;3;1;2;1;1;2;2;2;3;0;0;0;0;1;0;0;0;0;0;0;1;0;1;0;1;1;0;0;0;0;0;0;0;0;0;0;0;0;0;0;0;0
280700605000008;8;92;92;28;19;23;12;0;2;0;0;2;0;3;0;2;0;1;0;0;0;0;1;0;0;0;0;0;1;0;0;0;0;0;0;0;2;1;0;0;1;5;2;1;0;1;0;0;2;3;3;2;3;3;5;2;0;0;1;5;1;0;2;3;1;2;3;1;3;4;1;1;1;2;2;0;0;1;1;0;1;2;0;0;1;0;1;0;2;0;1;0;0;1;1;0;1;1;0;1;2;1;0;0;1;0;1;0;0;0;0;0;1;0;0;0;1;0;0;0;0;0;0;0;0;0;0;0;0;0;0;0;0;0;0
280700605000009;5;18;"X";"X";"X";"X";"X";"X";"X";"X";"X";"X";"X";"X";"X";"X";"X";"X";"X";"X";"X";"X";"X";"X";"X";"X";"X";"X";"X";"X";"X";"X";"X";"X";"X";"X";"X";"X";"X";"X";"X";"X";"X";"X";"X";"X";"X";"X";"X";"X";"X";"X";"X";"X";"X";"X";"X";"X";"X";"X";"X";"X";"X";"X";"X";"X";"X";"X";"X";"X";"X";"X";"X";"X";"X";"X";"X";"X";"X";"X";"X";"X";"X";"X";"X";"X";"X";"X";"X";"X";"X";"X";"X";"X";"X";"X";"X";"X";"X";"X";"X";"X";"X";"X";"X";"X";"X";"X";"X";"X";"X";"X";"X";"X";"X";"X";"X";"X";"X";"X";"X";"X";"X";"X";"X";"X";"X";"X";"X";"X";"X";"X";"X";"X";"X"
280700605000010;5;207;201;70;39;53;26;1;1;1;0;7;0;6;0;3;0;0;0;0;0;0;4;1;0;1;0;0;0;0;2;0;0;0;0;9;1;4;3;1;4;6;4;5;7;5;3;3;4;4;3;3;2;2;3;3;2;2;4;1;2;4;4;5;6;1;4;3;2;4;1;4;6;2;2;2;3;3;1;1;4;1;0;1;5;0;0;2;3;1;0;1;0;2;4;2;2;4;2;0;4;2;2;1;1;1;0;3;2;0;1;1;0;0;0;1;0;1;0;0;1;0;0;0;0;0;0;0;0;0;0;0;0;0;0
280710505000001;1;615;609;215;97;106;95;3;9;2;1;32;0;12;0;15;9;2;0;12;1;4;5;1;1;0;1;0;0;0;0;1;1;0;0;4;5;8;8;7;7;8;9;8;6;7;5;11;14;7;9;8;7;10;18;4;12;14;10;11;14;6;11;15;4;9;10;6;8;17;4;10;10;8;13;9;4;10;10;7;10;8;6;6;3;9;7;6;1;4;10;5;1;3;7;4;6;3;4;11;5;3;2;7;4;10;4;4;3;2;3;2;3;4;2;3;3;4;4;4;2;2;4;1;2;2;0;2;1;0;0;1;1;0;0
280710505000002;1;795;794;264;145;179;100;8;9;6;1;41;2;13;1;16;6;2;0;1;0;1;6;0;2;1;0;0;0;1;1;0;0;1;0;6;5;9;8;12;12;5;6;14;18;18;9;9;11;11;13;15;20;6;15;12;10;15;18;15;5;11;14;10;16;11;8;9;11;11;14;13;6;12;20;15;12;10;16;17;14;12;9;14;17;11;3;13;6;4;10;7;6;5;8;8;7;5;5;7;9;5;0;5;6;4;1;6;6;3;7;6;4;6;0;2;0;3;3;2;3;1;0;1;0;0;0;0;1;0;0;0;0;0;1
280710505000003;1;767;762;234;126;160;63;1;4;69;2;15;0;53;1;17;8;2;0;8;0;4;4;1;0;0;0;0;1;0;1;0;1;0;0;7;8;6;9;4;6;7;13;12;13;14;18;17;14;19;10;10;5;15;18;21;24;12;13;18;10;18;5;14;10;13;5;15;9;13;13;17;6;10;12;11;10;14;12;9;14;8;8;9;11;7;8;7;6;9;10;12;7;16;5;5;7;9;6;4;3;5;1;5;3;3;4;2;2;2;0;2;5;3;2;3;2;1;1;2;4;0;0;0;1;0;0;0;0;0;0;0;0;0;0
280710505000004;1;438;437;126;79;122;47;1;8;2;0;31;2;2;0;12;4;2;0;0;0;0;3;1;0;0;1;0;1;0;0;0;0;0;0;5;8;6;6;6;6;9;5;2;8;3;7;11;6;4;7;9;11;14;12;9;5;11;13;2;9;6;7;12;7;7;6;7;12;4;7;7;7;4;6;4;3;6;9;5;6;8;3;8;3;5;5;6;6;4;2;4;4;4;5;2;5;2;7;2;1;2;3;1;2;0;2;2;1;1;0;0;2;1;1;0;0;0;0;1;1;1;0;1;0;0;1;0;0;0;0;0;0;0;0
280710505000005;1;825;825;264;162;182;126;27;6;2;1;27;1;16;1;9;0;0;1;0;0;0;12;1;0;0;1;1;1;1;1;3;1;1;1;11;15;20;18;13;12;20;16;22;19;19;20;12;20;18;23;18;11;6;14;17;11;16;22;17;18;17;23;18;19;15;14;18;22;23;17;15;9;12;13;8;12;11;7;7;8;1;7;6;5;6;2;1;2;5;3;4;3;2;5;2;3;2;1;2;2;4;4;0;0;1;2;2;2;1;2;6;3;1;1;1;0;1;0;0;0;2;0;0;0;0;0;0;0;0;0;0;0;0;0
280710505000006;1;865;865;247;160;253;104;24;4;5;1;35;0;12;0;15;4;1;0;0;0;0;12;2;1;0;1;3;0;3;0;0;1;1;0;16;23;11;19;16;26;20;17;25;33;18;17;19;23;13;24;13;17;14;14;20;18;14;11;15;11;16;17;18;15;16;6;18;17;11;10;8;11;5;8;12;10;16;8;8;10;16;12;5;9;6;7;6;5;5;5;4;3;2;5;1;4;4;4;6;5;1;3;5;2;3;3;1;2;3;1;1;2;0;0;1;1;1;0;1;0;0;0;1;0;0;0;0;0;0;0;0;0;0;0
280710505000007;1;712;712;212;127;165;111;11;7;3;0;52;0;9;1;6;3;5;0;0;0;0;11;1;2;2;1;1;0;0;0;1;0;2;1;11;10;15;11;11;16;8;17;11;12;10;12;14;12;17;23;13;9;12;14;13;17;10;17;21;12;15;17;12;8;11;10;16;7;10;11;10;9;10;7;8;9;6;5;10;9;9;9;8;5;4;11;4;9;5;4;2;1;2;2;5;4;6;4;5;1;3;6;4;6;2;1;3;4;0;0;1;3;2;2;4;2;0;0;1;0;0;2;0;3;0;1;2;0;0;0;1;0;0;0
280710505000008;1;1093;1093;336;182;232;190;16;15;9;1;67;0;13;0;25;3;3;0;1;0;0;15;4;2;0;0;1;3;1;0;2;1;0;1;14;15;12;21;16;16;16;13;17;18;18;22;16;18;22;28;15;23;25;20;28;24;23;23;15;20;22;24;20;14;13;17;14;12;16;22;11;20;21;13;14;12;29;11;20;16;17;16;12;12;9;8;10;1;6;11;6;2;5;2;3;7;10;6;6;6;7;4;7;7;5;7;2;4;2;6;2;4;2;5;2;1;3;4;0;2;2;1;0;1;0;0;1;2;0;0;1;0;0;0
280710505000009;1;600;600;179;116;150;84;5;9;10;0;19;2;8;1;16;1;0;0;0;0;0;7;0;0;1;0;0;1;2;0;1;0;1;1;8;9;11;9;13;10;11;14;14;10;13;14;11;13;13;11;17;14;8;11;11;15;18;16;7;7;6;14;8;9;8;5;4;8;16;8;12;10;16;9;6;8;9;3;8;8;8;7;4;5;4;5;1;1;4;3;2;5;2;4;4;1;4;1;3;5;2;3;3;2;1;4;1;0;2;0;1;1;4;0;1;4;2;1;0;1;1;1;1;0;0;1;0;0;0;0;0;0;0;0
280710505000010;1;911;911;282;168;198;143;6;8;9;0;54;4;15;0;16;4;4;0;0;0;0;10;0;1;0;0;1;0;2;3;2;0;1;0;12;12;13;8;13;21;13;12;18;23;10;8;15;23;23;17;18;14;13;12;11;17;32;19;20;16;19;18;14;19;8;16;13;24;18;12;13;15;9;14;13;18;7;9;9;7;11;9;10;13;6;4;11;6;9;3;4;9;9;6;7;5;4;9;3;7;6;4;3;6;4;4;3;4;5;2;2;4;6;2;1;1;3;2;0;0;1;2;0;0;0;1;1;0;0;0;0;0;1;0
280710505000011;1;882;881;289;151;136;172;4;12;11;4;52;1;19;1;22;0;8;0;0;0;0;8;0;1;1;0;1;0;0;0;1;4;0;0;5;9;9;11;7;12;10;14;18;10;17;13;14;18;14;19;13;27;17;23;8;9;13;12;17;12;16;13;13;15;16;17;12;22;7;8;19;8;15;15;11;16;10;13;12;16;16;16;15;10;6;7;9;5;7;4;7;8;6;11;2;5;4;7;7;5;6;4;4;8;6;6;5;1;4;5;5;7;4;3;1;4;2;2;2;3;2;1;1;0;2;0;0;1;0;1;1;1;0;0
280710505000012;1;666;666;204;104;136;126;3;4;5;1;46;6;17;0;8;5;0;0;1;0;0;15;1;1;0;0;1;3;2;2;2;0;3;0;13;12;22;9;7;15;14;11;12;20;12;12;14;11;15;11;13;17;18;17;15;15;17;9;16;15;11;10;11;12;11;9;8;5;6;11;12;7;9;4;8;9;7;10;12;7;6;6;3;6;5;4;2;6;3;0;4;2;4;3;7;3;6;4;3;3;3;4;0;2;4;3;2;2;1;1;1;2;0;0;1;0;0;0;1;1;0;0;0;2;0;0;0;0;0;0;0;0;0;0
280710505000013;1;682;678;196;126;150;137;15;5;3;2;29;0;4;0;9;2;3;0;1;0;0;7;1;0;0;1;1;1;0;0;0;2;0;1;15;16;18;16;12;17;15;17;17;20;22;14;20;13;16;15;16;16;19;6;21;12;10;16;16;8;13;11;10;10;7;17;8;3;9;12;9;13;7;8;4;9;9;7;12;8;3;5;6;2;5;7;4;4;4;4;0;1;4;5;3;2;3;1;1;1;1;1;2;3;1;3;2;0;0;1;1;2;0;0;0;1;0;0;0;0;0;0;1;0;0;0;0;0;1;0;1;0;0;0
280710505000014;1;459;459;149;81;68;85;19;7;1;0;33;0;1;0;0;3;5;7;0;0;0;5;0;1;1;0;1;0;0;1;1;0;0;0;10;7;10;9;9;11;6;10;9;11;11;11;9;7;9;9;15;14;6;10;8;7;5;8;6;12;6;9;8;9;5;6;8;5;12;2;8;5;6;9;5;8;7;4;3;5;5;4;3;4;3;2;4;3;1;2;1;3;5;3;1;5;4;7;2;2;2;3;4;1;0;2;0;1;0;0;1;0;0;3;0;1;0;0;2;0;0;0;0;1;0;0;0;0;0;0;0;0;0;0
280710505000015;1;939;934;270;156;214;149;20;18;4;2;67;1;16;0;14;3;3;0;1;1;0;14;1;0;2;1;3;1;0;2;2;1;0;1;15;19;7;15;19;21;21;16;16;26;25;17;28;28;12;25;14;19;20;18;19;23;19;21;17;12;14;11;16;13;10;13;13;8;11;19;16;17;14;21;11;9;12;10;15;10;11;7;8;10;6;13;6;4;3;6;4;5;4;6;3;5;4;6;1;3;5;3;2;2;2;5;1;1;4;3;1;1;1;6;2;1;1;2;1;0;1;3;0;2;0;1;2;1;0;0;0;1;0;0
280710505000016;1;508;508;158;90;117;60;1;8;6;0;35;1;9;0;14;2;2;0;5;0;0;10;1;1;1;0;1;1;1;0;2;1;0;1;3;14;6;7;6;5;7;7;10;10;8;3;3;9;10;13;12;11;10;2;5;7;8;11;7;13;12;10;15;9;4;6;12;10;5;9;3;7;7;7;4;4;5;3;12;4;6;4;6;7;3;1;7;4;4;3;4;4;5;6;6;4;2;3;2;3;5;1;6;5;3;5;3;1;5;3;2;2;0;3;0;0;1;2;4;2;2;0;1;2;1;0;0;0;0;0;0;0;0;0
280710505000017;1;722;722;195;126;205;83;7;13;2;1;71;2;4;0;3;6;4;0;0;0;0;10;0;2;1;2;0;0;1;2;0;0;1;1;10;13;9;12;10;15;15;14;21;13;9;17;9;12;15;14;15;15;12;14;16;22;19;18;11;11;9;21;14;13;13;10;10;11;6;6;13;8;13;10;12;8;7;5;7;8;8;7;8;7;5;8;7;9;7;7;2;5;5;6;6;3;2;2;3;0;3;1;2;4;2;2;3;4;1;2;0;2;2;3;0;2;1;2;0;0;1;0;1;1;0;0;0;1;0;0;0;0;0;0
280710505000018;1;864;861;258;167;229;92;19;6;7;4;48;0;10;0;22;0;0;0;2;0;0;8;0;0;2;0;2;0;0;0;3;0;0;1;10;17;10;7;13;15;13;15;11;6;26;13;15;19;15;19;14;16;18;19;14;14;19;19;12;6;15;17;18;14;14;10;11;15;13;10;16;17;11;15;22;16;12;11;13;11;13;10;9;14;10;10;6;8;6;6;5;6;8;5;4;5;4;7;5;4;4;3;5;2;1;2;3;4;2;2;4;4;2;5;2;0;1;1;1;0;3;1;0;0;0;1;0;0;0;1;1;0;0;0
280710505000019;1;1075;1068;312;209;267;148;13;15;4;4;43;0;19;0;14;18;2;0;0;0;5;16;2;3;2;0;1;1;2;1;2;0;2;0;15;14;22;22;20;7;15;17;17;22;17;20;22;19;26;24;21;18;21;20;24;23;20;17;28;16;19;17;23;19;19;14;14;14;18;17;17;20;12;22;14;19;16;18;18;11;13;7;14;8;11;11;5;11;3;10;8;7;7;8;5;3;11;3;2;10;3;4;4;2;2;5;3;4;4;3;0;5;3;1;3;1;1;1;0;2;0;1;1;0;0;1;0;0;0;0;0;0;0;0
280710505000020;1;755;755;252;141;169;94;2;7;6;1;44;1;10;1;16;0;11;0;0;0;0;3;0;1;0;0;0;0;1;0;0;0;1;0;7;11;10;14;8;6;8;10;12;10;11;8;13;12;7;10;8;13;10;15;12;22;21;12;21;13;17;20;11;12;13;10;7;9;13;10;7;12;11;16;6;12;3;10;9;13;8;7;8;7;8;10;9;6;11;5;5;7;9;4;5;4;7;6;11;6;7;7;5;3;3;6;5;2;7;3;5;1;2;3;4;1;5;2;1;1;1;4;0;2;1;1;0;0;0;0;1;0;0;1
280710505000021;1;1064;1044;327;204;273;137;12;13;12;3;44;2;11;0;12;4;8;0;2;0;0;17;1;2;2;2;2;1;1;1;0;3;1;1;17;9;22;10;19;12;13;21;15;23;22;15;24;24;24;26;16;24;24;23;19;20;28;20;17;19;19;13;15;13;26;18;13;17;16;10;18;15;13;22;15;10;14;16;9;17;24;12;11;11;12;7;8;6;11;8;5;5;6;9;9;6;5;6;5;4;10;1;2;3;6;4;4;4;2;5;1;1;2;2;2;2;2;1;0;2;1;2;0;1;0;0;0;0;2;0;0;0;0;0
280710505000022;1;759;754;229;140;199;84;14;16;8;2;40;1;9;2;10;3;0;0;2;0;0;9;0;2;2;0;0;0;2;0;1;0;1;1;6;8;7;16;13;12;9;10;17;13;9;14;11;13;14;14;13;14;12;9;17;24;14;16;10;16;15;12;19;21;15;13;11;14;11;10;5;5;10;6;16;12;9;7;13;14;5;6;9;12;5;13;9;8;4;10;7;11;3;4;4;7;5;3;4;7;3;1;2;3;5;4;0;2;3;2;1;1;0;2;1;3;3;1;2;1;0;0;0;1;1;0;0;2;0;0;0;0;1;0
280710505000023;8;101;101;23;15;33;17;4;0;0;0;4;0;2;0;3;0;0;0;0;0;0;3;0;1;0;0;0;0;1;0;1;0;0;0;2;5;2;5;2;1;1;3;1;3;3;4;3;2;1;3;2;3;1;3;2;1;1;1;1;2;1;2;1;1;1;1;3;2;2;0;3;1;0;1;0;1;4;0;4;1;1;0;0;0;0;1;1;0;1;0;2;0;0;0;0;0;0;1;1;1;0;0;0;0;0;0;0;1;0;0;0;0;0;0;0;0;0;0;0;0;0;0;0;0;0;0;0;1;0;0;0;0;0;0
280710505000024;8;769;769;224;158;208;83;18;14;7;1;40;0;8;0;1;2;0;5;0;0;0;9;0;1;0;2;0;0;0;2;2;0;0;2;14;7;4;16;8;14;14;20;11;13;15;11;15;9;18;14;15;12;12;14;11;14;11;6;10;9;15;11;15;13;15;14;14;16;13;12;9;5;14;19;9;11;10;14;8;9;4;4;7;0;3;2;5;8;5;10;3;11;8;7;5;9;11;3;7;6;7;5;4;2;6;4;4;2;7;2;3;5;5;4;2;4;1;0;1;1;2;3;2;0;1;0;0;1;0;0;0;0;0;1
280710505000025;8;437;437;140;104;129;25;4;8;4;0;17;3;1;0;0;1;1;0;0;0;0;4;1;1;1;1;0;0;0;0;0;0;0;0;5;5;7;2;3;9;7;4;6;5;13;5;8;13;2;6;6;9;6;6;9;14;9;6;5;9;4;8;5;13;8;6;2;7;6;7;7;6;7;6;4;9;3;2;8;6;9;5;5;7;2;5;3;4;3;2;4;3;3;7;3;2;1;4;3;2;2;6;2;4;2;3;2;2;4;2;1;4;0;2;2;3;1;1;1;2;0;1;0;1;2;1;0;1;0;0;0;0;0;1
280710505000026;8;140;140;41;27;41;7;7;2;1;0;11;0;0;0;2;1;0;0;0;0;0;4;0;2;1;1;0;0;0;0;0;0;0;0;2;2;3;2;2;2;1;1;3;2;1;4;4;3;1;10;1;4;4;1;8;2;2;6;2;2;2;0;2;2;1;3;1;3;3;1;0;0;2;0;1;0;4;0;4;1;1;0;0;3;1;0;1;1;2;3;0;3;1;2;0;0;2;1;0;3;0;0;0;0;1;1;0;0;0;0;0;1;2;0;1;0;0;0;0;1;0;0;0;0;0;0;0;0;0;0;0;0;0;0
280710505000027;7;295;295;83;66;110;12;0;4;2;2;8;0;2;0;6;0;0;0;0;0;0;5;0;1;0;0;0;0;1;0;1;1;0;1;2;3;1;4;3;6;4;7;10;5;4;6;6;6;6;2;12;8;5;9;6;5;8;4;4;5;6;7;3;6;2;3;3;3;2;7;2;5;2;5;4;2;4;2;5;9;2;3;4;6;2;2;4;5;3;2;3;3;3;5;0;2;2;0;2;1;0;2;1;0;0;2;0;1;0;0;1;0;3;0;1;0;1;0;0;0;0;1;0;0;0;0;0;0;0;0;0;0;0;0
280710505000028;8;841;839;249;171;235;109;7;13;4;2;38;1;2;0;6;3;1;0;0;0;0;12;0;2;0;1;1;1;1;2;0;2;0;2;14;10;13;12;14;16;14;13;16;15;17;21;17;16;24;17;12;16;20;14;12;16;15;14;15;17;16;10;12;10;15;13;14;9;10;12;14;9;3;13;8;12;10;8;9;11;6;8;9;10;10;7;3;6;10;7;10;3;8;3;3;6;3;5;15;5;3;4;4;6;5;5;1;4;3;4;3;3;4;3;1;2;3;2;3;3;0;1;1;1;0;0;0;2;0;1;0;1;1;0
280710505000029;8;863;855;209;151;323;80;15;10;7;1;46;7;9;0;3;2;0;0;0;0;0;16;3;3;1;1;0;0;0;3;1;1;1;2;15;16;19;24;15;13;16;32;21;19;24;24;24;23;22;22;20;17;16;14;14;16;17;10;14;18;16;10;17;12;9;13;12;11;6;15;7;6;13;10;8;12;11;7;9;7;9;8;7;5;6;5;1;8;7;3;8;2;5;5;4;4;7;4;3;1;1;1;0;5;2;5;6;3;1;1;1;4;2;3;3;0;0;2;2;0;2;1;0;1;1;0;1;0;1;0;0;0;0;0
280710505000030;8;538;538;171;110;153;54;7;6;4;1;19;0;7;0;3;0;2;0;1;0;0;1;1;0;0;0;0;0;0;0;0;0;0;0;9;10;6;7;9;8;10;13;10;14;8;14;14;13;6;11;8;10;9;9;11;10;9;7;4;10;7;6;9;7;15;8;6;6;5;14;11;6;3;6;6;6;8;5;6;4;3;8;7;4;6;6;5;1;5;5;4;5;7;4;5;6;3;4;4;2;5;4;5;2;3;1;1;2;2;1;2;2;0;2;2;3;1;2;3;1;1;1;2;1;0;0;1;0;0;0;0;0;0;0
280710505000031;8;229;229;69;45;57;34;8;1;1;0;12;1;0;0;1;0;0;0;0;0;0;3;1;0;0;0;0;0;0;0;2;0;0;0;3;3;5;3;5;4;1;4;6;7;6;9;3;4;7;5;4;5;6;3;3;6;4;6;6;1;1;6;1;2;0;2;3;4;4;2;5;2;6;3;2;2;2;1;3;1;2;7;1;1;2;0;5;2;0;5;1;3;1;1;0;2;1;2;3;1;2;2;0;1;0;1;2;1;1;1;0;0;0;1;1;0;1;0;0;0;0;0;0;0;0;0;0;1;0;0;0;0;0;0
280710505000032;8;227;227;69;46;56;31;11;0;1;0;9;0;1;1;2;0;0;0;0;0;0;4;0;0;0;1;1;0;0;0;1;0;1;0;5;7;3;4;2;3;5;2;5;8;2;3;5;3;7;7;3;5;5;4;5;5;7;5;6;6;4;4;3;3;0;0;5;3;1;2;4;2;2;1;2;4;4;0;2;1;2;2;1;4;1;2;3;5;0;1;1;3;2;1;1;1;2;2;3;0;2;2;1;0;2;1;0;2;3;0;0;0;1;0;0;1;1;1;0;0;0;0;0;0;0;0;0;0;0;0;0;0;0;0
280710505000033;8;383;383;104;74;106;48;0;5;3;0;30;0;2;2;3;6;0;0;0;0;0;3;0;0;0;1;0;0;0;0;0;0;0;2;6;2;3;5;9;5;11;10;7;11;11;8;6;14;11;9;4;6;9;9;9;4;7;5;11;7;5;5;7;7;3;3;2;6;5;4;1;4;5;5;3;6;1;2;2;3;4;3;2;1;3;2;4;4;3;1;1;1;10;4;4;3;2;4;3;7;3;3;0;2;4;2;2;6;1;2;1;1;2;0;1;1;0;2;0;0;0;1;0;0;0;0;0;1;0;0;0;0;1;0
280710505000034;8;231;225;62;43;66;32;3;1;0;1;21;0;2;0;0;0;0;0;0;0;0;2;0;0;0;0;0;0;1;1;0;0;0;0;4;2;1;7;6;2;1;4;4;3;7;3;7;6;7;4;7;4;4;2;4;5;3;4;2;2;2;4;2;10;4;2;2;2;6;1;3;4;4;2;1;2;2;2;4;4;3;0;3;6;4;2;3;0;1;1;2;1;3;1;1;1;1;2;1;1;0;0;3;3;0;3;0;0;2;2;0;2;2;1;0;3;0;1;1;1;0;0;0;0;0;0;0;0;0;0;0;0;0;0
280710505000035;8;452;452;123;96;174;19;2;1;3;1;22;1;3;0;2;1;3;0;1;0;0;12;0;0;1;0;0;1;1;4;1;0;3;1;3;6;7;10;11;13;7;5;10;7;15;13;10;7;10;14;3;9;10;10;5;12;11;4;11;5;6;8;6;9;8;7;7;5;5;13;6;5;3;3;2;7;6;9;2;5;2;5;3;3;2;4;3;1;3;5;3;1;4;1;5;5;5;2;5;2;3;2;2;3;1;0;1;2;3;0;1;1;1;1;0;0;0;1;0;0;2;0;1;0;0;0;0;0;0;0;0;0;1;0
280710505000036;8;413;408;121;73;137;44;7;0;8;0;16;0;1;1;5;0;0;0;0;0;0;5;0;1;1;1;0;1;0;0;0;0;1;0;5;8;4;3;6;13;13;5;12;13;7;9;7;6;13;9;11;12;6;9;6;8;5;5;5;6;3;10;4;9;6;10;9;3;8;8;4;4;1;7;3;4;4;5;3;5;7;4;5;2;4;3;2;4;5;8;1;5;3;3;1;3;2;2;2;1;2;0;2;2;3;2;2;0;0;0;1;1;1;1;0;0;1;2;1;1;0;1;0;0;0;1;0;1;0;0;0;0;0;0
280710505000037;8;898;893;250;174;283;81;8;7;19;4;32;0;26;2;12;0;0;0;0;0;0;7;0;2;0;0;0;0;0;1;2;0;1;1;15;12;15;11;16;13;20;16;18;16;28;26;19;21;20;29;10;15;24;23;26;21;20;18;14;15;15;10;8;15;9;16;8;8;13;13;15;6;6;12;10;7;13;12;10;8;7;5;11;6;2;9;7;9;11;9;3;10;11;10;6;5;6;2;8;5;4;2;4;5;3;5;5;4;2;2;0;5;3;1;0;0;0;2;0;1;1;3;1;0;0;1;0;0;0;0;0;0;0;0
280710505000038;8;590;586;161;120;191;48;14;8;3;0;35;1;1;0;5;3;0;0;0;0;0;6;1;1;1;0;0;0;0;0;0;1;1;1;14;12;12;7;11;14;10;11;16;14;10;10;9;12;9;9;14;9;10;13;8;8;10;15;19;9;10;10;12;11;17;12;10;7;11;9;7;9;4;10;5;5;6;3;3;2;6;0;3;3;5;5;5;7;5;5;2;1;9;8;2;5;3;5;2;6;1;4;2;3;4;3;7;2;3;2;1;3;1;0;1;0;1;0;0;0;0;0;0;0;0;0;0;1;0;0;0;0;0;0
280710505000039;5;402;399;112;75;113;67;1;3;3;0;20;0;3;0;4;1;0;0;0;0;0;8;0;1;0;2;0;0;2;0;1;1;1;0;6;7;7;4;9;7;9;7;8;8;11;8;11;7;15;13;7;12;5;5;6;10;6;4;1;5;9;5;7;7;9;2;13;5;6;4;3;3;5;5;7;6;7;5;7;7;3;4;3;2;1;1;2;3;3;2;1;2;2;4;3;2;3;3;3;2;3;1;0;4;2;0;3;1;2;0;2;2;2;1;0;0;1;1;0;0;0;0;0;0;0;0;0;0;0;0;0;0;0;0
280710505000040;8;704;704;209;141;212;73;5;5;4;0;31;2;10;0;9;2;1;0;0;0;0;6;2;0;0;2;0;1;0;1;0;0;0;0;10;11;9;13;10;10;23;19;14;17;13;13;19;18;12;18;15;11;16;9;15;13;10;14;13;8;16;10;10;12;7;7;7;8;11;10;7;7;7;8;8;7;9;10;8;5;11;7;8;4;7;5;5;3;5;11;4;6;9;8;5;4;7;2;6;2;5;3;4;6;3;1;5;3;4;2;2;1;0;1;2;2;2;1;0;0;0;0;1;1;1;0;1;0;0;0;0;0;0;1
280710505000041;5;268;267;81;50;66;50;6;2;0;1;11;0;0;0;1;0;0;0;0;0;0;1;0;0;0;0;0;0;0;0;0;0;1;0;2;1;5;1;5;5;7;5;5;9;6;6;7;10;5;5;6;3;5;7;8;4;3;2;4;7;3;4;3;6;5;1;5;2;3;5;1;3;4;3;5;2;3;4;4;5;3;2;5;4;1;3;1;1;2;3;2;2;2;3;1;2;2;2;2;2;2;3;0;0;0;0;3;1;0;2;0;2;1;3;0;1;0;0;0;0;0;0;0;0;0;0;0;0;0;0;0;0;0;0
280710505000042;8;343;335;96;74;112;28;5;3;2;0;17;0;1;0;3;1;1;0;0;0;0;2;0;0;0;0;0;1;0;1;0;0;0;0;4;6;5;4;11;4;9;6;7;11;4;4;9;9;9;8;7;12;3;5;3;6;8;3;6;6;3;6;4;5;8;4;6;1;4;5;3;4;1;5;2;4;4;2;7;2;6;4;6;5;3;1;5;2;5;0;2;2;2;7;4;0;2;6;1;1;2;4;4;2;3;0;1;3;0;1;0;0;1;2;1;0;0;0;0;1;0;0;1;0;1;0;1;0;0;0;0;0;0;0
280710505000043;5;581;581;182;107;158;45;1;4;24;2;27;3;16;4;7;1;0;0;0;0;0;14;0;1;1;2;1;3;3;0;1;0;0;2;7;11;8;18;13;13;6;15;18;15;11;16;10;17;16;8;9;11;10;8;8;10;9;8;7;2;10;11;13;12;10;6;7;7;9;8;11;11;7;10;4;5;3;8;4;1;4;6;5;5;3;2;1;2;7;2;5;5;3;6;2;2;7;3;5;4;3;4;6;3;2;3;1;5;0;0;0;2;3;2;0;4;0;1;1;2;0;0;0;0;2;1;0;1;0;0;0;0;0;1
280710505000044;8;141;141;41;37;49;2;2;1;0;3;1;0;2;0;3;0;0;0;0;0;0;1;0;0;0;0;0;0;1;0;0;0;0;0;1;2;2;0;2;2;0;1;1;2;1;3;3;4;5;2;3;4;1;1;2;1;1;3;4;1;2;1;3;5;1;1;2;5;3;0;1;1;1;1;1;2;1;0;2;2;0;2;1;2;0;6;2;3;2;3;3;0;1;3;2;0;2;1;1;4;0;2;0;1;0;0;1;2;1;0;2;2;1;0;0;1;0;0;2;0;0;0;0;0;0;0;0;0;0;0;0;0;0;0
280710505000045;8;867;867;253;172;283;67;19;7;4;3;38;2;3;0;10;6;0;0;0;0;0;14;2;2;1;2;2;0;0;1;1;0;1;2;18;21;20;16;11;15;15;18;23;25;15;18;26;21;21;20;24;8;11;15;14;24;19;11;10;6;12;16;10;19;9;12;11;17;16;9;11;14;7;9;11;6;5;4;15;6;7;3;7;4;6;5;6;6;6;7;3;3;7;14;4;9;10;6;8;9;9;5;8;4;3;0;0;4;2;3;3;3;2;2;0;0;0;1;1;3;0;2;0;1;1;2;0;0;0;0;0;0;0;0
280710505000046;8;413;413;118;89;130;32;6;6;3;1;18;0;4;0;2;3;0;0;1;0;0;7;1;1;0;0;0;1;1;1;1;1;0;0;4;9;9;5;4;6;5;5;7;8;6;8;12;11;8;5;14;3;8;4;1;9;8;6;5;4;7;9;4;3;3;6;5;8;9;5;3;5;7;3;8;6;6;7;5;5;4;1;5;3;1;5;2;6;4;3;2;7;3;4;6;4;4;4;1;5;3;2;2;8;3;1;4;2;3;4;0;1;1;0;2;2;0;0;2;0;0;0;0;2;0;1;0;0;1;0;0;0;0;0
280710505000047;8;256;256;75;55;85;16;4;2;2;1;8;1;2;0;5;0;0;0;0;0;0;2;0;1;0;0;0;0;1;0;0;0;0;0;2;6;1;4;2;3;3;3;5;5;5;10;6;7;7;7;5;1;7;3;3;4;4;5;4;6;6;2;2;3;4;2;4;3;4;3;3;6;2;3;3;4;1;2;3;6;2;2;3;5;1;0;4;1;3;6;6;1;1;0;2;2;2;3;1;2;2;1;2;0;1;1;1;0;1;0;2;1;0;3;0;2;0;1;3;0;0;1;0;0;0;1;0;0;0;0;0;0;0;0
280710505000048;8;546;546;151;115;175;55;3;5;2;2;27;0;4;0;6;0;1;0;0;0;0;8;1;0;2;1;0;1;2;1;0;0;0;0;6;9;7;4;5;10;6;13;8;17;17;16;15;10;11;10;15;8;9;7;14;9;10;6;9;4;2;9;6;8;9;12;3;7;9;8;4;7;8;8;11;5;3;9;6;8;2;8;6;7;5;4;7;5;1;4;5;3;6;6;2;3;5;5;7;1;5;4;0;6;4;1;3;4;3;4;1;2;2;1;1;1;1;2;1;0;1;0;0;0;1;0;1;0;0;0;0;0;0;0
280710505000049;8;341;341;100;80;123;12;0;3;2;1;10;2;1;0;6;0;1;0;0;0;0;3;0;1;0;1;0;0;0;0;0;0;0;1;3;6;7;5;4;4;9;5;3;6;6;12;14;3;9;8;5;6;7;4;2;7;9;5;7;1;6;0;3;6;4;5;8;4;8;9;5;6;5;10;2;8;6;5;4;5;8;4;5;0;3;1;1;3;4;2;2;2;0;0;3;1;1;3;5;2;1;2;2;2;2;1;1;2;2;1;0;2;0;0;1;0;0;1;0;0;0;0;0;1;0;0;0;0;0;0;0;0;1;0
280710505000050;5;915;914;289;181;245;92;9;5;11;1;44;5;10;0;18;4;0;0;1;0;0;3;1;0;0;0;0;0;0;1;0;0;1;0;9;7;20;14;13;23;20;15;15;19;21;22;24;23;16;18;13;11;15;13;8;10;15;24;13;7;9;11;3;19;10;19;19;10;17;11;12;15;11;12;14;15;20;12;7;9;8;9;14;9;10;0;7;5;7;8;6;6;8;6;9;8;4;3;11;10;6;4;8;7;5;6;6;8;5;2;5;8;3;3;2;1;3;3;5;3;2;1;2;1;0;0;1;1;0;0;0;0;0;0
280710505000051;8;380;380;99;70;132;36;6;5;2;0;18;2;2;1;7;0;0;0;0;0;0;5;0;1;0;0;2;0;0;1;0;0;1;0;3;10;6;12;4;10;10;9;13;9;14;5;15;9;7;7;8;7;6;2;6;3;3;5;6;5;6;7;4;2;3;6;7;11;7;9;5;5;5;3;6;7;2;7;5;3;2;1;5;3;3;1;0;1;0;0;1;1;1;0;5;1;1;2;1;4;7;3;1;3;3;0;3;3;4;2;0;0;0;1;1;0;2;0;3;2;0;0;0;0;0;0;0;0;0;0;0;0;0;0
280710505000052;8;580;579;157;111;212;48;1;5;2;1;31;0;2;0;10;0;0;0;0;0;0;8;0;0;1;0;2;1;1;0;1;1;1;0;7;3;14;12;11;6;15;13;12;19;12;12;20;12;16;14;16;11;8;8;13;10;12;7;13;7;7;9;9;9;4;7;9;9;5;8;8;4;6;6;4;8;6;7;5;7;4;8;6;6;5;4;4;2;6;2;10;6;7;4;4;3;5;2;1;4;3;2;3;4;1;3;4;4;2;1;1;1;1;1;2;1;0;0;2;0;0;1;1;0;0;0;0;1;0;0;0;0;0;0
280710505000053;8;630;630;168;109;202;62;15;9;5;0;50;0;3;1;4;1;0;0;1;0;0;10;2;0;0;1;1;1;1;1;1;0;2;0;13;6;10;5;8;12;9;9;17;15;23;14;13;16;20;16;10;17;11;10;15;11;9;15;9;4;4;14;4;2;9;10;10;9;6;7;7;8;3;10;8;8;10;5;6;9;9;10;8;6;5;2;4;3;1;7;6;7;4;4;2;4;6;4;5;4;1;7;3;4;4;1;1;2;2;4;0;3;5;1;1;3;1;1;1;2;0;1;1;2;1;0;1;0;0;0;0;0;0;0
280710505000054;5;532;532;158;98;160;44;10;10;4;2;30;1;7;0;5;3;0;0;0;0;0;8;1;1;1;0;0;1;0;0;2;1;1;0;6;10;4;5;16;15;2;8;10;13;12;10;9;12;14;10;12;12;13;10;8;5;7;10;8;8;4;4;3;11;10;7;9;7;11;8;4;8;5;12;3;9;3;7;3;4;7;5;4;2;7;2;5;3;3;4;1;3;4;6;2;5;5;8;4;5;3;6;1;4;4;3;5;3;3;3;0;1;2;3;2;3;1;0;2;2;3;1;0;0;2;0;0;0;0;0;0;0;1;0
280710505000055;8;686;686;170;112;268;59;4;12;3;2;40;0;7;0;6;2;1;0;0;0;0;14;1;1;1;2;2;2;2;0;1;2;0;0;11;4;18;10;11;14;12;22;14;18;17;20;15;19;16;18;20;13;14;16;13;12;11;8;10;11;6;8;14;12;9;9;9;13;8;8;5;11;11;5;6;6;7;3;5;7;7;8;7;5;3;5;8;3;2;5;1;4;5;1;2;6;4;3;2;5;3;3;5;6;3;3;2;2;4;3;3;2;2;3;2;1;2;3;0;0;2;0;1;1;0;0;0;0;1;0;0;0;0;0
280710505000056;5;216;216;62;39;70;24;1;2;3;0;11;0;2;1;1;0;0;0;0;0;0;1;0;1;0;0;0;0;0;0;0;0;0;0;6;2;0;4;4;2;4;4;3;10;6;10;4;6;1;4;2;5;5;4;1;4;6;4;5;3;1;6;3;3;2;4;2;7;2;1;3;1;5;5;2;0;5;2;1;3;2;2;1;1;3;3;2;2;1;2;2;1;0;1;1;3;0;2;2;2;1;0;2;1;1;1;0;0;0;0;0;1;0;0;1;3;1;1;0;0;0;0;0;1;0;0;0;0;0;0;0;0;1;0
280710505000057;8;550;550;155;96;172;58;10;5;5;1;24;0;10;0;10;2;1;0;1;0;0;4;0;0;0;1;0;0;0;1;1;1;0;0;5;6;4;7;4;6;8;12;9;8;19;19;17;13;14;11;11;12;11;6;10;11;4;10;9;10;2;4;4;9;6;9;9;9;7;11;7;9;2;4;9;8;7;11;9;5;5;8;5;8;6;4;3;3;4;4;6;4;5;6;7;5;3;7;5;4;2;0;2;7;3;1;1;3;3;3;2;1;1;2;3;3;1;1;0;1;1;1;1;1;2;1;0;0;0;0;0;0;0;0
280710505000058;8;286;286;79;51;104;19;8;4;3;0;14;0;1;0;2;1;0;0;0;0;0;6;0;0;1;0;1;0;1;2;0;0;1;0;2;1;8;7;6;2;8;6;5;9;4;6;14;3;5;6;9;9;4;7;6;4;3;3;3;1;4;6;4;3;6;4;4;2;5;1;3;4;0;2;2;3;0;7;5;6;2;5;3;3;1;2;1;4;2;0;4;2;5;1;3;1;5;0;3;4;0;2;4;0;2;0;1;1;0;1;2;0;0;0;0;1;0;1;0;0;0;0;1;0;0;0;0;0;0;1;0;0;0;0
280710505000059;8;231;231;72;36;68;27;2;0;1;0;7;0;1;0;15;0;2;0;0;0;0;2;1;0;1;0;0;0;0;0;0;0;0;0;2;4;7;3;6;4;7;4;4;4;2;8;6;8;7;6;8;4;6;3;3;1;3;0;4;1;2;3;4;1;2;4;3;4;4;3;3;4;5;3;3;1;3;3;2;6;4;2;1;1;2;1;3;0;2;0;1;0;1;3;1;3;2;2;4;1;4;1;0;1;2;1;1;1;1;0;1;1;0;0;1;0;0;0;0;0;0;0;0;0;2;0;0;0;0;0;0;0;0;0
280710505000060;8;416;413;129;77;120;37;8;7;1;1;25;0;2;0;1;7;1;0;0;0;0;7;0;0;1;2;0;0;1;0;0;0;2;1;8;5;6;14;9;3;10;2;10;8;12;5;4;11;8;6;4;9;6;9;6;5;6;4;6;4;7;9;7;3;9;5;7;6;5;6;4;4;5;4;10;5;6;4;1;5;5;4;2;7;5;6;2;3;2;3;5;1;2;4;6;3;4;2;7;3;2;1;2;3;1;1;1;3;2;3;4;2;2;1;2;0;1;3;1;1;0;1;0;0;1;0;1;2;0;0;0;0;0;0
280710505000061;8;88;88;26;17;28;10;1;1;0;0;1;0;1;0;2;1;0;0;0;0;0;0;0;0;0;0;0;0;0;0;0;0;0;0;1;0;2;0;0;1;3;2;2;2;2;2;2;1;1;1;1;2;5;1;3;0;1;1;1;1;1;1;1;0;1;2;1;3;1;2;1;1;1;1;2;1;0;1;2;2;1;1;0;0;1;1;1;2;1;0;1;2;2;0;2;0;2;1;1;0;0;0;0;1;1;0;0;1;1;0;0;0;0;0;0;0;0;0;0;0;0;1;1;0;0;0;0;0;0;0;0;0;0;0
280710505000062;5;371;371;106;74;108;55;8;3;0;1;12;0;2;0;2;0;0;0;0;0;0;9;2;1;2;0;0;1;0;0;1;1;0;1;3;5;5;6;6;6;9;9;7;11;9;7;14;8;7;12;5;11;8;6;3;9;7;9;6;3;6;5;8;4;4;5;5;3;10;8;3;3;3;5;6;5;1;2;3;3;1;5;3;3;2;2;1;5;1;3;3;2;1;6;7;2;6;1;1;0;1;2;5;1;0;0;5;2;1;0;0;1;1;2;0;2;1;0;0;0;0;0;0;0;0;0;0;0;0;0;0;0;0;0
280710505000063;8;126;126;40;22;26;22;0;0;3;0;0;0;5;2;5;1;0;0;0;0;0;2;0;1;0;0;1;0;0;0;0;0;0;0;3;2;4;4;1;3;1;4;2;3;2;3;3;1;2;0;1;0;4;2;0;2;2;1;1;2;3;4;2;2;4;0;0;2;2;2;1;3;2;3;2;1;4;3;1;3;1;1;1;2;0;1;0;0;0;1;1;1;1;0;1;2;1;0;1;0;0;0;1;0;1;0;0;2;2;0;0;1;1;1;0;0;1;1;0;0;0;0;0;0;0;0;1;0;0;0;0;0;0;0
280710505000064;1;1079;1075;319;193;244;148;25;16;3;1;68;0;18;0;43;1;0;0;0;0;0;16;1;0;1;1;2;1;0;1;0;2;4;3;12;17;24;22;15;16;22;18;16;17;22;19;22;16;25;23;19;17;20;25;14;20;30;27;13;26;15;20;21;20;14;12;19;21;22;16;12;15;15;20;12;9;6;14;11;13;9;17;10;9;6;4;9;8;11;9;10;9;8;10;7;9;6;3;7;3;9;5;5;9;4;4;1;4;5;1;5;2;1;5;1;1;0;1;2;0;0;1;3;1;0;1;0;0;0;1;1;0;0;2
280710505000065;1;591;591;185;107;143;90;7;6;6;0;25;0;12;0;9;0;1;0;0;0;0;13;0;0;4;0;0;0;1;3;1;1;1;2;9;9;9;11;7;13;10;13;9;13;8;17;10;12;11;13;10;14;14;11;20;11;15;18;8;13;11;14;9;9;5;9;10;7;2;8;11;7;11;3;7;4;8;5;6;7;8;14;0;7;4;6;5;7;1;4;5;4;2;3;1;3;1;3;1;4;6;2;2;2;2;0;2;0;2;1;2;4;0;0;2;0;0;2;0;0;0;1;0;0;2;1;0;1;0;0;0;0;0;0
280710505000066;1;534;534;162;74;97;89;0;10;10;1;53;0;11;1;22;0;4;0;0;0;0;10;1;1;2;1;1;0;0;2;1;0;1;0;9;4;4;2;6;4;6;6;7;9;7;11;10;18;11;10;8;12;14;8;10;10;16;13;6;7;7;11;9;12;6;7;6;8;7;7;8;5;7;9;5;7;11;10;5;6;5;5;11;6;3;4;4;3;5;9;0;0;3;4;3;3;4;1;1;2;3;7;4;7;5;3;3;3;2;1;2;4;4;3;1;1;1;1;2;2;1;1;0;1;0;2;1;0;1;0;0;0;0;1
280710505000067;1;599;583;180;103;134;90;10;5;2;1;41;3;4;0;5;5;0;0;0;0;16;5;0;0;0;0;0;0;1;2;0;0;1;1;9;14;12;15;9;6;12;13;7;10;8;13;13;14;20;9;14;15;11;11;19;11;17;14;9;10;8;6;10;9;5;8;13;9;7;3;8;4;11;9;8;10;6;11;4;7;5;4;5;7;8;3;8;4;3;5;5;2;3;2;3;3;3;8;3;2;4;0;2;0;1;1;3;1;3;0;0;2;1;2;1;3;1;0;1;1;2;1;1;3;0;1;2;0;0;0;0;0;0;0
280710505000068;1;627;627;180;108;139;103;19;11;12;0;33;0;11;0;10;1;0;0;0;0;0;10;0;2;0;0;0;1;2;1;1;1;2;0;10;12;18;8;9;8;12;13;11;16;10;13;16;13;12;16;15;14;14;20;11;9;6;13;10;13;11;9;13;18;11;16;7;7;10;12;5;6;3;9;14;8;14;6;8;9;7;4;4;7;6;2;7;2;3;5;4;3;6;5;1;2;2;3;1;3;2;2;2;2;2;0;1;3;0;0;2;2;1;0;1;1;0;0;0;0;0;0;0;0;0;0;1;0;0;0;0;0;0;0
280720405000001;1;904;894;268;193;278;72;22;8;4;1;37;0;11;1;5;3;0;0;1;0;0;14;0;2;5;0;0;0;2;1;1;0;2;1;19;17;12;15;7;15;16;16;16;18;13;25;25;21;17;22;17;15;14;12;14;15;7;18;11;16;15;15;12;22;15;9;14;10;12;21;18;6;14;10;22;16;13;15;12;11;10;10;10;10;6;4;8;8;7;8;8;7;8;6;4;4;8;4;5;5;1;2;4;3;5;3;2;5;5;3;1;2;3;3;1;3;0;1;3;1;1;1;1;0;1;0;0;0;0;0;0;0;0;0
280720405000002;1;674;674;196;124;186;72;13;2;2;0;54;2;13;0;7;3;0;0;0;0;0;12;0;1;1;0;2;0;1;2;1;1;3;0;15;13;10;11;13;7;13;10;6;12;11;8;15;14;18;10;12;16;14;18;15;17;17;15;10;18;12;6;10;6;10;13;6;4;13;6;9;7;11;7;11;6;8;5;8;7;13;3;3;15;10;7;3;5;5;3;9;2;7;10;5;5;2;3;2;2;4;2;3;4;4;0;0;2;2;2;2;2;2;4;2;2;1;1;1;0;1;2;0;0;1;0;1;0;0;0;0;0;0;0
280720405000003;1;792;792;245;140;159;136;24;5;9;0;46;0;7;0;18;2;1;0;0;0;0;19;2;1;2;0;3;1;0;1;1;4;3;1;9;14;17;10;12;10;13;14;22;20;20;13;17;17;13;20;13;16;15;16;13;14;14;18;17;17;11;10;15;9;13;15;11;18;9;11;19;17;13;10;10;14;14;7;5;5;9;4;3;5;11;4;4;8;6;5;2;5;3;5;10;5;2;3;5;2;2;4;4;4;3;1;4;3;1;3;1;1;2;1;0;0;0;1;2;1;2;0;0;0;1;1;0;0;0;0;0;0;0;0
280720405000004;1;811;811;244;135;181;133;10;13;6;2;49;4;13;1;14;5;1;0;0;0;0;17;1;1;2;2;0;2;3;2;1;0;1;2;9;15;14;12;8;13;13;10;9;10;18;17;10;26;19;21;20;13;14;15;13;15;13;14;15;17;12;13;14;10;15;12;12;14;12;12;12;10;12;11;9;11;5;15;13;7;10;9;3;9;11;7;10;7;8;9;2;6;7;7;7;2;4;6;3;6;3;7;7;0;11;5;1;2;3;1;2;3;0;1;2;0;1;2;0;2;0;1;1;0;0;0;0;1;0;0;1;0;0;0
280720405000005;5;652;639;171;112;212;83;19;6;1;1;35;1;2;1;3;5;0;0;0;0;0;21;1;3;1;2;1;1;0;0;3;3;4;2;14;12;17;16;11;7;17;15;15;20;13;15;10;7;14;15;10;12;12;11;16;15;11;19;18;12;17;14;10;10;8;7;13;9;11;6;14;7;7;10;7;6;6;5;12;5;3;3;3;3;4;4;3;2;5;3;4;4;4;2;1;4;1;1;2;3;7;1;0;4;2;1;3;2;3;0;3;0;0;1;1;0;2;1;0;0;1;1;0;1;0;0;0;0;0;0;0;0;0;0
280720405000006;8;630;629;174;98;139;130;17;12;1;2;30;2;11;0;14;0;0;0;0;0;0;14;1;1;3;1;2;1;0;1;1;1;1;1;9;19;14;13;15;14;13;8;10;17;12;14;12;13;15;14;18;7;16;10;14;10;13;10;11;7;15;11;5;9;8;14;8;10;7;9;12;8;6;6;7;7;6;3;7;3;2;9;1;7;2;6;6;2;5;9;5;5;1;4;2;5;4;4;3;2;6;2;5;2;1;3;4;2;1;1;0;0;0;5;1;1;2;0;2;0;0;2;2;0;1;0;0;0;0;0;0;0;0;0
280720405000007;5;554;554;153;97;194;38;16;4;3;1;31;1;3;1;12;0;0;0;0;0;0;3;0;1;0;1;0;0;0;1;0;0;0;0;19;10;12;13;12;11;8;5;13;13;13;9;13;16;17;11;14;15;5;5;11;15;10;8;9;7;8;8;10;12;8;7;4;8;9;6;7;8;9;6;2;10;3;6;7;7;5;8;3;8;3;0;6;7;3;1;5;2;6;2;1;5;5;1;1;5;2;3;3;2;0;1;1;2;1;2;1;0;1;2;2;3;2;2;0;0;2;0;1;1;0;0;1;0;0;0;0;0;0;0
280720405000008;8;675;675;180;132;205;64;12;7;3;5;49;0;2;0;10;4;2;0;0;0;0;11;3;1;1;0;0;1;0;2;2;1;0;0;16;18;11;20;13;9;16;11;15;17;13;19;24;16;15;5;14;20;8;10;12;10;8;9;18;13;13;11;8;12;21;11;10;4;9;12;6;11;6;7;7;5;7;7;4;6;8;3;8;4;5;6;4;4;3;4;3;7;3;6;3;6;2;5;5;3;1;2;0;2;4;2;0;4;3;1;2;2;3;0;2;1;2;0;2;2;0;0;0;0;0;0;0;0;0;0;0;0;0;0
280720405000009;4;308;307;79;41;92;86;0;1;1;0;5;0;1;1;1;0;0;0;0;0;0;8;1;0;1;2;1;1;0;1;0;1;0;0;10;8;3;9;4;10;10;10;8;4;10;9;10;10;3;7;8;6;9;5;5;5;6;9;5;3;3;4;4;5;5;5;3;6;1;6;4;4;7;4;2;3;2;2;0;4;3;3;3;3;2;2;2;2;1;1;3;0;0;1;1;3;1;1;0;0;2;1;0;0;1;0;1;0;0;1;0;1;0;0;0;0;0;0;0;0;0;0;0;0;0;0;0;0;0;1;0;0;0;0
280720405000010;8;231;229;70;45;60;23;7;3;2;1;10;1;2;0;4;1;2;0;0;0;0;3;0;0;0;0;1;0;1;0;1;0;0;0;3;5;2;5;3;7;8;4;6;5;8;5;2;4;1;4;7;4;1;4;4;3;5;1;2;2;1;4;3;2;3;1;4;5;1;3;5;2;6;1;5;2;9;2;4;1;4;4;3;2;4;3;0;2;0;3;2;2;3;2;2;2;0;2;3;0;1;0;1;0;0;2;1;1;0;1;1;3;0;0;1;1;0;1;0;1;0;0;0;0;1;0;0;0;0;0;0;0;0;0
280720405000011;8;703;703;205;136;235;68;9;2;5;1;28;0;3;0;9;1;1;0;0;0;0;8;1;0;0;0;0;1;1;0;2;1;0;2;15;15;10;10;16;12;14;10;17;13;21;15;18;20;17;14;14;16;10;12;14;9;19;14;11;16;8;16;9;5;8;13;7;9;10;10;11;4;5;6;8;7;6;11;7;8;7;8;8;6;0;4;8;6;6;6;7;6;6;0;4;12;5;4;5;4;1;0;4;6;2;2;2;4;0;2;5;3;1;2;1;1;0;1;0;0;0;0;0;0;1;0;0;2;2;0;0;0;0;1
280720405000012;8;265;265;79;53;72;36;5;3;1;0;7;0;4;0;5;0;0;0;0;0;0;6;0;0;0;0;0;1;0;0;0;0;1;4;4;7;7;2;3;7;6;6;8;5;6;6;10;9;4;8;5;1;9;6;7;3;6;6;4;7;3;5;4;3;1;7;2;2;4;3;3;2;3;2;1;4;3;4;0;4;2;0;3;3;2;2;1;1;1;3;1;3;0;2;3;0;4;2;2;2;0;0;1;2;0;1;1;0;1;1;1;1;0;0;0;0;0;1;0;0;0;0;0;0;0;0;0;0;0;0;0;0;0;0
280720405000013;5;442;442;124;77;126;71;4;0;2;0;20;0;10;1;7;0;0;0;0;0;0;6;0;0;0;1;1;0;0;1;0;1;1;1;9;11;10;14;11;10;4;10;10;14;9;10;4;13;8;11;14;5;10;7;5;9;6;8;4;7;8;5;6;9;8;8;6;6;6;5;7;2;7;5;4;2;5;11;6;4;7;2;7;5;2;1;2;3;3;1;1;3;0;4;3;4;2;3;2;2;1;3;0;3;1;1;1;2;5;1;1;2;0;0;0;0;0;2;0;0;1;0;0;1;1;0;0;0;0;0;0;0;0;0
280720405000014;5;65;65;20;12;21;6;1;0;2;1;0;0;1;0;1;0;0;0;0;0;0;0;0;0;0;0;0;0;0;0;0;0;0;0;1;1;2;2;1;1;1;1;2;1;0;4;2;2;0;2;3;1;0;0;2;0;1;1;2;0;1;1;2;0;2;1;1;1;0;1;0;1;2;0;1;1;2;3;0;0;0;1;1;0;1;1;0;0;0;0;1;0;0;1;1;0;1;0;0;0;0;0;1;0;0;0;0;0;0;0;0;0;0;1;0;0;0;0;0;0;0;0;0;0;1;0;0;0;1;0;0;0;0;0
280720405000015;5;298;298;76;52;107;37;5;3;0;0;16;0;0;0;2;0;0;0;0;0;0;5;0;0;0;0;2;1;0;0;1;0;0;1;8;5;9;5;11;9;11;7;7;10;10;8;7;10;9;6;9;2;7;5;6;7;3;5;3;6;3;10;7;3;4;2;4;1;4;3;1;1;4;3;3;3;3;1;3;3;2;2;1;0;0;2;4;3;3;2;2;2;2;2;2;1;1;1;0;1;0;1;2;0;2;0;1;0;1;0;0;0;0;0;0;0;0;1;0;0;0;0;0;0;1;0;0;0;0;0;0;0;0;0
280730305000001;1;540;540;161;105;143;65;18;9;2;0;25;0;3;0;8;0;1;0;0;0;0;6;0;1;1;1;0;0;0;0;0;3;0;0;10;6;4;11;9;9;9;9;16;12;11;16;12;12;11;15;12;6;9;9;9;10;4;10;8;7;4;7;10;12;8;17;15;9;8;9;8;8;7;7;2;12;4;8;8;10;8;7;2;6;5;4;3;3;3;4;1;3;8;2;1;2;2;1;4;3;1;4;3;3;1;1;3;5;2;1;1;0;1;2;0;0;1;0;1;2;0;1;0;0;0;0;0;0;0;0;0;0;0;0
280730305000002;8;256;256;72;48;77;33;0;3;2;0;10;0;4;1;6;0;0;0;0;0;0;3;0;0;0;0;1;0;0;1;1;0;0;0;5;5;4;7;3;6;2;9;7;4;5;6;6;7;10;5;3;2;3;1;4;4;5;2;7;7;4;6;4;8;2;4;2;3;6;3;2;4;2;4;5;4;5;0;1;2;3;3;1;1;1;3;2;1;4;4;3;0;1;1;1;3;0;2;0;1;2;0;4;0;0;1;1;0;1;2;0;0;0;1;0;0;1;1;0;0;0;0;2;0;0;1;0;1;0;0;0;0;0;0
280730305000003;4;720;720;210;146;184;110;18;7;5;0;28;1;5;0;3;0;3;0;0;0;0;14;0;1;2;0;2;1;0;3;1;1;0;3;16;8;8;8;14;13;13;11;11;15;12;18;12;22;16;10;15;13;13;14;15;8;11;21;9;9;9;13;15;17;18;12;20;10;6;14;8;16;14;12;9;12;13;4;10;8;8;4;6;5;5;1;3;5;2;6;6;3;5;5;2;7;8;7;1;2;4;5;1;3;2;2;2;4;0;1;1;3;1;1;0;2;0;0;2;1;1;0;0;1;0;0;0;1;1;0;0;0;0;1
280730305000004;8;89;88;21;16;42;5;1;1;0;0;3;0;0;0;0;0;0;0;0;0;0;4;0;1;0;0;0;0;0;0;0;0;1;2;1;4;1;3;1;0;2;3;1;1;3;2;1;3;3;5;1;1;4;2;1;1;1;3;1;1;4;1;1;3;4;2;3;3;0;0;0;0;1;0;0;0;4;2;0;1;0;0;0;0;0;1;1;1;0;1;0;0;0;0;0;0;0;0;0;0;0;0;1;1;0;0;0;0;0;0;0;0;0;0;0;0;0;0;0;0;0;0;0;0;0;0;0;0;0;0;0;0;0;0
280730305000005;5;765;765;190;143;280;64;3;13;1;0;51;5;5;0;5;0;5;0;0;0;0;7;0;1;0;1;0;2;0;2;0;1;0;0;17;12;13;19;13;16;18;9;13;12;21;17;22;24;21;13;20;17;19;14;21;17;18;11;19;12;21;16;10;14;8;10;14;7;14;10;9;13;3;17;5;6;10;5;5;7;9;5;7;9;3;4;12;0;3;7;5;9;1;5;2;3;2;3;4;2;2;3;2;3;1;0;2;0;0;1;5;3;1;0;0;0;3;1;0;1;1;0;1;1;0;0;0;0;0;0;0;0;0;0
280730305000006;1;587;583;185;131;169;50;22;5;0;1;16;0;2;0;6;0;0;0;0;0;0;7;0;1;0;1;2;0;0;1;0;0;2;0;10;8;10;9;8;8;5;6;7;7;6;14;13;17;11;16;15;15;10;5;11;11;9;8;8;10;12;9;6;13;11;11;11;8;10;13;9;3;9;8;9;7;13;11;6;13;11;6;9;4;4;4;5;5;4;5;1;5;7;4;1;4;5;3;2;4;6;1;1;4;2;2;4;3;0;3;1;0;2;0;3;1;0;0;0;1;1;1;0;0;0;1;0;1;0;0;0;0;0;0
280740205000001;1;620;620;187;90;113;106;5;6;8;1;43;3;21;0;29;0;6;0;2;0;0;10;1;0;1;0;2;0;3;1;0;0;1;1;2;5;4;7;3;9;9;7;8;11;9;12;8;8;10;14;13;9;15;14;15;18;14;15;11;9;8;7;5;12;9;17;6;8;8;7;15;7;8;8;8;9;6;10;9;8;10;8;6;11;8;5;5;8;11;4;2;3;3;8;5;6;5;8;3;2;2;3;4;5;1;3;4;5;4;4;5;2;3;2;2;2;0;0;0;2;1;0;1;0;0;0;0;0;0;0;0;0;0;0
280740205000002;1;916;916;283;146;209;104;10;13;11;2;44;0;30;0;51;3;3;0;7;0;0;8;1;0;0;0;1;1;1;0;0;1;1;2;9;11;9;8;7;9;11;12;13;16;9;15;14;12;23;20;11;21;23;18;26;15;10;20;12;18;20;10;20;15;13;17;11;22;17;12;15;14;11;11;12;11;9;10;10;16;13;6;12;11;6;10;11;6;8;10;5;9;14;5;11;7;7;9;8;8;8;8;12;7;3;4;2;5;0;3;3;4;2;2;4;4;2;1;1;3;1;1;1;0;1;0;0;0;1;1;0;0;0;0
280740205000003;1;634;631;200;102;113;77;3;5;12;0;25;0;26;0;49;1;1;0;16;1;0;10;2;2;0;1;1;0;0;2;1;0;1;0;9;8;5;11;6;8;7;6;6;10;6;6;7;9;8;12;8;16;9;9;14;11;10;14;9;13;12;11;13;12;9;7;8;7;5;7;9;6;11;11;13;7;9;10;9;11;5;2;10;4;5;6;7;5;6;11;7;5;5;3;5;7;4;6;4;5;3;1;5;11;3;6;4;4;6;3;2;10;5;1;1;5;4;3;3;3;1;1;0;1;1;0;0;1;0;0;0;0;0;0
280740205000004;1;599;599;184;103;132;68;7;2;13;3;27;0;30;0;16;6;6;0;2;0;0;6;1;1;1;0;1;0;0;0;0;1;0;1;2;2;4;8;7;8;5;8;5;4;10;7;15;11;11;16;11;10;12;12;16;17;14;12;12;19;10;8;9;10;5;6;6;14;7;6;10;5;8;9;4;14;12;8;10;7;3;5;8;5;6;8;13;6;8;6;4;2;7;6;4;3;2;4;3;3;4;2;4;3;7;2;3;4;3;2;4;2;4;1;3;2;3;1;1;0;0;1;1;1;0;0;1;0;1;0;1;0;0;0
280740205000005;1;678;677;198;110;154;101;3;8;8;2;46;2;19;0;15;2;6;0;4;0;0;7;0;1;2;0;0;0;1;0;0;0;1;2;7;7;4;8;7;9;11;8;19;7;11;8;20;15;10;15;11;9;14;15;9;13;22;17;14;7;8;18;13;16;14;12;10;14;10;9;7;10;7;10;8;11;9;8;8;10;6;4;10;12;5;10;8;2;9;5;2;10;7;2;8;9;1;7;2;2;4;3;3;5;2;0;3;4;1;1;3;2;0;3;0;0;1;0;1;1;0;1;1;1;1;0;0;0;0;0;0;0;0;0
280740205000006;1;702;702;206;123;156;110;3;7;4;3;50;0;23;0;12;1;4;0;0;0;0;7;0;0;1;0;0;1;0;0;1;1;0;3;8;12;14;16;11;11;16;10;14;20;13;20;14;18;19;10;14;15;14;14;9;14;19;13;17;13;19;14;14;14;9;9;13;13;7;9;7;4;10;7;5;10;13;11;5;5;6;12;6;7;4;9;9;4;5;5;2;5;3;3;1;1;3;3;5;4;3;3;1;7;3;2;2;1;1;0;0;1;0;0;2;0;0;0;1;0;2;0;0;1;1;0;0;0;0;0;1;0;0;0
280740205000007;1;561;561;164;94;128;75;10;6;3;1;39;3;14;0;20;2;0;0;2;0;0;3;0;0;0;1;0;0;0;0;0;2;0;0;6;6;7;5;6;9;13;8;10;11;8;11;12;13;6;14;7;9;8;15;13;16;12;10;14;6;8;10;6;9;10;14;3;10;11;4;9;10;5;8;5;7;12;6;8;7;7;6;4;4;7;3;3;6;7;2;3;6;2;4;2;8;2;4;8;1;5;2;3;6;5;1;3;3;1;6;2;3;3;0;1;1;5;0;1;0;0;1;0;0;0;0;0;0;0;0;0;0;0;0
280740205000008;1;636;636;175;109;155;115;13;2;2;1;35;6;6;0;17;0;0;0;0;0;0;15;0;1;3;3;1;0;1;1;0;1;1;3;13;16;20;9;15;21;14;9;11;12;9;12;20;15;16;17;15;18;12;15;9;6;12;14;16;13;12;7;6;10;11;13;8;5;13;9;10;9;5;10;4;8;9;9;4;8;6;5;1;4;4;8;4;6;4;3;2;4;1;3;1;5;0;2;2;1;0;2;3;3;1;2;1;3;0;3;0;0;0;1;0;0;3;1;1;1;0;0;0;0;0;1;0;0;0;0;0;0;0;0
280740205000009;1;719;706;177;109;199;111;29;13;2;0;52;2;2;0;6;0;4;0;0;0;0;13;1;0;1;0;0;1;2;1;2;1;4;0;12;22;12;18;24;9;21;21;23;14;21;24;18;19;21;20;13;15;15;6;10;9;15;21;12;15;10;7;5;9;12;10;12;15;12;8;11;4;10;11;10;10;7;7;6;9;11;5;1;4;7;6;2;4;4;4;4;3;2;7;0;1;3;3;0;0;1;1;1;3;1;1;1;4;1;1;0;1;1;0;0;1;0;1;0;0;0;0;0;0;0;0;0;1;0;0;0;0;0;0
280740205000010;1;1050;1050;303;169;230;198;44;8;4;1;64;2;6;0;15;3;3;0;0;0;0;18;1;1;4;2;2;1;0;1;4;0;1;1;36;31;23;21;31;18;32;28;30;17;27;31;32;16;23;27;31;19;33;11;14;24;21;14;20;11;20;11;11;14;13;20;13;10;11;24;12;18;15;15;11;12;13;7;13;13;8;8;9;4;4;9;2;4;6;6;1;5;1;2;3;3;3;1;8;6;3;2;5;3;5;4;2;4;2;2;2;0;1;1;2;2;0;0;0;0;0;0;1;0;0;0;0;0;0;0;0;0;1;0
280740205000011;1;650;650;174;106;166;109;21;4;3;0;39;3;7;0;18;0;0;0;0;0;0;12;1;4;1;3;1;1;0;0;0;1;0;0;13;19;10;18;10;14;11;15;15;17;17;17;17;17;13;14;17;18;12;16;13;17;10;13;13;8;14;6;10;9;13;7;9;7;5;3;8;7;3;10;6;6;7;8;11;4;9;4;11;4;3;4;0;2;0;2;2;2;5;6;3;4;5;3;3;1;4;3;4;4;3;1;3;1;1;0;0;2;1;0;4;2;3;1;1;0;0;0;0;0;0;0;0;0;0;0;0;0;0;0
280740205000012;1;871;868;238;151;233;122;32;13;4;0;46;3;15;0;11;2;1;0;0;0;0;27;3;2;3;1;1;1;3;3;2;4;0;4;17;19;19;27;10;21;21;11;18;26;12;21;24;16;18;27;17;23;16;19;24;21;21;19;16;14;12;17;6;13;11;18;14;11;14;9;11;10;7;11;9;6;12;6;7;7;9;6;10;10;4;8;6;5;6;7;5;3;1;2;1;5;6;4;1;3;4;2;1;2;0;2;4;5;1;0;2;2;2;1;0;1;1;1;0;0;1;0;0;0;1;0;0;0;0;0;0;0;0;1
280740205000013;1;701;701;194;134;214;96;4;9;5;0;34;0;5;0;5;0;1;0;0;0;0;17;2;0;0;1;1;4;1;0;1;3;4;0;16;10;16;14;18;8;14;18;9;15;10;13;9;22;18;13;17;14;16;21;21;16;15;14;8;8;15;14;18;11;8;5;16;14;12;3;2;12;12;15;8;9;8;7;7;7;9;7;4;11;5;3;4;7;4;5;1;2;5;9;3;2;4;2;1;1;1;1;2;1;1;3;0;0;0;3;1;2;1;1;0;0;0;0;1;0;0;1;0;0;0;0;0;0;0;0;0;0;0;0
280740205000014;1;1068;1068;311;184;257;145;13;12;6;3;85;0;20;0;21;3;7;0;1;0;0;15;3;0;2;1;2;2;0;1;2;0;1;1;20;15;12;14;19;15;22;17;17;27;17;17;23;19;27;25;26;24;16;17;19;25;19;18;23;21;17;25;21;12;19;15;11;11;21;11;18;18;9;17;11;15;12;17;20;12;9;20;10;14;4;11;11;11;6;3;5;9;7;10;5;9;9;6;5;10;6;5;5;3;3;2;2;2;0;1;2;1;3;3;2;0;1;0;3;3;1;0;0;0;0;3;0;1;0;0;0;0;0;1
280740205000015;1;716;716;205;112;171;98;15;11;4;2;63;3;14;0;13;0;3;0;2;0;0;7;1;0;2;1;1;0;0;0;1;0;1;0;21;10;13;10;4;9;7;14;17;15;12;15;11;16;21;13;16;24;13;16;19;10;14;11;22;8;12;19;9;11;17;10;6;14;11;10;8;8;12;10;5;7;11;9;5;10;11;4;7;5;6;8;8;4;4;8;3;6;5;4;4;4;4;4;4;6;4;6;1;7;0;1;0;2;2;1;4;2;1;0;0;1;0;0;1;0;1;0;0;0;0;0;0;1;0;0;0;0;0;0
280740205000016;1;578;577;174;109;144;67;5;5;2;1;35;0;17;0;14;3;1;0;1;0;0;7;0;1;0;1;0;2;0;1;0;0;0;2;5;10;7;7;6;11;6;9;13;7;10;10;12;10;8;8;5;8;7;18;11;13;18;17;12;13;16;11;8;14;10;11;9;5;10;6;4;7;3;10;4;9;5;6;10;7;9;8;7;7;8;3;4;7;4;4;5;6;6;6;8;6;4;5;1;5;1;4;3;6;2;2;3;1;1;1;2;2;0;1;0;2;0;0;0;0;0;0;1;0;0;0;0;0;0;0;0;0;0;0
280740205000017;1;796;796;234;125;167;140;18;10;4;2;73;0;11;0;10;1;1;0;0;0;0;11;0;2;0;2;2;0;2;1;1;1;0;0;6;8;10;11;24;19;9;11;19;19;15;14;19;18;12;15;17;16;17;14;11;14;18;25;23;17;10;13;8;15;15;19;15;11;9;14;9;16;7;10;11;8;11;8;8;16;10;2;5;7;4;10;1;2;9;7;5;6;6;7;2;5;4;6;3;4;6;7;2;3;5;3;2;1;1;1;0;2;1;2;0;2;0;2;1;0;1;0;0;2;0;0;0;1;0;0;0;0;0;1
280740205000018;1;521;511;148;101;165;54;3;4;7;1;23;0;6;0;3;0;6;0;0;0;0;5;1;0;0;0;1;0;1;0;1;1;0;0;9;8;6;12;13;7;11;4;7;3;14;10;11;14;11;16;14;8;16;9;8;12;11;11;9;9;7;11;6;12;10;6;5;13;4;6;7;9;11;7;9;6;8;7;3;6;9;6;7;14;5;4;5;6;4;6;0;2;1;3;0;1;0;1;0;2;3;0;0;4;0;0;2;1;1;1;1;1;2;0;0;1;1;1;1;2;0;0;0;1;1;0;0;0;0;0;0;0;0;0
280740205000019;1;772;772;234;130;185;122;3;11;8;1;49;0;9;0;8;4;4;0;4;0;0;8;0;0;1;0;0;0;1;0;1;0;1;4;11;6;7;2;6;7;10;9;8;14;10;18;16;13;10;15;18;15;15;16;13;13;9;15;10;11;17;6;17;16;12;16;14;11;10;12;14;18;11;14;8;10;8;13;10;13;15;10;8;15;11;12;8;9;9;5;7;8;9;10;7;6;3;6;2;5;4;2;1;2;7;3;4;3;5;1;2;4;0;3;1;2;1;1;2;2;0;0;0;0;0;0;0;0;0;0;0;1;0;1
280740205000020;1;665;659;220;120;135;92;3;6;6;1;46;6;6;1;11;5;1;0;1;0;1;11;2;1;1;0;1;0;1;2;0;1;1;1;4;3;8;7;9;10;8;5;12;12;6;15;7;12;13;12;11;7;17;10;11;16;14;9;14;8;11;9;10;16;8;12;6;11;13;1;9;6;8;12;7;10;11;15;5;5;7;7;6;13;10;7;6;9;9;9;6;6;5;5;4;8;6;4;9;8;6;3;1;9;5;7;4;4;1;3;0;4;3;1;1;3;0;1;2;2;2;0;0;1;0;1;0;1;0;0;0;0;0;0
280740205000021;1;724;722;215;133;178;99;11;7;5;1;43;2;14;0;14;0;1;0;1;0;0;12;1;2;0;0;1;0;2;1;2;3;0;0;10;10;8;10;14;10;10;9;13;15;11;16;18;12;15;19;11;6;12;12;15;26;15;14;18;9;13;14;12;16;23;13;12;14;10;7;10;9;7;8;2;9;5;7;11;5;7;5;8;9;8;6;3;8;8;10;6;3;2;7;4;2;5;8;4;7;1;4;2;4;1;5;1;5;1;2;2;2;0;2;1;3;3;1;0;1;1;3;0;0;0;1;0;0;1;0;0;0;0;0
280740205000022;1;827;827;246;155;198;126;5;11;8;0;46;3;13;0;8;1;3;0;4;0;0;10;1;0;2;1;0;1;0;1;0;1;1;2;13;10;10;14;9;11;15;9;15;15;13;15;20;17;11;21;13;12;12;15;14;19;12;15;13;17;26;18;11;13;16;20;12;12;18;19;10;13;15;9;12;11;23;12;11;8;13;7;8;12;6;8;12;6;8;3;3;4;6;9;6;4;3;4;6;5;4;1;4;6;1;2;1;0;1;2;1;2;2;2;2;0;0;1;1;1;0;1;0;0;0;0;0;0;0;0;0;0;0;0
280740205000023;1;802;802;218;150;223;106;6;13;4;1;46;1;9;0;7;8;6;0;4;0;0;9;1;0;2;1;2;2;0;0;0;0;0;1;10;10;8;9;15;7;13;14;15;18;8;13;20;20;11;15;14;21;19;13;11;16;11;13;12;16;20;20;18;10;10;15;12;13;13;10;12;8;8;15;16;12;11;10;13;14;12;5;11;12;6;13;8;5;12;7;3;2;4;7;9;5;10;2;2;7;6;4;1;3;3;2;1;2;0;0;0;3;1;3;1;0;4;0;0;1;0;1;0;3;0;0;0;0;0;0;0;0;0;0
280740205000024;1;686;686;206;130;162;92;3;6;13;1;45;1;9;0;8;0;9;0;1;0;0;4;0;1;0;0;1;0;0;1;0;0;0;1;13;9;9;9;14;3;9;11;11;9;12;8;8;11;14;14;17;11;14;7;12;11;9;12;9;11;11;16;16;11;21;10;10;11;6;15;11;9;14;11;14;10;10;12;7;3;11;12;6;11;6;6;6;4;9;4;5;6;4;5;4;5;5;6;4;5;4;7;8;0;3;1;0;2;4;2;4;3;5;3;1;1;0;2;1;1;0;0;0;1;0;0;0;0;0;0;0;0;0;0
280740205000025;1;351;348;103;71;104;35;2;2;6;1;6;0;9;0;5;1;0;0;3;0;0;3;0;0;2;0;0;0;0;0;0;1;0;0;2;4;4;6;4;4;4;7;4;1;6;3;3;7;10;8;8;9;2;7;7;9;7;5;7;6;7;8;2;6;3;5;1;4;4;8;3;6;6;8;8;10;7;3;6;9;3;3;4;8;4;8;2;0;5;5;2;2;2;1;2;1;1;3;4;3;0;2;2;3;3;2;2;2;1;1;0;3;2;0;1;0;1;2;0;0;0;0;0;0;0;0;0;0;0;0;0;0;0;0
280740205000026;1;622;622;190;108;154;70;8;6;6;1;35;2;18;0;21;0;1;0;2;0;0;10;2;0;1;0;1;3;0;0;0;0;1;2;8;2;9;10;10;4;4;10;6;8;10;7;6;8;10;18;12;12;15;7;9;14;14;6;12;7;15;9;7;11;5;11;9;8;8;8;5;10;8;7;12;8;12;6;11;10;8;13;9;10;10;8;4;5;8;5;9;7;3;7;9;2;4;1;5;1;2;6;6;1;6;2;3;1;6;3;2;2;3;2;0;3;3;2;1;2;0;5;2;0;0;0;1;0;0;1;0;0;1;0
280740205000027;1;551;551;177;95;103;86;9;6;8;2;38;0;8;0;11;2;6;0;0;0;0;4;0;0;1;1;0;0;0;1;0;1;0;0;5;3;19;4;10;6;5;9;7;8;8;14;13;8;8;13;8;6;12;13;6;7;2;14;11;6;16;7;9;8;6;8;8;11;10;10;4;12;12;6;7;8;8;8;6;7;6;6;9;2;2;6;5;5;3;6;5;8;2;4;7;3;1;3;5;4;3;2;6;6;3;5;1;8;4;1;1;2;2;3;1;1;3;2;1;2;1;0;0;1;0;0;0;0;0;0;0;0;0;0
280740205000028;1;910;903;278;157;191;127;13;5;6;3;50;0;27;1;16;15;4;0;14;0;1;11;0;1;1;1;1;0;0;1;1;1;1;3;14;10;7;14;15;17;14;12;18;20;12;16;12;10;17;16;15;19;13;13;15;13;20;10;13;18;17;17;14;21;17;14;15;13;15;14;10;14;19;12;10;11;10;8;13;13;10;10;10;16;12;9;8;10;14;7;6;5;4;3;9;5;7;5;4;6;6;9;6;3;1;8;8;5;3;5;2;2;2;4;6;2;4;0;4;1;0;2;3;1;1;0;1;0;0;0;0;0;0;0
280740205000029;1;787;787;262;116;111;132;2;6;17;2;53;2;35;1;26;17;1;0;4;0;0;8;1;0;1;0;1;0;1;3;1;0;0;0;8;10;8;5;5;9;7;9;9;12;11;12;7;13;15;15;19;16;22;25;16;25;11;22;16;23;17;14;20;15;13;17;13;4;10;10;8;7;14;18;14;12;11;8;9;10;7;5;4;6;5;7;4;8;8;5;4;7;2;5;5;9;5;3;9;1;4;6;4;1;7;4;4;5;3;5;2;5;2;3;3;3;1;3;3;1;1;1;0;2;0;1;0;1;0;0;1;0;0;0
280740205000030;1;1292;1267;347;206;263;262;47;9;13;1;66;3;31;2;8;3;6;0;0;0;25;26;1;4;2;4;2;0;2;2;2;1;6;0;26;26;29;21;23;28;32;25;38;33;30;32;30;29;34;37;36;23;27;32;21;23;21;24;24;28;18;16;17;22;18;22;16;12;12;21;20;11;12;19;16;15;22;10;9;13;11;17;18;6;10;6;6;14;12;3;4;1;2;8;9;5;5;5;8;4;2;4;6;3;2;2;1;5;4;3;5;2;6;5;1;1;0;1;0;1;1;0;1;0;0;0;0;0;0;1;0;0;0;2
280740205000031;8;599;599;166;107;196;82;7;4;0;1;25;4;5;0;2;0;0;0;0;0;0;5;0;1;0;0;0;1;1;0;1;0;1;0;11;10;15;11;12;14;17;17;7;17;17;17;15;8;14;14;7;8;6;9;7;5;8;12;12;9;10;13;5;10;8;7;10;10;6;8;6;7;9;3;7;9;4;6;4;6;7;2;3;3;0;5;3;3;2;7;5;6;6;9;3;6;6;1;7;5;4;1;3;2;3;6;3;3;3;4;3;2;5;3;0;0;1;0;1;3;1;1;2;1;0;1;2;0;0;0;0;0;0;0
280740205000032;8;78;78;22;17;31;1;0;0;3;0;0;0;4;0;0;0;0;0;0;0;0;2;0;0;0;1;0;0;0;0;1;0;0;0;1;0;0;5;1;0;1;1;1;1;3;1;2;3;0;0;3;3;3;1;3;1;1;0;0;1;0;0;1;0;0;1;1;3;0;1;1;1;4;1;0;1;0;0;1;0;1;0;0;1;2;1;3;1;1;1;1;1;2;1;2;0;0;1;0;1;0;1;1;0;0;0;0;1;0;0;0;0;1;0;0;0;0;0;0;0;0;0;0;0;0;0;0;0;0;0;0;0;0;0
280740205000033;5;512;512;157;77;90;111;7;5;0;1;43;2;3;2;13;0;1;0;0;0;0;7;0;2;3;0;0;0;0;1;0;0;0;1;11;4;10;10;9;7;12;9;7;13;16;12;12;14;16;11;15;13;10;10;10;6;11;13;9;1;4;5;4;8;10;5;2;7;4;7;4;6;11;3;8;8;9;7;5;4;3;7;2;5;3;3;7;4;2;1;4;3;2;2;1;4;2;2;6;4;1;7;1;7;2;1;1;3;1;3;1;1;1;3;1;4;0;1;1;0;2;0;0;1;1;0;1;0;0;0;0;0;0;1
280740205000034;8;455;454;139;77;140;49;3;2;2;0;29;3;7;0;2;0;2;0;0;0;0;3;0;0;0;0;0;1;0;1;0;0;1;0;7;5;9;4;11;9;9;7;10;7;6;10;8;10;13;11;15;13;6;6;7;7;12;5;8;5;4;8;4;6;3;4;5;5;4;2;9;7;2;3;5;5;11;5;8;7;5;5;2;5;6;6;5;5;7;7;1;5;2;6;0;2;2;0;2;4;4;4;1;6;0;3;1;1;5;1;1;1;0;4;1;0;4;3;0;3;2;0;0;0;1;0;0;0;0;0;0;1;0;1
280740205000035;5;643;643;206;114;172;76;4;5;4;1;41;2;4;0;10;2;2;0;0;0;0;12;2;1;0;0;1;0;0;1;3;1;1;2;13;9;8;14;13;13;9;16;10;10;9;15;18;10;18;13;16;17;7;10;10;12;13;6;8;8;9;12;8;8;4;7;12;8;12;5;7;5;7;5;8;3;5;8;6;9;10;7;4;5;8;5;1;1;6;5;5;10;6;9;8;5;5;6;3;4;4;4;1;4;3;4;2;2;6;4;8;4;2;4;1;2;0;3;1;4;0;0;1;0;0;0;0;0;1;0;0;0;0;0
280740205000036;5;388;388;111;72;145;23;0;3;1;0;24;1;4;0;3;0;1;0;0;0;0;8;0;0;1;1;0;3;0;1;1;0;1;0;5;8;2;4;6;4;9;6;9;13;8;7;12;7;10;9;10;12;9;5;8;5;5;3;6;2;4;7;6;4;7;8;2;2;7;10;7;4;7;2;3;5;5;5;8;7;6;1;1;2;5;7;1;1;5;2;5;2;0;7;1;2;2;3;2;2;2;3;2;1;2;2;1;2;2;3;1;2;1;0;1;0;1;0;0;1;0;1;0;0;1;0;0;0;0;0;0;0;0;0
280740205000037;8;761;761;218;148;236;102;10;4;0;1;27;0;5;0;5;3;2;0;0;0;0;12;0;1;2;1;2;1;1;1;3;0;0;0;9;9;9;8;12;20;17;15;22;23;15;16;21;22;29;21;17;19;18;7;11;12;15;16;11;16;10;12;8;13;10;6;11;8;4;14;9;6;11;13;10;15;6;8;4;10;9;4;9;7;4;7;8;10;7;6;4;1;7;8;4;3;3;10;6;4;2;2;1;6;1;4;3;0;2;1;2;1;0;2;0;0;0;0;1;0;0;0;0;0;0;0;1;0;0;0;0;0;0;1
280740205000038;5;552;552;169;109;155;67;5;3;2;3;29;0;3;0;7;0;0;0;0;0;0;7;0;1;0;0;0;1;1;0;2;1;1;0;9;5;10;3;5;3;8;9;10;9;10;11;18;10;18;19;18;13;12;8;10;8;9;5;12;4;6;7;10;4;8;4;6;4;8;8;4;4;3;6;12;2;7;8;8;4;3;4;5;9;3;8;10;9;4;9;4;3;5;8;5;5;5;8;4;0;3;0;6;3;3;5;4;0;7;2;2;1;2;3;3;1;1;2;3;0;2;1;1;0;0;0;0;0;0;0;0;0;0;0
280740205000039;8;569;569;173;123;197;26;2;0;7;0;20;0;6;0;10;0;5;0;0;0;0;5;0;1;0;0;0;0;1;2;1;0;0;0;5;5;9;6;7;11;7;3;10;16;13;6;13;11;15;19;15;14;10;15;12;6;12;8;7;5;4;11;5;2;8;3;9;12;7;4;6;10;6;13;15;10;11;3;8;9;5;5;8;3;3;5;5;6;4;12;3;4;2;5;7;5;3;5;3;8;4;3;5;7;1;0;0;8;2;2;2;1;2;3;2;1;0;1;0;1;2;0;0;0;0;0;0;0;0;0;0;0;0;0
280740205000040;5;171;169;55;41;49;14;0;3;2;0;5;0;0;0;1;0;1;0;0;0;0;1;0;0;0;1;0;0;0;0;0;0;0;0;1;2;3;1;2;2;2;1;1;2;1;4;3;4;0;5;8;9;1;4;3;9;3;2;7;1;1;3;0;6;1;1;1;2;5;3;1;1;2;1;1;5;4;3;3;1;3;3;2;1;2;2;2;1;0;1;1;2;1;2;1;0;3;2;0;1;2;3;0;1;2;1;0;0;0;2;0;0;1;0;0;0;1;0;0;0;0;0;0;0;0;0;1;0;0;0;0;0;0;0
280740205000041;5;475;475;143;95;143;49;3;2;4;1;23;0;5;2;5;0;0;0;0;0;0;6;0;0;1;0;1;0;1;0;2;0;0;1;7;6;4;11;7;5;11;7;9;9;12;11;7;10;9;8;13;13;6;10;6;10;9;4;7;3;3;6;5;8;5;11;7;5;7;7;4;6;5;8;7;5;5;4;9;9;4;7;6;5;7;1;3;3;2;4;2;8;3;5;3;4;4;2;3;3;5;6;2;8;3;0;2;1;3;4;1;2;1;1;2;1;1;0;1;1;1;1;0;0;0;1;1;0;1;0;0;0;0;0
280740205000042;5;395;395;128;74;112;46;3;3;0;0;19;1;0;0;6;0;3;0;0;0;0;2;0;0;0;1;0;1;0;0;0;0;0;0;4;3;4;12;7;6;5;14;9;9;13;7;4;6;7;7;10;5;4;5;4;6;7;5;6;6;5;7;5;8;8;4;7;6;10;8;5;5;3;9;2;5;6;3;2;4;6;6;3;5;6;3;3;2;6;2;4;1;2;4;2;2;4;1;4;1;4;2;2;3;3;1;2;4;1;3;1;0;1;0;1;0;1;1;2;1;2;1;1;0;0;1;0;1;0;0;0;0;0;0
280740205000043;8;127;0;0;0;0;0;0;0;0;0;0;0;0;0;0;0;0;0;0;0;127;0;0;0;0;0;0;0;0;0;0;0;0;0;0;0;0;0;0;0;0;0;0;0;0;0;0;0;0;0;0;0;0;0;2;3;6;8;9;10;9;14;5;4;10;3;2;5;4;4;5;2;2;2;5;3;1;1;1;0;0;1;3;0;0;0;0;0;1;0;0;0;0;0;0;0;2;0;0;0;0;0;0;0;0;0;0;0;0;0;0;0;0;0;0;0;0;0;0;0;0;0;0;0;0;0;0;0;0;0;0;0;0;0
280740205000044;8;184;184;64;41;32;19;1;4;5;0;9;0;5;0;4;0;0;0;0;0;0;3;0;0;0;0;0;0;0;1;1;0;1;0;1;0;2;1;0;1;1;0;3;6;5;0;4;2;7;4;3;2;2;4;3;5;1;4;2;4;5;2;6;4;1;1;1;3;3;1;2;5;4;1;0;2;4;5;1;2;1;5;3;3;6;2;2;7;2;3;0;1;0;2;0;1;0;2;1;1;1;1;2;2;0;1;1;1;0;0;1;1;0;3;1;1;0;0;0;0;2;0;0;0;0;0;0;0;1;0;0;0;0;0
280740205000045;5;521;521;180;125;151;21;0;1;11;1;13;1;13;0;4;0;0;0;0;0;0;4;0;0;0;0;2;1;0;0;0;0;0;1;13;5;7;6;8;7;9;8;11;9;9;11;8;12;11;6;8;8;8;16;8;4;13;9;13;11;12;8;9;7;8;4;7;8;9;9;8;9;6;13;5;7;9;3;5;7;7;5;8;7;3;1;4;3;7;7;4;3;3;8;3;3;2;3;4;4;1;2;4;2;2;4;3;4;1;2;0;1;2;0;0;2;1;0;1;1;0;0;0;3;0;1;0;0;0;0;0;0;0;0
280740205000046;5;206;206;65;36;57;22;0;3;2;0;8;0;4;0;9;0;0;0;0;0;0;1;0;1;0;0;0;0;0;0;0;0;0;0;1;2;5;2;7;4;2;3;2;6;3;2;2;3;4;5;2;7;6;2;0;5;2;6;6;2;3;3;3;4;2;5;3;2;8;6;3;2;1;1;3;9;2;5;2;2;4;3;3;1;0;1;1;1;2;1;2;1;0;2;1;2;1;0;0;0;2;0;0;1;2;3;0;1;1;1;2;1;1;2;0;1;0;0;0;0;1;0;0;0;0;0;0;0;0;0;0;0;0;0
280740205000047;8;262;262;87;49;72;29;1;4;3;0;10;0;4;0;1;0;1;0;1;0;0;2;1;0;0;0;0;0;0;0;0;1;0;0;2;4;1;2;3;4;2;6;5;5;3;4;5;6;6;2;7;10;6;4;4;3;6;5;4;1;4;4;5;2;1;4;3;3;0;3;4;2;2;3;1;4;5;4;4;3;4;6;0;5;2;3;2;1;3;1;4;4;6;3;5;6;5;2;0;1;4;3;1;2;1;0;2;2;3;0;0;2;0;0;1;2;1;1;0;0;0;0;0;0;1;0;0;0;0;0;0;0;0;0
280740205000048;7;287;287;78;52;79;61;3;1;0;0;6;0;6;0;1;0;0;0;0;0;0;5;0;1;0;0;0;0;0;0;2;0;2;0;7;12;7;2;10;5;6;10;10;5;7;4;12;4;10;3;7;4;6;5;6;4;5;4;4;6;4;5;4;3;5;7;12;5;6;5;2;1;1;5;3;1;2;5;1;0;1;1;3;4;3;1;0;1;2;2;2;0;3;1;2;0;4;0;3;0;0;0;0;0;2;0;2;0;0;0;0;1;0;0;1;0;1;0;0;0;0;0;0;0;0;0;0;0;0;0;0;0;0;0
280740205000049;8;269;269;79;55;98;19;0;3;3;0;9;0;0;0;1;0;2;0;0;0;0;1;0;0;0;1;0;0;0;0;0;0;0;0;0;6;6;4;3;4;5;4;5;5;6;4;9;5;12;8;5;5;5;6;6;3;2;3;2;1;5;1;3;2;4;6;2;2;5;4;1;3;4;3;3;4;3;4;3;0;5;0;4;3;0;1;2;4;2;0;1;4;3;2;3;3;0;3;4;5;1;2;3;5;0;0;2;2;1;1;1;2;2;3;0;1;0;1;0;2;1;0;1;1;0;1;0;0;0;0;0;0;0;0
280740205000050;8;606;605;165;118;211;57;1;8;4;1;31;3;5;1;0;1;0;0;0;0;0;12;2;0;1;0;2;1;1;1;1;0;1;2;8;4;10;11;14;7;10;9;15;13;21;14;13;16;17;16;22;13;16;9;11;10;4;12;7;12;6;8;10;8;6;1;6;9;5;10;11;7;9;5;4;9;4;4;8;7;7;5;5;1;4;7;4;7;5;2;2;2;8;5;5;2;6;5;8;6;4;1;3;3;4;2;4;3;4;1;2;2;2;0;0;0;2;1;1;1;2;0;1;1;0;2;0;0;0;0;0;1;0;0
280740205000051;5;232;232;66;49;76;23;0;1;3;2;11;0;1;0;0;0;0;0;0;0;0;4;1;1;1;0;0;0;1;0;0;0;0;0;7;1;1;2;5;2;0;4;3;7;8;3;9;5;7;6;3;10;2;7;0;3;2;3;3;1;2;5;4;1;4;3;5;2;5;6;5;5;1;1;3;1;3;1;3;2;3;0;1;2;1;2;1;3;4;6;0;5;1;3;1;1;6;3;3;1;0;1;0;1;0;1;0;1;0;0;2;0;1;2;0;0;2;0;1;0;0;0;0;1;1;1;0;0;0;0;0;0;0;0
280740205000052;8;263;263;58;46;113;11;1;11;0;0;18;0;1;0;1;2;1;0;0;0;0;2;0;0;1;0;0;0;0;1;0;0;0;0;5;6;1;1;6;1;5;2;7;8;7;6;6;8;5;5;5;6;4;12;5;5;6;5;10;6;7;5;3;2;3;3;2;2;2;1;2;3;0;3;3;2;0;4;1;3;3;2;1;1;3;4;5;2;3;3;5;4;1;4;1;2;1;3;2;0;1;1;2;4;2;1;1;1;1;1;0;0;0;0;0;0;0;0;1;0;0;1;0;0;0;0;0;0;0;0;0;0;0;0
280740205000053;8;231;231;71;42;71;23;1;2;0;1;15;1;1;0;2;1;0;0;0;0;0;2;1;0;0;1;0;0;0;0;0;0;0;0;3;8;1;5;3;3;5;4;10;5;2;6;6;8;5;6;3;4;3;2;3;3;3;6;5;0;4;1;1;2;1;7;3;4;3;2;2;3;5;3;3;7;5;3;1;2;1;1;2;3;1;1;3;1;2;4;2;0;2;0;4;4;3;4;0;3;2;0;1;1;0;1;2;0;0;2;1;3;0;0;0;0;1;0;0;0;0;0;0;0;0;0;0;0;0;0;0;0;0;0
280740205000054;5;374;374;107;69;124;32;0;3;12;1;17;0;5;0;3;0;1;0;0;0;0;6;0;2;0;1;0;0;1;1;0;1;0;0;6;5;7;9;6;6;8;6;16;9;8;8;8;4;12;9;7;5;8;8;8;4;2;2;4;8;7;6;6;6;8;3;5;12;6;3;2;0;7;9;5;4;4;8;5;3;2;3;4;6;1;1;3;2;1;5;1;1;3;2;1;2;5;4;3;3;1;2;1;1;1;2;0;0;2;1;2;0;1;1;2;1;1;1;0;0;1;1;0;0;1;0;0;0;0;0;0;0;0;0
280740205000055;5;171;170;55;33;51;18;2;0;2;1;2;0;5;0;1;1;0;0;0;0;0;2;0;0;0;0;0;0;1;0;1;0;0;0;2;1;6;4;6;3;1;2;2;3;8;3;1;1;4;4;3;3;4;2;1;6;1;0;4;2;2;1;3;8;3;5;2;3;0;1;2;1;2;3;4;1;0;2;0;0;2;4;3;1;2;1;2;3;2;2;1;2;1;2;2;0;1;1;2;1;3;2;0;0;1;0;1;0;0;0;1;1;2;0;0;0;0;0;1;0;0;0;0;0;1;1;0;0;0;0;0;0;0;0
280740205000056;8;178;178;58;34;60;20;0;2;0;0;2;0;0;0;1;0;1;0;0;0;0;1;0;1;0;0;0;0;0;0;0;0;0;0;2;3;2;3;4;4;3;6;4;3;5;5;5;4;5;3;4;4;3;2;4;1;2;0;1;1;5;4;3;3;0;4;1;2;0;3;3;5;2;1;0;1;3;4;1;3;2;1;1;3;4;0;2;6;2;3;3;1;1;0;2;0;1;2;4;0;0;2;1;2;1;1;0;0;0;0;0;0;0;0;0;0;0;1;0;0;0;0;0;0;0;0;0;0;0;0;0;0;0;0
280740205000057;1;620;620;194;111;126;86;7;7;4;0;46;0;13;0;18;0;8;0;0;0;0;8;0;1;0;1;0;1;3;0;0;1;0;1;6;7;9;5;11;12;10;8;8;9;13;11;8;10;12;7;15;9;13;15;10;13;17;13;12;11;15;3;9;12;7;13;14;12;13;4;16;5;11;14;5;14;11;10;9;5;6;5;4;5;8;3;5;1;3;5;2;3;2;2;2;4;4;4;1;5;5;3;7;3;3;4;4;5;4;0;1;3;2;6;0;0;2;0;2;0;1;1;1;0;3;0;0;0;0;1;0;0;0;1
280740205000058;1;782;779;231;147;204;103;10;4;5;3;39;0;9;0;18;9;0;0;0;0;0;12;2;0;1;1;2;1;2;2;1;0;0;0;11;12;7;10;12;13;16;14;16;15;13;8;16;16;17;18;24;14;11;19;16;17;18;20;14;12;13;11;13;13;11;22;16;5;17;12;17;9;9;15;9;16;13;10;6;11;6;4;8;7;7;5;10;8;7;5;7;2;6;4;1;4;5;5;5;3;6;2;3;2;0;2;1;2;1;2;2;0;1;2;2;0;2;2;0;0;2;0;0;0;0;0;0;0;0;0;0;0;0;0
280740205000059;1;434;434;131;69;89;76;9;5;4;2;19;3;10;0;15;1;0;0;1;0;0;12;2;0;1;0;1;0;2;0;2;3;1;0;6;6;2;8;7;6;6;3;11;10;8;5;11;6;4;10;12;6;7;6;10;10;12;10;9;9;5;8;11;10;7;9;7;5;4;10;11;7;3;2;6;9;10;6;1;3;7;0;5;1;3;6;5;3;6;2;6;3;2;2;2;1;2;0;4;0;1;0;4;2;1;2;3;0;2;1;2;1;0;4;1;0;1;0;0;1;1;0;0;0;0;1;0;0;0;0;0;0;0;0
280740205000060;1;904;904;228;135;197;202;32;11;1;0;64;3;14;0;14;0;3;0;0;0;0;21;2;1;2;2;5;2;1;3;0;1;1;1;26;23;29;21;19;20;18;23;22;27;20;20;20;29;24;22;21;18;14;21;20;22;16;20;21;17;8;17;17;15;16;14;14;12;16;5;9;11;7;9;12;10;10;10;7;12;5;7;4;7;6;3;6;2;4;4;4;2;4;7;5;2;3;1;0;3;1;0;2;2;0;1;1;3;0;2;1;1;0;2;0;0;0;1;0;2;0;0;1;0;0;0;0;0;0;0;0;0;0;0
280740205000061;1;662;662;183;109;168;134;17;3;5;1;21;1;7;0;10;2;1;0;0;0;0;9;1;0;0;0;3;1;1;0;2;0;0;1;16;15;14;10;20;11;14;21;13;21;11;14;13;20;17;16;16;16;7;15;12;13;11;11;12;10;13;17;9;13;2;9;14;13;6;12;7;8;7;8;6;6;8;14;5;8;6;12;2;4;5;8;5;6;5;6;3;1;0;2;4;2;0;1;2;4;1;3;2;0;1;2;1;2;1;1;0;1;1;1;0;0;1;1;0;1;0;0;0;0;1;0;0;0;0;0;0;0;0;0
280740205000062;1;494;494;143;92;106;70;10;10;8;1;39;0;9;0;4;0;1;0;1;0;0;4;0;0;0;0;1;1;0;0;1;0;1;0;8;8;10;8;13;5;10;10;7;17;9;7;13;14;5;10;9;11;8;12;11;7;6;10;8;9;9;8;13;7;8;13;7;6;7;5;8;8;4;7;9;1;9;4;3;8;8;3;5;5;4;3;0;1;4;3;7;7;4;3;3;3;0;3;1;3;1;3;2;1;6;1;0;3;3;1;0;1;0;1;0;2;1;0;0;0;0;2;0;1;0;0;1;0;0;1;0;0;0;0
280740205000063;1;1063;1061;308;210;302;125;35;8;5;2;40;1;12;0;13;0;0;0;2;0;0;24;2;4;0;5;1;2;3;1;0;2;3;1;22;18;19;22;23;32;28;25;21;28;16;30;21;14;15;23;24;24;27;20;20;30;19;17;14;20;24;19;23;30;21;18;15;23;15;19;15;9;16;9;13;11;23;11;19;9;6;6;7;4;5;7;5;9;4;3;1;4;3;1;1;2;8;7;2;3;3;4;4;3;3;3;5;4;1;2;0;1;1;1;0;0;0;0;0;0;0;0;0;1;0;0;0;1;0;0;0;0;0;0
280740205000064;1;909;909;243;153;233;131;20;10;10;1;66;1;14;1;20;2;2;0;2;0;0;16;2;0;2;0;2;0;1;0;2;2;3;2;18;12;16;22;24;7;14;23;25;16;20;19;28;21;15;19;25;15;25;9;8;12;17;20;23;22;20;15;23;18;12;16;15;13;16;9;8;14;13;11;10;9;10;10;9;10;19;8;5;8;4;6;7;4;9;4;9;6;5;7;4;4;5;5;5;5;0;2;4;3;1;0;2;2;1;1;0;4;0;1;1;0;1;0;0;2;0;0;0;1;0;0;0;1;0;0;0;0;1;0
280740205000065;1;556;549;168;123;158;53;6;2;4;0;21;0;8;0;13;0;0;0;0;0;0;8;0;1;0;1;1;0;0;2;1;1;1;0;11;6;20;6;10;12;6;14;14;17;9;7;12;6;8;12;9;13;9;12;8;11;12;10;9;8;5;15;7;14;19;21;8;9;8;8;8;10;10;9;13;10;10;6;1;9;10;6;2;1;4;4;2;0;4;5;4;1;1;3;1;2;5;2;0;2;1;0;4;1;2;4;1;0;0;1;0;1;0;0;0;1;1;0;0;0;0;0;0;0;0;0;0;0;0;0;0;0;1;0
280740205000066;1;668;668;202;128;144;106;0;4;1;0;46;1;14;0;13;0;8;0;1;0;0;10;1;0;2;3;0;0;0;2;0;0;0;2;10;12;11;8;16;13;9;9;14;10;19;13;15;6;12;18;11;18;12;13;15;9;14;17;21;15;14;14;7;15;15;12;7;15;5;16;13;13;9;8;11;8;6;6;3;9;7;8;6;6;7;4;3;9;7;5;5;1;2;4;6;3;2;5;2;4;2;1;2;1;1;1;1;0;1;0;0;1;0;1;1;0;0;1;0;0;0;0;1;0;1;0;0;0;0;0;0;0;0;0
280740205000067;1;907;907;255;185;243;110;2;7;9;4;54;2;13;0;17;0;6;0;0;0;0;7;0;1;2;1;0;0;1;0;0;2;0;0;15;21;18;14;12;13;19;15;20;20;17;16;25;21;19;24;12;23;23;22;17;23;18;21;15;24;10;13;10;19;15;21;12;13;14;18;9;16;13;15;18;16;12;7;9;10;12;5;5;5;10;6;7;5;6;10;3;5;5;4;4;4;4;1;8;5;3;1;1;4;1;1;1;3;3;1;1;1;0;0;0;1;3;1;0;0;0;0;2;0;0;1;0;0;0;0;0;0;0;0
280740205000068;1;476;476;135;83;119;85;3;3;9;0;20;0;9;0;7;0;3;0;0;0;0;6;1;1;1;2;0;0;1;0;0;0;0;0;4;8;7;10;10;13;7;15;12;18;7;10;12;11;14;9;9;12;12;10;10;10;7;12;8;5;7;9;10;7;8;5;6;4;8;1;9;5;11;10;7;7;4;8;5;3;5;9;0;9;2;6;1;2;2;1;1;1;4;2;3;1;2;2;4;2;1;0;0;2;1;0;1;1;1;2;1;3;0;1;0;0;1;0;0;0;0;0;0;0;0;0;0;0;0;0;0;0;0;0
280740205000069;1;638;632;195;95;115;123;13;4;9;3;35;2;18;0;23;1;2;0;0;0;0;10;1;0;2;0;1;2;2;0;0;2;0;0;6;12;11;7;12;9;14;15;13;14;9;8;7;14;11;8;13;9;15;7;6;13;11;14;14;6;20;15;13;8;11;14;5;11;9;11;10;8;8;10;5;10;5;10;13;6;6;5;8;4;9;5;5;7;6;4;4;3;2;8;4;2;5;5;1;5;4;4;3;2;6;2;6;0;1;2;2;2;0;1;1;2;1;2;2;1;1;0;0;0;1;0;0;1;2;0;0;0;0;1
280740205000070;5;46;46;15;10;15;2;2;0;0;0;2;0;0;0;0;0;0;0;0;0;0;2;0;0;0;1;0;0;0;0;0;0;0;1;1;0;0;2;0;1;0;0;1;2;0;0;1;1;0;2;2;0;2;0;1;1;1;1;1;0;2;1;2;2;0;0;1;0;0;0;1;2;0;0;2;0;1;0;0;1;0;0;1;0;0;0;0;0;0;0;0;0;1;0;0;1;0;0;1;0;0;0;0;1;0;0;0;0;0;0;1;0;0;1;0;1;0;0;0;0;0;0;0;1;0;0;0;0;0;0;0;0;0;0
280740205000071;5;150;150;41;22;52;16;0;2;2;0;11;0;4;0;0;0;0;0;0;0;0;2;0;0;1;0;0;0;1;0;0;0;0;0;3;1;1;2;2;4;4;3;1;3;2;4;2;2;5;3;4;4;5;4;2;6;2;2;1;4;3;0;0;3;0;3;0;1;1;1;3;1;2;0;0;4;3;2;2;2;4;3;1;2;1;1;0;2;1;1;1;1;1;1;0;1;2;1;1;1;2;0;1;1;0;0;1;3;0;1;0;2;0;0;0;0;0;0;1;1;0;0;0;0;0;0;2;0;0;0;0;0;0;0
280740210000001;1;663;663;217;132;156;85;13;5;3;1;38;1;5;0;3;0;2;0;2;0;0;8;1;1;1;1;0;0;1;0;2;0;0;1;6;11;8;7;14;11;10;9;17;12;7;10;10;19;17;16;14;9;12;9;10;9;8;10;7;4;9;13;10;9;16;10;9;6;14;10;12;9;6;9;8;10;5;2;13;5;4;2;7;8;5;2;8;6;10;8;9;9;5;5;5;8;5;9;12;3;3;1;4;8;3;3;5;2;2;3;4;3;2;3;3;1;1;2;2;1;0;1;1;0;0;1;0;0;3;1;1;0;0;0
280740210000002;1;447;447;149;74;96;74;0;4;2;0;32;1;5;0;6;0;3;0;1;0;0;6;0;1;0;1;0;0;1;1;1;1;0;0;6;5;4;7;7;4;8;11;6;10;3;8;9;11;10;11;11;9;12;3;12;9;9;6;12;4;2;4;3;5;3;5;1;5;1;6;3;9;3;7;6;7;9;8;2;9;7;2;8;2;7;6;3;4;6;5;5;8;2;9;6;5;2;2;4;3;1;3;5;1;2;2;2;1;1;0;2;1;3;1;3;2;3;1;1;0;0;0;0;2;0;2;1;0;0;0;0;0;0;0
280740210000003;8;88;88;23;19;37;1;1;1;1;0;3;0;2;0;0;0;0;0;0;0;0;1;0;0;0;0;0;0;0;1;0;0;0;0;1;1;2;5;0;2;2;0;6;1;1;5;1;3;2;2;3;3;2;1;1;0;2;0;0;3;1;2;2;0;4;0;2;0;0;0;2;0;0;2;1;2;1;0;1;0;1;2;1;1;0;1;0;0;0;1;0;2;0;0;1;0;1;0;0;2;1;0;0;0;0;2;0;0;0;0;0;0;0;0;0;0;0;1;0;0;0;0;0;0;0;0;0;0;0;1;0;0;0;0
280740210000004;8;506;506;153;117;156;50;1;6;0;1;21;0;0;0;1;0;0;0;0;0;0;7;1;0;0;0;1;0;0;0;3;1;1;0;9;7;4;5;13;8;9;9;7;12;12;9;14;11;8;11;10;10;11;5;9;10;11;5;8;9;7;5;5;10;7;7;5;4;6;7;2;9;4;8;3;2;9;6;5;7;6;4;7;13;5;7;5;6;7;4;4;10;7;1;4;5;5;8;7;5;3;3;1;0;1;4;1;3;0;0;2;1;0;1;0;1;1;0;0;1;0;0;1;1;0;0;0;0;0;0;0;0;0;0
280740210000005;8;267;265;87;54;80;33;0;2;0;2;5;0;0;0;1;0;3;0;0;0;0;4;0;0;1;2;0;0;0;0;0;0;1;0;2;4;3;5;3;3;8;1;2;6;7;4;8;10;6;6;8;9;3;6;5;2;7;3;6;5;4;1;1;2;2;1;1;3;1;2;6;3;2;5;7;7;1;2;3;4;4;4;1;5;1;3;3;1;2;3;3;5;2;5;4;3;1;0;3;2;0;0;1;2;1;2;1;2;0;0;0;1;2;0;0;0;0;2;1;0;0;1;1;0;1;0;0;0;0;0;0;0;0;0
280740210000006;8;577;577;171;100;172;72;10;4;3;1;29;3;6;0;1;0;4;1;0;0;0;2;1;0;0;0;1;0;0;0;0;0;0;0;8;14;2;12;15;12;6;14;15;13;18;20;19;19;18;11;11;14;6;7;6;13;7;9;6;5;5;5;9;6;6;12;8;9;10;3;3;5;8;8;9;8;5;2;13;12;6;6;6;5;5;6;2;3;4;5;3;5;4;6;4;3;8;3;1;2;6;5;3;4;0;1;3;1;2;2;2;4;3;1;1;2;0;1;0;0;0;0;0;0;0;0;1;0;0;0;0;0;0;0
280740210000007;8;310;310;90;55;114;24;4;5;2;1;13;0;0;0;0;1;1;0;0;0;0;5;0;0;0;0;1;1;0;0;0;1;0;2;6;5;5;2;6;4;9;7;6;8;8;6;8;4;10;13;3;9;4;4;11;4;4;3;4;1;2;2;2;3;4;8;3;4;1;1;5;4;5;9;5;5;3;3;10;3;1;6;3;2;1;3;2;1;2;3;1;1;0;3;6;1;4;2;0;1;8;2;2;2;0;2;1;1;1;3;1;1;1;0;0;1;0;0;0;0;0;0;0;0;0;0;0;0;0;0;0;0;0;0
280740210000008;5;289;289;94;58;71;42;2;1;1;0;16;0;2;0;1;1;0;0;0;0;0;2;0;1;0;0;0;0;0;0;0;0;1;0;1;4;2;7;3;6;6;7;1;7;8;8;2;5;8;7;8;7;2;3;5;3;6;1;4;5;3;3;2;1;7;7;6;4;5;3;7;4;2;3;6;6;3;0;6;2;3;4;5;0;2;1;1;2;2;0;2;7;1;6;0;3;4;3;4;1;4;1;4;1;1;3;0;2;0;2;1;3;0;0;1;1;1;0;0;3;1;0;0;0;0;1;0;0;0;0;0;0;0;0
280740210000009;8;883;881;222;165;329;58;11;7;4;0;67;0;5;0;9;6;0;0;0;0;0;12;0;2;1;2;1;0;0;1;2;1;0;2;15;14;13;15;20;23;19;28;16;22;27;24;20;26;20;25;24;20;14;11;14;18;14;14;9;11;12;10;6;11;13;13;13;11;11;7;7;11;11;5;7;5;12;6;5;14;10;6;10;10;6;9;7;6;10;8;4;10;9;7;8;7;9;4;11;4;2;2;5;6;2;1;3;3;3;6;4;2;3;2;0;1;3;0;0;0;0;0;1;0;0;0;0;0;0;1;0;0;0;0
280740210000010;8;737;737;189;140;283;70;4;6;2;1;31;0;5;2;2;1;1;0;0;0;0;14;2;3;3;0;2;0;1;0;1;0;0;2;11;12;16;14;20;15;7;13;24;14;21;22;22;32;23;16;19;18;13;8;14;21;11;15;15;7;8;7;5;12;3;9;7;5;8;8;6;6;7;13;7;8;11;8;9;9;7;7;5;7;9;4;9;3;4;7;3;8;6;0;4;0;3;3;3;7;1;4;4;4;5;3;3;5;4;0;1;2;3;0;0;1;0;0;3;1;0;0;0;0;0;0;1;0;0;0;0;0;0;0
280740210000011;5;340;338;108;63;82;61;0;2;1;0;18;0;0;0;1;0;4;0;0;0;0;5;0;0;1;1;1;0;1;0;0;1;0;0;4;3;4;5;5;7;10;7;8;9;1;9;9;9;6;11;10;11;6;5;5;5;4;4;3;4;6;4;7;4;7;6;3;4;5;1;6;4;4;6;5;3;0;4;1;6;4;2;1;3;0;1;2;6;3;6;0;2;6;4;1;2;3;0;6;0;1;4;3;1;4;4;1;2;1;0;3;1;0;1;2;2;0;0;0;0;1;0;0;1;1;0;0;0;0;0;0;0;0;0
280740210000012;5;560;560;163;97;175;53;6;3;4;1;28;3;16;0;10;0;1;0;0;0;0;8;1;0;2;0;0;3;0;1;0;0;1;0;8;19;13;15;8;12;13;13;10;17;12;15;7;13;12;11;12;5;6;9;11;12;9;8;11;9;8;7;9;9;7;7;9;10;10;5;7;5;3;4;3;7;4;5;6;2;3;3;6;6;8;4;4;3;7;5;4;2;2;5;5;6;2;5;5;5;3;5;0;5;2;5;2;2;1;1;2;2;1;0;2;1;3;0;2;0;1;2;0;0;0;0;0;0;1;1;1;0;0;0
280740210000013;5;626;626;189;112;198;64;8;1;1;0;35;0;2;1;9;5;0;0;1;0;0;7;1;0;4;0;0;0;0;0;1;0;0;1;5;11;16;13;7;12;9;16;21;10;16;19;13;9;21;15;16;12;6;7;13;13;9;8;9;7;10;5;6;6;9;5;9;8;8;4;11;17;5;12;4;7;8;7;13;5;5;6;9;4;4;3;9;6;8;5;4;4;8;5;1;4;5;5;2;4;3;2;5;1;2;1;2;3;1;4;3;4;1;4;0;3;0;1;1;1;1;0;1;1;1;0;0;0;0;0;0;0;0;0
280740210000014;5;223;223;66;41;63;25;0;0;2;0;21;1;2;0;2;0;0;0;0;0;0;5;0;1;1;0;1;1;0;1;0;0;0;0;1;4;1;3;5;1;5;3;3;7;4;5;4;8;7;4;5;6;0;6;2;3;6;7;2;0;1;5;7;4;1;5;5;5;1;1;3;0;4;1;3;2;0;3;6;3;2;2;2;2;2;3;3;2;2;0;2;1;0;4;2;0;0;0;0;0;1;3;0;2;0;1;1;1;4;2;1;3;2;1;2;2;0;0;0;1;0;0;0;0;0;0;0;0;0;0;0;0;0;0
280740210000015;5;234;234;77;49;62;23;1;2;1;0;14;0;0;3;2;0;0;0;0;0;0;1;0;0;0;0;0;0;0;0;0;0;0;1;0;2;0;3;4;1;4;3;11;3;4;4;5;3;7;0;2;10;1;4;1;5;5;5;4;4;1;4;0;8;1;4;5;7;4;3;2;1;3;4;1;1;2;0;2;6;2;2;2;5;2;4;4;3;2;3;3;4;1;3;3;4;1;4;3;2;2;2;1;0;2;0;0;0;1;2;1;2;0;2;2;0;0;1;0;3;0;0;0;0;0;0;0;0;0;0;0;1;0;0
280740210000016;5;209;209;52;32;61;49;1;1;2;0;9;0;2;0;0;0;0;0;0;0;0;6;1;1;0;1;0;0;1;1;0;1;0;0;3;2;9;3;3;5;3;4;8;5;7;5;5;6;6;7;7;7;4;3;0;4;5;1;3;2;1;6;5;2;4;3;7;7;3;2;1;0;3;2;1;2;4;2;0;0;0;0;3;2;1;3;1;1;0;0;2;2;1;1;0;4;3;0;0;0;0;0;1;2;2;1;1;0;0;0;0;0;0;0;0;0;0;0;0;0;0;0;0;0;0;0;0;0;0;0;0;0;0;0
280740210000017;7;258;258;72;53;85;23;3;5;1;0;14;0;2;0;0;0;0;0;0;0;0;3;0;0;0;1;1;0;0;1;0;0;0;0;6;3;4;4;2;5;9;8;5;5;8;4;11;4;5;9;4;8;8;4;2;3;2;3;1;1;1;1;3;3;6;3;1;4;4;3;2;2;2;2;5;4;2;4;4;4;1;7;1;1;6;4;4;9;3;3;2;5;1;4;2;1;5;1;1;1;0;0;0;1;0;0;2;0;0;1;0;0;1;0;0;0;0;0;0;0;0;0;0;0;0;0;0;0;0;0;0;0;0;0
280750105000001;1;688;688;216;128;167;101;9;6;0;1;41;1;8;1;6;0;2;0;1;0;0;10;0;0;0;0;2;3;2;0;0;1;0;2;7;14;11;7;12;8;12;9;11;14;14;13;16;17;11;17;17;17;8;14;11;9;19;13;10;9;21;16;13;15;11;10;5;7;7;7;10;9;9;5;8;7;5;9;6;11;13;10;10;7;4;4;6;8;4;3;5;8;2;4;5;3;6;5;5;4;12;3;5;4;1;3;0;1;1;2;3;4;1;3;2;1;1;0;1;0;0;0;1;1;0;0;1;0;0;0;0;0;0;0
280750105000002;1;891;891;256;141;224;157;11;6;5;3;69;0;9;0;9;0;0;0;1;0;0;20;1;1;1;2;1;1;3;2;4;2;2;0;12;20;14;15;19;24;20;10;24;26;25;20;19;21;21;26;22;20;18;14;13;13;15;10;19;17;16;19;17;13;16;19;15;12;15;20;10;12;3;10;13;7;6;6;16;6;7;10;5;10;4;11;2;8;6;9;6;7;1;2;2;3;1;2;4;5;5;2;5;9;1;1;2;1;1;0;2;1;0;0;1;2;0;2;2;0;0;0;0;0;0;0;0;0;0;0;0;0;0;1
280750105000003;1;1155;1148;345;214;303;143;9;13;13;3;66;2;15;0;11;1;12;0;0;0;5;7;0;0;2;1;1;0;1;1;0;0;1;0;18;20;21;16;15;14;25;14;21;14;20;20;16;26;25;27;18;25;32;17;22;27;20;21;23;21;27;27;26;17;16;21;19;18;16;16;12;18;17;22;13;9;12;16;16;15;19;15;10;13;9;11;5;9;11;8;9;9;8;4;12;12;6;7;5;6;4;5;4;7;4;4;2;4;4;3;3;2;6;3;1;2;2;0;1;2;0;1;1;1;0;2;0;0;0;0;0;0;1;0
280750105000004;1;638;638;201;119;145;84;6;7;3;1;35;4;7;0;16;9;0;0;1;0;0;8;0;1;1;1;1;0;1;0;1;0;1;1;10;3;11;5;9;15;9;12;8;15;7;10;18;7;9;10;8;21;8;5;11;15;18;6;8;15;14;10;9;14;11;12;10;14;12;9;10;13;11;14;4;8;5;7;3;6;6;9;10;6;3;2;6;4;6;7;7;5;6;5;6;3;5;5;6;4;4;1;3;6;6;7;1;7;1;0;3;1;1;1;3;0;0;0;1;0;0;1;0;0;0;0;0;1;1;0;0;0;0;1
280750105000005;8;315;315;84;62;134;9;8;3;3;0;7;0;2;0;1;0;2;0;0;0;0;6;1;0;1;0;1;1;1;0;0;1;0;0;4;3;4;4;6;8;3;6;10;7;17;7;16;9;8;5;7;4;7;3;6;3;3;4;6;6;8;6;4;4;7;6;0;0;5;8;8;7;4;6;5;6;3;5;4;2;4;3;6;1;1;2;1;2;1;1;2;0;1;0;3;1;0;2;5;0;1;0;1;0;1;0;1;1;0;0;0;0;0;1;0;0;0;0;1;0;0;1;0;0;0;0;1;0;0;0;0;0;0;0
280750105000006;8;853;853;207;143;299;92;31;13;5;2;37;0;5;0;18;1;0;0;0;0;0;12;1;0;2;1;1;0;1;2;2;1;0;1;27;20;19;28;28;17;24;20;28;15;23;22;27;21;17;21;19;28;18;11;11;21;11;15;9;9;15;17;9;15;16;8;10;7;6;13;9;8;9;9;10;13;7;11;8;7;12;2;7;9;1;3;3;6;6;6;8;3;5;3;1;3;3;4;1;3;4;2;6;5;1;2;0;2;1;1;2;2;0;1;0;1;0;0;0;1;1;0;0;0;1;1;0;0;0;1;0;0;1;0
280750105000007;8;82;82;22;13;27;2;0;0;1;0;9;0;1;0;4;0;3;0;0;0;0;0;0;0;0;0;0;0;0;0;0;0;0;0;3;1;0;1;3;3;2;4;1;2;0;1;3;2;1;2;2;1;0;0;5;0;0;0;1;1;1;2;0;0;2;2;0;2;2;0;1;2;1;1;1;0;0;0;1;1;0;2;0;2;0;3;0;1;2;1;0;1;0;1;1;1;1;0;0;0;0;2;0;1;0;2;1;0;0;0;1;0;0;0;0;0;0;0;0;0;0;0;0;0;0;0;0;0;1;0;0;0;0;0
280750105000008;8;673;673;167;119;220;104;17;6;2;0;25;2;2;1;6;0;2;0;0;0;0;17;2;0;1;4;2;0;1;0;2;4;1;0;14;11;13;12;16;24;16;19;18;19;13;21;18;21;22;18;15;10;15;16;18;13;9;14;10;12;8;6;6;12;8;12;8;13;5;8;7;2;10;9;6;10;9;4;13;7;1;5;5;4;5;5;4;3;2;3;4;3;2;5;2;2;2;2;3;1;0;4;2;2;1;2;1;1;0;2;1;0;1;0;1;1;0;2;1;0;0;0;0;0;0;0;0;0;0;1;0;0;0;0
280750105000009;8;511;511;128;81;130;83;17;6;9;0;32;0;15;0;10;0;0;0;0;0;0;13;1;1;0;0;1;1;2;0;2;2;1;2;8;5;10;10;10;8;8;16;15;16;12;18;16;14;15;18;9;10;10;9;9;8;13;6;7;5;8;7;7;11;13;8;5;11;4;6;8;9;6;8;4;8;2;3;7;4;7;1;6;10;2;3;1;3;3;2;4;1;1;1;3;1;4;1;0;1;0;1;1;3;1;0;1;3;3;2;0;0;1;1;1;0;0;0;0;0;1;0;0;0;0;0;0;0;0;0;0;0;0;0
280750105000010;8;761;761;185;148;281;57;11;12;2;0;42;0;6;0;16;0;1;0;0;0;0;9;4;0;0;0;2;1;0;0;0;2;0;0;13;11;16;17;15;19;16;16;16;13;20;22;14;20;25;23;17;17;11;20;12;15;10;13;14;16;6;14;15;18;12;12;11;11;14;7;9;12;6;8;10;7;8;9;6;10;10;7;8;6;3;5;5;8;3;2;4;8;1;5;4;4;4;0;5;3;2;4;5;2;1;5;4;0;4;0;0;1;0;1;0;1;0;0;1;0;0;0;0;0;0;0;0;0;0;0;0;0;0;0
280750105000011;8;864;864;226;176;301;76;8;6;3;2;41;0;15;0;8;1;0;1;0;0;0;11;0;1;1;3;0;0;0;2;1;0;1;2;11;7;11;15;15;18;18;14;10;20;17;20;14;22;28;27;16;19;23;25;23;21;14;12;12;17;18;14;18;11;9;13;16;11;19;10;17;14;11;16;15;12;12;12;8;2;9;9;9;5;8;5;5;7;3;5;8;3;5;4;0;4;2;1;4;10;3;1;5;7;3;1;1;2;3;2;3;1;0;1;2;0;2;0;1;1;0;0;0;1;0;0;0;0;0;0;0;0;0;0
280750105000012;8;923;923;245;169;318;102;7;15;7;0;43;0;6;2;9;0;0;0;0;0;0;19;0;0;5;3;1;1;1;3;2;1;1;1;8;19;13;15;15;16;18;19;24;22;21;17;14;13;25;19;27;16;18;25;28;17;22;19;22;14;18;11;19;12;16;13;19;14;8;8;13;9;16;9;10;7;14;9;10;11;9;8;6;13;9;5;7;6;10;5;7;7;6;4;1;1;6;3;5;6;3;7;3;3;2;2;3;1;3;5;1;3;1;2;2;2;1;0;0;0;1;0;0;0;0;0;0;1;1;0;1;0;0;0
280750105000013;8;257;257;63;50;100;31;2;2;0;0;6;0;3;0;0;0;0;0;0;0;0;8;0;2;2;0;0;0;0;0;1;2;1;0;6;2;5;4;4;5;7;8;3;5;3;7;5;11;8;9;5;9;3;2;2;6;5;3;5;3;7;4;2;6;3;3;3;4;2;6;3;2;3;2;2;2;3;2;2;3;3;2;1;1;2;0;4;2;2;4;3;1;3;0;1;3;1;3;0;0;1;1;3;0;0;0;1;0;0;1;1;2;0;0;2;0;0;0;0;0;1;0;0;1;0;0;0;0;0;0;0;0;0;0
280750105000014;8;41;41;13;11;13;0;0;1;1;0;2;0;0;0;0;0;0;0;0;0;0;0;0;0;0;0;0;0;0;0;0;0;0;0;2;1;1;3;0;0;1;0;0;0;0;0;0;0;0;0;0;2;0;1;0;0;1;1;1;1;3;1;1;1;2;0;0;1;0;0;0;0;0;1;0;0;0;0;0;0;0;2;0;1;0;0;1;0;0;2;1;0;0;1;0;2;0;1;2;0;1;0;0;1;0;0;0;0;0;0;0;0;0;1;0;0;0;0;0;0;0;0;0;0;0;0;0;0;0;0;0;0;0;0
280750105000015;8;246;246;63;46;110;11;3;2;0;0;11;0;0;0;0;0;0;0;0;0;0;3;0;0;1;0;1;0;0;0;0;0;0;1;2;5;4;7;8;10;3;5;3;6;4;11;7;4;8;9;4;6;4;3;2;5;3;6;7;1;4;4;3;2;5;4;2;4;5;1;7;3;4;6;2;2;0;3;3;0;3;1;0;1;2;2;2;2;1;1;1;5;1;0;1;2;1;1;0;1;2;1;2;1;1;0;1;2;0;1;0;1;0;1;0;0;0;0;0;1;0;0;0;0;0;0;0;0;0;0;0;0;0;0
280750105000016;5;414;414;110;68;162;42;1;6;2;0;21;0;1;0;1;0;0;0;0;0;0;6;2;1;1;0;0;0;0;1;0;0;0;1;4;9;8;11;13;7;8;9;12;12;16;9;10;12;12;4;10;11;7;9;11;4;8;3;9;6;6;6;4;6;4;5;6;6;5;4;1;4;8;8;1;8;0;1;6;1;3;5;6;2;1;3;2;1;2;2;0;3;3;5;2;6;1;3;3;3;3;3;2;0;2;0;1;0;3;3;3;0;1;1;0;2;0;0;1;2;1;0;0;0;0;0;0;0;0;0;0;0;0;0
280750105000017;8;56;56;16;10;13;9;0;2;1;0;1;0;1;0;3;0;0;0;0;0;0;0;0;0;0;0;0;0;0;0;0;0;0;0;1;0;1;1;1;0;2;2;2;0;2;1;1;0;2;0;1;1;1;1;1;0;0;0;1;0;1;3;0;2;0;0;2;2;0;0;0;0;0;3;1;0;0;1;0;0;3;0;0;1;0;1;0;0;3;1;0;1;1;1;0;0;0;0;0;3;0;0;0;0;0;0;1;1;0;0;0;0;0;0;0;1;0;0;0;1;0;0;0;0;0;0;0;0;0;0;0;0;0;0
280750105000018;8;287;287;85;57;73;25;20;3;0;0;22;0;0;0;2;0;0;0;0;0;0;7;1;1;0;1;1;0;1;1;1;0;0;0;3;0;6;4;7;5;5;6;5;11;6;7;4;6;12;7;7;3;3;2;1;1;4;1;6;2;5;5;2;4;4;5;5;2;3;5;4;1;4;5;3;4;1;2;3;3;9;2;2;3;5;1;2;2;3;3;4;2;0;4;0;3;0;3;5;2;1;1;4;2;2;3;2;1;1;1;1;2;0;5;1;1;0;0;0;0;0;0;0;1;1;0;0;0;1;0;0;0;0;0
280750105000019;8;352;349;96;63;110;36;9;2;0;0;25;0;1;0;6;0;4;0;0;0;0;11;1;1;0;3;1;0;2;0;1;1;0;1;3;7;11;9;4;9;10;6;15;5;7;7;11;9;7;9;7;7;4;4;6;5;7;6;0;6;3;3;5;4;2;3;6;3;5;9;5;4;3;3;4;5;1;4;2;2;4;7;6;2;2;2;1;4;1;4;2;3;3;2;3;1;2;1;2;1;2;2;0;4;2;0;3;0;1;0;4;3;1;0;0;2;1;1;0;0;0;1;1;1;0;0;1;0;0;1;0;0;0;0
280750105000020;4;295;295;83;58;99;29;2;5;2;0;12;0;2;0;2;1;0;0;0;0;0;8;0;0;2;1;1;0;0;1;1;1;0;1;2;7;3;3;2;9;6;3;9;8;9;5;4;7;5;3;6;15;4;4;2;4;4;8;2;5;9;8;8;8;5;9;2;6;4;6;2;5;3;4;5;4;3;7;4;4;1;3;4;3;2;3;0;4;1;0;3;1;2;0;0;0;1;1;2;1;0;1;1;2;2;0;0;1;1;0;0;1;1;0;0;0;0;0;0;0;0;0;0;0;0;0;0;0;0;0;0;0;0;0
280750105000021;4;296;296;90;66;76;39;2;2;0;0;16;0;0;0;5;0;0;0;0;0;0;4;1;0;1;1;0;0;1;0;0;0;0;0;3;6;3;5;4;3;7;8;7;6;7;4;6;8;6;7;8;4;4;4;1;3;5;6;10;6;6;3;3;6;9;3;7;6;2;4;6;7;5;0;4;3;3;1;3;4;4;1;3;1;5;2;2;1;3;2;1;2;2;1;2;2;2;4;3;3;3;1;2;4;0;1;0;1;2;1;2;0;0;0;1;2;0;0;0;0;0;0;0;0;0;0;0;0;0;0;0;0;0;0
280750105000022;4;211;211;57;31;56;40;4;3;1;0;16;1;1;0;1;0;0;0;0;0;0;2;1;0;0;0;1;0;0;0;0;0;0;0;3;1;2;4;4;4;3;6;9;5;8;11;13;7;10;4;3;1;1;3;2;2;4;5;1;1;2;0;3;4;0;1;2;4;4;6;2;5;7;2;1;3;2;2;3;3;1;1;1;1;1;2;1;1;0;1;1;2;0;1;0;2;0;0;1;2;1;0;2;2;1;1;1;3;2;0;0;0;0;0;0;0;1;1;0;1;0;0;1;0;0;0;0;0;0;0;0;0;0;0
280750105000023;7;204;200;53;41;80;19;1;3;1;0;4;0;0;0;2;0;0;0;0;0;0;5;0;0;1;0;0;0;0;0;1;1;1;1;2;4;2;5;1;7;4;3;3;6;1;7;3;8;5;8;6;7;5;6;2;2;4;7;11;3;4;4;2;3;1;1;2;1;2;0;4;2;1;0;2;2;2;2;1;1;3;3;1;3;3;2;3;2;2;3;1;1;0;4;3;0;1;0;2;1;1;0;0;0;0;0;0;0;1;0;0;0;0;0;0;0;0;0;0;0;0;0;0;0;0;0;0;0;0;0;0;0;0;0
280750105000024;8;278;278;76;55;94;29;6;3;2;0;10;1;2;0;0;0;0;0;0;0;0;5;1;0;0;0;1;0;2;0;0;1;0;0;8;7;8;4;7;4;4;6;5;4;3;6;6;6;9;6;6;10;8;6;4;2;4;9;4;5;8;6;3;5;4;5;7;4;1;3;3;3;3;3;4;2;3;3;2;4;2;2;5;2;4;2;2;0;0;0;1;0;3;0;2;2;3;3;0;2;1;0;0;2;1;0;1;1;1;0;1;0;0;0;1;0;1;1;0;0;0;0;0;0;0;0;0;0;0;0;0;0;0;0
280750105000025;8;124;124;32;26;50;5;0;0;1;0;5;0;2;0;2;0;1;0;0;0;0;3;1;0;0;0;0;0;0;0;1;0;1;0;3;1;5;1;2;2;1;4;4;3;2;1;2;5;3;3;3;1;1;1;2;1;3;0;3;3;5;1;0;2;4;1;3;3;3;2;2;0;0;0;2;1;1;0;1;1;0;3;1;1;0;1;1;0;1;1;2;0;1;3;0;0;1;0;0;2;0;1;0;2;1;0;1;2;0;0;0;0;1;0;1;1;0;0;0;0;0;0;0;1;0;0;0;0;0;0;0;0;0;0
280750105000026;1;772;771;233;135;216;111;6;8;3;1;41;1;7;0;6;1;2;0;1;0;0;9;0;0;0;2;1;1;0;1;2;1;0;1;5;9;13;12;11;15;9;10;14;12;9;16;13;20;24;18;15;13;16;13;15;26;21;20;12;11;15;18;11;20;15;13;14;10;17;10;6;7;10;7;6;9;10;7;10;11;9;9;5;9;7;12;5;3;5;8;3;3;3;7;4;9;3;7;5;4;1;3;2;4;3;2;1;5;2;2;0;4;0;3;1;2;1;5;0;1;1;0;0;2;0;0;0;0;0;0;0;0;0;0
280750105000027;1;668;668;205;120;179;109;8;8;3;0;15;1;11;0;5;1;1;0;2;0;0;12;3;0;1;2;1;3;0;0;1;1;0;0;6;12;13;14;17;8;12;7;15;17;16;14;10;18;14;9;14;17;11;5;12;14;18;15;14;11;17;13;12;13;7;11;18;11;9;4;8;10;8;4;8;10;4;8;5;8;6;7;5;4;8;5;6;5;5;11;4;5;4;3;4;2;5;3;5;4;0;4;0;2;7;1;0;3;2;3;2;2;0;2;1;2;0;0;1;1;1;0;0;0;0;0;0;0;0;0;0;0;0;0
280760005000001;1;939;917;273;157;212;150;18;22;6;1;63;1;11;0;13;0;11;0;1;0;0;9;2;0;0;0;1;0;1;0;1;1;3;0;12;10;13;12;13;19;11;15;16;18;23;13;15;25;17;19;30;15;14;19;21;22;22;12;13;22;19;18;14;20;14;15;11;13;19;13;8;14;15;17;9;15;7;13;9;15;16;15;13;11;11;8;4;10;10;8;9;6;7;7;4;3;7;5;4;9;1;0;5;4;6;3;2;2;2;3;1;1;1;0;1;1;1;1;1;2;3;0;1;0;0;0;1;0;0;0;0;0;0;1
280760005000002;1;494;494;140;79;111;86;3;4;5;1;37;1;7;0;12;5;2;0;1;0;0;5;0;0;0;3;1;0;0;0;0;1;0;0;4;13;9;5;5;8;7;10;7;11;12;7;12;7;7;9;12;12;9;12;9;10;7;12;9;9;5;7;9;12;7;7;5;8;9;7;6;6;7;7;5;4;3;4;5;4;6;5;6;5;5;7;2;8;7;5;5;1;3;5;4;4;3;3;5;4;2;0;0;2;3;4;1;4;1;1;1;2;3;2;1;0;1;2;1;2;0;0;0;0;0;2;0;0;0;0;0;0;0;0
280760005000003;1;1322;1308;360;232;342;198;14;18;6;5;76;1;21;0;30;0;8;0;0;0;7;22;1;0;2;2;2;1;2;3;2;0;2;5;17;28;24;24;17;26;25;24;23;35;27;24;38;35;35;29;27;30;26;34;27;35;33;26;23;12;24;19;29;16;25;22;16;27;16;13;16;13;13;24;22;18;14;17;13;9;20;17;10;12;10;8;16;12;4;14;9;7;8;9;6;5;4;9;11;3;4;3;2;4;1;1;2;1;3;0;1;2;1;2;2;2;0;0;0;1;0;2;0;1;0;0;0;0;1;0;0;0;0;0
280760005000004;1;897;887;251;163;180;123;17;8;6;2;77;0;19;0;30;5;5;0;1;0;10;10;1;0;1;0;0;1;1;0;3;1;1;1;14;14;12;18;14;11;13;17;20;22;18;15;19;15;18;19;14;16;12;15;22;16;24;27;22;24;21;17;16;12;12;13;11;17;11;10;14;8;9;14;7;12;13;15;5;12;8;10;11;8;5;9;5;6;6;10;8;6;4;3;5;3;4;4;2;2;7;3;4;8;4;0;6;5;2;3;3;2;3;3;3;0;3;0;2;0;1;1;0;1;0;1;1;0;0;1;1;0;0;0
280760005000005;1;765;764;223;116;139;75;4;4;71;4;24;1;61;5;32;4;0;0;1;0;1;7;0;2;0;0;1;1;1;0;1;0;0;1;13;11;2;8;5;7;8;16;12;14;14;11;22;13;14;10;11;9;16;11;16;20;16;16;14;16;20;13;15;10;12;11;18;12;23;13;13;9;6;11;11;4;8;12;11;11;6;4;13;5;7;4;11;4;6;4;6;4;9;7;8;7;3;6;7;7;5;2;5;7;4;2;6;4;2;3;2;4;2;1;2;1;2;3;1;0;0;0;1;0;0;0;0;0;1;1;0;0;1;0
280760005000006;1;679;679;197;104;139;108;12;7;7;0;64;3;18;0;11;0;9;0;0;0;0;11;0;0;0;2;1;0;2;0;1;2;0;3;12;11;12;7;13;9;12;14;11;14;13;8;15;15;10;11;15;11;8;17;15;13;17;10;10;8;13;16;11;12;7;16;14;8;5;11;5;13;4;10;11;8;7;6;8;4;7;9;7;12;10;8;9;5;8;9;8;7;5;7;3;2;3;3;4;2;2;2;0;0;3;1;0;1;2;1;3;5;1;6;5;0;2;0;1;0;0;0;0;1;0;2;0;0;0;0;0;1;0;1
280760005000007;1;982;981;306;198;235;119;10;13;8;5;60;0;12;0;14;0;0;0;2;0;0;12;0;1;0;2;1;1;0;1;4;1;1;0;11;9;15;13;19;10;25;14;16;6;19;14;19;16;22;20;13;15;19;11;18;25;28;23;18;19;20;17;11;19;20;24;16;9;16;16;23;12;12;15;16;15;16;12;12;14;11;7;12;8;11;10;13;6;7;12;4;3;6;9;8;5;6;5;5;4;6;6;4;6;2;1;4;9;3;3;2;5;1;2;1;1;1;1;1;4;1;0;0;1;0;1;0;0;0;0;0;0;0;0
280760005000008;1;1379;1344;384;245;344;213;40;17;4;4;83;3;9;1;17;3;11;0;1;0;0;34;4;5;1;4;3;1;5;5;4;1;1;0;36;35;36;42;33;36;25;29;41;27;36;19;29;22;27;29;29;38;19;18;40;29;21;23;21;29;30;33;29;28;17;20;16;13;18;22;10;13;16;18;21;17;13;20;15;16;13;11;11;12;11;11;10;7;5;4;8;5;5;7;7;7;10;4;3;3;6;3;1;1;3;2;3;2;0;0;2;4;1;1;3;0;0;2;1;0;0;1;0;0;0;0;0;0;0;1;0;0;0;0
280760005000009;1;724;720;191;121;168;106;26;8;1;2;63;4;4;2;15;3;6;0;0;0;0;10;1;2;3;0;0;0;0;0;1;0;1;2;16;14;16;8;12;13;13;11;22;19;21;16;18;17;10;15;11;8;13;7;20;20;15;18;11;17;9;11;17;18;18;9;8;8;13;11;7;10;10;15;10;8;5;5;7;7;5;7;4;7;6;6;8;2;4;8;1;3;0;3;6;5;0;2;1;4;5;2;0;6;3;3;2;2;1;1;0;4;2;1;1;1;0;1;2;3;0;1;2;0;0;0;1;0;0;0;0;0;0;1
280760005000010;1;1229;1229;356;239;319;170;23;7;8;1;62;3;24;0;9;3;0;0;4;1;0;20;3;2;0;3;1;2;1;3;1;0;1;3;21;26;27;15;26;28;32;15;17;31;33;25;28;23;18;31;18;25;22;27;33;22;28;15;25;22;17;21;13;21;15;26;22;23;19;19;17;13;17;21;6;16;10;18;17;8;14;7;12;22;8;9;8;5;9;14;5;5;7;10;4;9;3;4;6;2;4;7;4;5;6;7;3;1;7;2;0;4;4;5;0;1;2;4;2;1;1;0;1;0;0;0;0;0;1;0;1;0;1;0
280760005000011;1;1129;1129;324;215;307;132;28;18;6;0;64;0;15;0;13;0;6;0;1;0;0;19;2;2;2;2;1;1;1;1;0;1;4;2;21;13;19;14;21;20;25;17;25;32;23;22;21;20;30;26;21;31;23;12;26;30;27;23;26;20;20;27;29;23;17;14;27;20;17;13;11;18;11;16;12;17;16;14;8;15;14;7;13;12;8;11;7;3;5;5;3;3;4;6;3;6;4;7;8;3;3;2;2;4;3;0;4;3;4;1;2;3;4;5;1;0;1;0;1;1;0;0;0;0;0;0;0;0;0;0;0;0;0;1
280760005000012;8;422;422;111;72;127;47;10;3;3;1;35;0;1;0;8;0;4;0;0;0;0;5;0;0;1;1;0;0;0;1;0;1;0;1;7;11;5;8;7;7;2;12;14;13;16;13;9;9;13;8;5;6;8;9;6;9;8;7;8;5;6;6;6;10;6;4;8;9;7;5;6;7;2;7;1;2;4;3;3;5;5;2;4;7;3;4;4;3;2;2;4;2;4;4;1;4;1;1;1;4;3;5;2;2;0;1;1;2;0;0;1;1;1;2;0;0;0;0;1;0;0;0;0;0;0;0;0;0;0;1;0;0;0;0
280760005000013;8;163;163;41;29;51;12;10;2;1;0;8;4;0;0;3;0;2;0;0;0;0;4;0;1;1;0;0;0;0;2;0;0;0;0;3;7;5;3;5;6;1;6;4;8;5;1;3;4;0;0;3;7;2;2;1;4;1;4;4;3;3;1;4;3;3;2;4;2;2;6;2;1;2;0;0;0;0;2;1;3;2;2;2;0;0;1;1;1;2;1;0;1;1;1;0;3;0;0;0;0;0;0;1;1;1;0;1;0;0;0;1;0;0;1;0;0;0;0;1;0;0;0;0;0;0;0;0;0;0;1;0;0;0;0
280760005000014;4;746;727;187;107;167;134;35;9;4;0;67;2;12;0;12;10;0;0;0;0;0;15;2;0;4;2;0;2;0;2;2;0;1;0;14;20;19;8;21;17;22;14;25;18;25;17;28;19;21;13;18;11;19;22;18;17;26;13;17;8;12;13;17;9;7;4;6;12;8;4;6;8;7;9;4;6;7;5;4;5;6;7;1;11;5;3;3;8;7;6;3;2;4;1;3;0;4;5;1;0;5;2;5;1;1;1;1;2;1;0;3;1;1;1;0;1;1;0;1;0;0;0;0;0;0;0;0;0;0;0;0;0;0;0
280760005000015;5;261;261;59;51;103;18;7;4;0;0;19;0;0;0;0;0;0;0;0;0;0;4;0;1;0;1;0;0;0;0;2;0;0;0;6;2;7;4;3;7;5;3;7;7;7;8;8;4;7;5;10;5;10;5;4;6;4;3;3;3;3;3;7;7;4;3;4;1;2;7;2;2;2;5;2;2;3;3;1;4;3;4;1;5;4;2;2;2;3;2;0;2;1;1;0;3;1;0;2;2;0;0;2;0;0;0;0;1;0;0;2;0;0;1;0;0;1;0;0;0;0;0;0;0;0;0;0;0;0;0;0;0;0;0
280760005000016;7;252;252;67;42;62;41;5;2;1;0;21;1;2;0;7;0;1;0;0;0;0;3;0;0;0;2;1;0;0;0;0;0;0;0;4;9;4;8;10;2;6;9;7;6;7;8;6;9;5;8;6;3;2;5;5;3;2;3;1;4;1;2;6;11;2;3;6;4;3;4;2;5;3;4;1;3;0;0;2;5;2;3;1;4;3;2;1;3;1;0;1;4;1;1;0;2;0;1;3;1;0;1;0;0;2;0;0;0;0;0;1;0;0;0;0;0;0;0;1;0;0;1;0;0;0;0;0;0;0;0;0;0;0;0
280760005000017;8;541;528;160;106;147;48;14;4;6;1;20;0;24;0;7;2;2;0;0;0;0;11;0;2;2;2;0;2;0;0;1;0;1;1;6;9;15;9;14;5;13;12;16;8;19;11;10;11;12;11;6;12;16;13;15;13;10;15;13;10;12;16;7;11;12;11;10;7;5;6;5;6;5;7;6;6;4;8;8;6;5;2;5;4;2;4;1;3;3;2;2;3;0;2;1;4;5;2;2;1;1;1;1;2;2;0;1;0;2;0;1;0;1;0;0;2;0;0;0;0;0;0;0;1;0;0;0;0;0;0;0;0;0;0
280760005000018;8;549;549;139;92;163;61;20;8;3;1;34;1;11;0;14;2;0;0;0;0;0;8;0;0;1;1;0;0;2;2;1;1;0;0;9;12;11;18;13;15;9;13;21;7;14;11;5;15;14;15;13;7;11;11;8;12;12;13;4;11;11;6;12;13;10;8;9;6;4;7;4;8;7;5;3;2;7;5;6;3;2;4;3;4;6;3;6;6;2;2;1;5;2;2;4;3;6;3;5;1;4;3;4;3;0;1;2;2;1;1;1;2;0;2;0;0;0;0;0;1;1;2;0;1;0;0;0;0;0;0;0;0;0;0
280760005000019;4;703;702;192;109;129;150;14;9;4;1;66;0;7;0;16;0;6;0;0;0;0;16;1;1;0;3;1;1;2;0;1;2;1;3;17;10;12;16;16;20;15;13;17;25;20;19;17;12;13;17;10;12;9;18;18;11;14;9;12;13;12;13;10;10;12;10;7;13;15;8;4;5;5;10;7;6;8;9;7;7;5;4;7;7;5;4;3;6;2;13;3;5;4;5;4;3;3;2;2;5;5;3;2;2;1;0;0;2;0;1;1;4;2;1;0;1;0;0;1;1;1;1;1;0;0;0;0;0;2;0;0;0;0;0
280760005000020;8;612;612;150;108;213;69;16;2;3;1;27;0;5;0;11;3;4;0;0;0;0;17;1;2;1;2;0;0;0;2;2;2;1;4;15;18;11;9;15;12;17;9;14;19;14;14;14;14;19;17;16;16;17;19;13;14;15;9;6;16;12;9;14;4;5;4;11;10;3;6;5;8;9;4;7;3;6;4;3;7;7;3;7;8;5;2;4;3;4;2;5;4;0;4;1;2;3;2;2;2;1;0;4;2;0;1;1;1;1;0;0;0;4;0;0;1;0;0;0;0;0;0;0;0;0;0;0;0;0;0;0;1;1;1
280760005000021;8;979;972;247;162;329;78;45;10;3;2;67;0;13;0;18;5;0;0;0;0;0;22;2;1;2;2;5;2;0;2;2;1;2;1;14;25;20;19;24;21;20;20;23;39;30;28;25;30;22;21;26;26;16;23;16;21;17;9;6;15;10;14;12;13;14;16;15;13;15;12;13;8;10;5;15;13;9;5;11;11;8;8;8;5;5;6;12;6;11;6;2;6;9;6;5;12;4;5;3;5;4;2;0;2;3;0;2;2;4;2;2;1;0;2;0;0;0;3;1;1;0;0;2;0;0;2;0;0;0;0;0;0;0;0
280760005000022;8;159;159;41;34;63;5;0;2;2;0;8;0;3;0;0;1;0;0;0;0;0;2;0;0;0;0;0;0;0;0;1;0;1;0;0;1;5;1;0;2;1;1;2;2;4;2;1;6;3;2;5;4;1;5;5;3;3;3;1;4;3;1;1;3;1;4;3;6;5;0;2;8;6;2;3;1;0;2;1;1;2;3;1;1;1;3;1;1;1;0;1;6;2;1;0;3;1;2;2;0;1;0;0;0;2;0;2;0;0;0;0;0;0;0;0;0;0;0;0;0;0;0;0;0;0;0;0;0;0;0;0;0;0;0
280760005000023;7;667;667;154;112;220;96;13;7;2;0;41;3;5;0;13;0;1;0;0;0;0;11;1;1;1;0;1;1;0;1;1;0;1;3;10;15;18;8;15;9;16;14;15;18;22;16;15;23;19;17;20;19;13;16;15;9;14;15;4;10;8;9;6;8;7;9;13;11;10;8;3;5;8;9;8;10;7;7;5;7;10;4;5;10;3;4;8;5;6;4;8;4;6;1;3;4;2;2;1;1;4;1;1;0;0;1;2;0;2;2;1;0;1;4;0;2;0;0;0;0;0;0;0;1;0;0;0;0;0;0;0;0;0;0
280760005000024;8;611;608;164;106;164;76;25;8;6;1;31;1;11;0;17;0;1;0;0;0;0;13;4;0;2;1;1;0;1;0;2;1;0;1;8;9;19;12;18;12;15;7;10;12;10;18;18;14;18;17;15;15;10;9;14;10;13;9;11;9;12;12;12;11;8;11;7;5;7;6;5;3;5;9;9;4;6;6;4;10;6;9;3;4;5;6;4;2;5;10;4;3;6;5;2;0;2;6;1;4;3;0;2;3;1;0;5;2;1;0;0;2;2;1;0;1;1;0;0;0;1;0;0;1;0;0;0;0;0;0;0;1;0;0
280760005000025;5;313;313;82;57;122;28;0;2;0;0;20;1;0;0;1;0;0;0;0;0;0;3;0;0;0;1;0;1;0;1;0;0;0;0;6;7;5;5;5;4;9;2;7;7;10;10;6;11;10;6;7;7;9;3;7;3;2;5;5;8;4;8;10;4;4;4;4;6;5;4;4;6;4;3;5;6;4;2;2;3;3;0;1;7;2;2;3;1;2;2;1;2;5;1;1;0;0;2;3;3;1;1;1;2;0;1;2;0;2;0;0;0;0;0;0;1;0;0;0;0;0;0;0;0;0;0;0;0;0;0;0;0;0;0
280760005000026;8;389;389;104;71;125;43;3;3;1;1;24;2;6;0;3;2;0;0;1;0;0;11;2;3;0;1;1;1;1;0;1;0;1;0;8;2;10;4;3;6;10;4;8;7;15;14;8;7;7;8;8;15;7;8;11;6;7;5;8;4;5;9;6;7;4;4;3;4;7;10;6;4;1;7;1;2;3;5;7;4;4;2;6;7;3;2;1;6;2;3;4;1;4;3;1;4;1;3;0;0;4;3;2;3;1;2;2;0;0;0;0;0;0;1;0;0;0;0;0;1;0;1;1;0;0;0;0;0;0;0;0;0;0;1
280760005000027;5;727;726;194;128;188;99;10;2;34;1;23;0;31;0;16;1;0;0;0;0;0;15;2;1;3;0;0;0;3;2;1;2;1;0;9;9;14;21;11;17;16;14;10;19;19;23;19;15;25;17;17;16;7;17;23;15;16;11;13;13;10;14;12;16;11;10;5;8;5;5;7;5;13;9;8;10;6;15;6;11;8;7;10;14;4;8;3;4;2;4;1;5;6;3;6;7;4;0;4;2;4;2;1;0;2;2;0;0;0;0;0;3;0;0;0;1;2;0;0;0;0;1;0;0;0;0;0;0;0;0;0;0;0;0
280760005000028;8;417;417;126;83;115;55;10;1;3;0;16;0;2;0;5;0;1;0;0;0;0;7;2;1;0;0;1;0;1;1;0;0;0;1;6;6;3;7;8;7;9;7;9;8;9;13;10;8;10;8;11;5;8;7;7;8;6;4;2;6;6;5;11;5;5;8;6;9;4;6;4;6;5;6;4;8;4;10;7;4;5;6;3;7;6;3;2;6;2;5;1;3;4;1;2;3;1;0;5;3;1;2;4;3;1;1;2;1;1;0;1;1;0;2;0;2;1;0;0;0;1;2;1;0;0;0;0;0;0;0;0;0;0;0
280760005000029;1;581;581;177;119;165;61;7;6;5;0;19;0;7;0;13;1;1;0;0;0;0;9;0;1;1;2;0;0;1;1;1;1;1;0;4;8;7;10;6;8;9;7;10;11;14;12;14;10;9;12;8;9;8;8;17;13;6;8;6;10;13;16;12;13;11;12;12;14;15;9;12;13;8;7;8;7;14;10;5;7;4;5;6;7;4;8;4;8;5;2;2;2;2;2;1;1;4;5;0;7;1;3;4;0;4;0;0;5;3;2;0;2;1;2;1;1;1;0;0;0;0;0;1;0;0;0;0;0;0;0;0;0;0;0
280760005000030;1;820;820;213;132;216;153;11;12;7;2;40;0;14;0;14;2;3;0;1;0;0;15;3;2;2;0;2;2;1;1;0;1;1;0;21;15;14;29;25;20;24;20;24;24;12;18;12;20;15;19;20;12;11;22;18;20;13;18;17;18;17;12;10;13;13;13;7;7;6;12;10;10;10;13;9;13;5;8;8;12;9;6;8;7;4;8;4;5;4;1;3;3;4;2;4;5;3;3;3;4;2;3;2;3;1;3;0;0;1;2;1;1;0;2;1;0;0;0;0;0;0;2;1;0;1;0;0;0;0;0;0;0;0;0
280760005000031;1;748;748;211;129;175;149;8;5;3;1;49;0;5;0;13;0;0;0;0;0;0;16;2;2;0;0;0;1;2;3;2;0;2;2;10;14;17;16;15;16;12;13;16;23;14;14;16;14;20;18;10;14;17;11;11;21;14;13;17;9;24;7;13;13;15;9;14;9;11;11;7;20;5;10;9;11;11;9;7;8;6;6;8;5;8;7;8;11;5;7;1;1;7;4;2;1;5;1;3;2;0;4;2;3;1;0;2;1;0;1;0;3;1;1;1;0;1;1;0;1;1;0;0;0;1;0;0;0;0;0;1;0;0;0
280760005000032;2;715;715;188;123;246;82;0;9;0;2;41;0;7;0;13;3;1;0;0;0;0;12;0;0;0;2;2;0;1;2;3;2;0;0;19;16;19;15;8;15;13;16;27;11;14;27;19;16;18;13;16;10;17;11;10;17;14;14;11;9;11;15;17;22;5;15;7;8;13;10;10;9;15;15;2;4;8;7;8;3;4;7;6;12;4;2;4;6;5;2;1;7;2;7;1;3;1;0;3;2;1;2;2;5;1;0;0;3;2;3;2;0;1;1;2;0;0;0;0;0;0;0;0;0;0;0;0;0;0;0;0;0;0;0
280760005000033;1;520;520;144;92;144;80;9;2;5;0;25;2;8;0;6;1;2;0;0;0;0;3;0;0;0;1;0;0;2;0;0;0;0;0;7;7;12;7;7;14;10;5;12;14;10;7;19;15;10;14;14;7;19;9;9;11;10;13;8;7;14;10;11;11;7;11;7;9;3;10;6;7;8;11;7;7;5;6;4;5;3;4;1;6;3;7;5;4;4;3;2;1;4;2;1;3;4;5;3;1;0;1;1;0;1;1;2;0;0;0;1;2;0;0;1;0;1;0;0;0;2;1;0;0;0;1;0;0;0;0;0;0;0;0
